R 30 4 1 002 1417684842797
R 30 4 1 003 1417684846774
R 30 4 1 004 1417684847426
R 30 4 1 005 1417684847426
R 30 4 1 006 1417684847426
---
W 30 4 1 000 1417684769977
W 30 4 1 001 1417684832679
W 30 4 1 002 1417684837043
W 30 4 1 003 1417684839352
W 30 4 1 004 1417684840096
W 30 4 1 005 1417684841493
W 30 4 1 006 1417684843354
W 30 4 1 007 1417684845666
W 30 4 1 008 1417684846371
W 30 4 1 009 1417684848193
***
R 30 4 1 000 1417686217895
R 30 4 1 002 1417686221892
R 30 4 1 003 1417686224272
R 30 4 1 004 1417686226138
R 30 4 1 005 1417686228392
R 30 4 1 006 1417686228392
---
W 30 4 1 000 1417686209373
W 30 4 1 001 1417686213287
W 30 4 1 002 1417686216654
W 30 4 1 003 1417686218702
W 30 4 1 004 1417686220227
W 30 4 1 005 1417686221774
W 30 4 1 006 1417686223366
W 30 4 1 007 1417686225095
W 30 4 1 008 1417686225463
W 30 4 1 009 1417686227046
***
