R 1 1 1 000 1417005315761
R 1 1 1 001 1417005316895
R 1 1 1 002 1417005318015
R 1 1 1 003 1417005319051
R 1 1 1 004 1417005320120
---
W 1 1 1 000 1417005314206
W 1 1 1 001 1417005316476
W 1 1 1 002 1417005317597
W 1 1 1 003 1417005318648
W 1 1 1 004 1417005319689
W 1 1 1 005 0
W 1 1 1 006 0
W 1 1 1 007 0
W 1 1 1 008 0
W 1 1 1 009 0
***
R 1 1 2 000 1417005382140
R 1 1 2 001 1417005383304
R 1 1 2 002 1417005384373
R 1 1 2 003 1417005385410
R 1 1 2 004 1417005386570
---
W 1 1 2 000 1417005380600
W 1 1 2 001 1417005382879
W 1 1 2 002 1417005383929
W 1 1 2 003 1417005385000
W 1 1 2 004 1417005386041
W 1 1 2 005 1417005387085
W 1 1 2 006 0
W 1 1 2 007 0
W 1 1 2 008 0
W 1 1 2 009 0
***
R 1 1 3 000 1417005448463
R 1 1 3 001 1417005449615
R 1 1 3 002 1417005450672
R 1 1 3 003 1417005451726
R 1 1 3 004 1417005452772
---
W 1 1 3 000 1417005446933
W 1 1 3 001 1417005449186
W 1 1 3 002 1417005450256
W 1 1 3 003 1417005451300
W 1 1 3 004 1417005452341
W 1 1 3 005 0
W 1 1 3 006 0
W 1 1 3 007 0
W 1 1 3 008 0
W 1 1 3 009 0
***
R 1 1 4 000 1417005514655
R 1 1 4 001 1417005515807
R 1 1 4 002 1417005516851
R 1 1 4 003 1417005517888
R 1 1 4 004 1417005519043
---
W 1 1 4 000 1417005513119
W 1 1 4 001 1417005515377
W 1 1 4 002 1417005516435
W 1 1 4 003 1417005517479
W 1 1 4 004 1417005518519
W 1 1 4 005 1417005519558
W 1 1 4 006 0
W 1 1 4 007 0
W 1 1 4 008 0
W 1 1 4 009 0
***
R 1 1 5 000 1417005580964
R 1 1 5 001 1417005582148
R 1 1 5 002 1417005583208
R 1 1 5 003 1417005584223
R 1 1 5 004 1417005585265
---
W 1 1 5 000 1417005579399
W 1 1 5 001 1417005581712
W 1 1 5 002 1417005582776
W 1 1 5 003 1417005583817
W 1 1 5 004 1417005584853
W 1 1 5 005 0
W 1 1 5 006 0
W 1 1 5 007 0
W 1 1 5 008 0
W 1 1 5 009 0
***
R 1 2 2 000 1417005713568
R 1 2 2 001 1417005714287
R 1 2 2 002 1417005715396
R 1 2 2 003 1417005715812
R 1 2 2 004 1417005715812
---
W 1 2 2 000 1417005712096
W 1 2 2 001 1417005713845
W 1 2 2 002 1417005714420
W 1 2 2 003 1417005714966
W 1 2 2 004 1417005715511
W 1 2 2 005 1417005716054
W 1 2 2 006 0
W 1 2 2 007 0
W 1 2 2 008 0
W 1 2 2 009 0
***
R 1 2 3 000 1417005778538
R 1 2 3 001 1417005778568
R 1 2 3 002 1417005778962
R 1 2 3 003 1417005779382
R 1 2 3 004 1417005779927
---
W 1 2 3 000 1417005776173
W 1 2 3 001 1417005777876
W 1 2 3 002 1417005778427
W 1 2 3 003 1417005778972
W 1 2 3 004 1417005779510
W 1 2 3 005 1417005780050
W 1 2 3 006 0
W 1 2 3 007 0
W 1 2 3 008 0
W 1 2 3 009 0
***
R 1 2 4 000 1417005841842
R 1 2 4 001 1417005842513
R 1 2 4 002 1417005843067
R 1 2 4 003 1417005843608
R 1 2 4 004 1417005844183
---
W 1 2 4 000 1417005840287
W 1 2 4 001 1417005842022
W 1 2 4 002 1417005842646
W 1 2 4 003 1417005843198
W 1 2 4 004 1417005843737
W 1 2 4 005 1417005844278
W 1 2 4 006 0
W 1 2 4 007 0
W 1 2 4 008 0
W 1 2 4 009 0
***
R 1 2 5 000 1417005906069
R 1 2 5 001 1417005906829
R 1 2 5 002 1417005907393
R 1 2 5 003 1417005907945
R 1 2 5 004 1417005908496
---
W 1 2 5 000 1417005904535
W 1 2 5 001 1417005906314
W 1 2 5 002 1417005906963
W 1 2 5 003 1417005907521
W 1 2 5 004 1417005908062
W 1 2 5 005 1417005908611
W 1 2 5 006 0
W 1 2 5 007 0
W 1 2 5 008 0
W 1 2 5 009 0
***
R 1 3 1 000 1417005970463
R 1 3 1 001 1417005970903
R 1 3 1 002 1417005971293
R 1 3 1 003 1417005971698
R 1 3 1 004 1417005972169
---
W 1 3 1 000 1417005968858
W 1 3 1 001 1417005970434
W 1 3 1 002 1417005970870
W 1 3 1 003 1417005971264
W 1 3 1 004 1417005971643
W 1 3 1 005 1417005972012
W 1 3 1 006 1417005972389
W 1 3 1 007 0
W 1 3 1 008 0
W 1 3 1 009 0
***
R 1 3 2 000 1417006034120
R 1 3 2 001 1417006034560
R 1 3 2 002 1417006034994
R 1 3 2 003 1417006035404
R 1 3 2 004 1417006035804
---
W 1 3 2 000 1417006032554
W 1 3 2 001 1417006034125
W 1 3 2 002 1417006034576
W 1 3 2 003 1417006034968
W 1 3 2 004 1417006035353
W 1 3 2 005 1417006035734
W 1 3 2 006 1417006036115
W 1 3 2 007 0
W 1 3 2 008 0
W 1 3 2 009 0
***
R 1 3 3 000 1417006097760
R 1 3 3 001 1417006098194
R 1 3 3 002 1417006098627
R 1 3 3 003 1417006099044
R 1 3 3 004 1417006099449
---
W 1 3 3 000 1417006096164
W 1 3 3 001 1417006097749
W 1 3 3 002 1417006098199
W 1 3 3 003 1417006098599
W 1 3 3 004 1417006098981
W 1 3 3 005 1417006099359
W 1 3 3 006 1417006099737
W 1 3 3 007 0
W 1 3 3 008 0
W 1 3 3 009 0
***
R 1 3 4 000 1417006161470
R 1 3 4 001 1417006161914
R 1 3 4 002 1417006162342
R 1 3 4 003 1417006162746
R 1 3 4 004 1417006163161
---
W 1 3 4 000 1417006159882
W 1 3 4 001 1417006161470
W 1 3 4 002 1417006161916
W 1 3 4 003 1417006162311
W 1 3 4 004 1417006162695
W 1 3 4 005 1417006163073
W 1 3 4 006 1417006163459
W 1 3 4 007 0
W 1 3 4 008 0
W 1 3 4 009 0
***
R 1 3 5 000 1417006225109
R 1 3 5 001 1417006225616
R 1 3 5 002 1417006226080
R 1 3 5 003 1417006226500
R 1 3 5 004 1417006226854
---
W 1 3 5 000 1417006223569
W 1 3 5 001 1417006225179
W 1 3 5 002 1417006225659
W 1 3 5 003 1417006226051
W 1 3 5 004 1417006226435
W 1 3 5 005 1417006226809
W 1 3 5 006 1417006227179
W 1 3 5 007 0
W 1 3 5 008 0
W 1 3 5 009 0
***
R 1 4 1 000 1417006288701
R 1 4 1 001 1417006289304
R 1 4 1 002 1417006289304
R 1 4 1 003 1417006289811
R 1 4 1 004 1417006290209
---
W 1 4 1 000 1417006287172
W 1 4 1 001 1417006288686
W 1 4 1 002 1417006288981
W 1 4 1 003 1417006289365
W 1 4 1 004 1417006289663
W 1 4 1 005 1417006289953
W 1 4 1 006 1417006290241
W 1 4 1 007 1417006290530
W 1 4 1 008 0
W 1 4 1 009 0
***
R 1 4 2 000 1417006352178
R 1 4 2 001 1417006352794
R 1 4 2 002 1417006352794
R 1 4 2 003 1417006353210
R 1 4 2 004 1417006353489
---
W 1 4 2 000 1417006350602
W 1 4 2 001 1417006352092
W 1 4 2 002 1417006352459
W 1 4 2 003 1417006352775
W 1 4 2 004 1417006353066
W 1 4 2 005 1417006353360
W 1 4 2 006 1417006353651
W 1 4 2 007 1417006353947
W 1 4 2 008 0
W 1 4 2 009 0
***
R 1 4 3 000 1417006415432
R 1 4 3 001 1417006416008
R 1 4 3 002 1417006416644
R 1 4 3 003 1417006416644
R 1 4 3 004 1417006416837
---
W 1 4 3 000 1417006413902
W 1 4 3 001 1417006415388
W 1 4 3 002 1417006415769
W 1 4 3 003 1417006416083
W 1 4 3 004 1417006416373
W 1 4 3 005 1417006416669
W 1 4 3 006 1417006416963
W 1 4 3 007 1417006417257
W 1 4 3 008 0
W 1 4 3 009 0
***
R 1 4 4 000 1417006478863
R 1 4 4 001 1417006479241
R 1 4 4 002 1417006479632
R 1 4 4 003 1417006480056
R 1 4 4 004 1417006480255
---
W 1 4 4 000 1417006477239
W 1 4 4 001 1417006478792
W 1 4 4 002 1417006479180
W 1 4 4 003 1417006479496
W 1 4 4 004 1417006479789
W 1 4 4 005 1417006480083
W 1 4 4 006 1417006480375
W 1 4 4 007 1417006480673
W 1 4 4 008 0
W 1 4 4 009 0
***
R 1 4 5 000 1417006542211
R 1 4 5 001 1417006542752
R 1 4 5 002 1417006542752
R 1 4 5 003 1417006543212
R 1 4 5 004 1417006543622
---
W 1 4 5 000 1417006540621
W 1 4 5 001 1417006542103
W 1 4 5 002 1417006542489
W 1 4 5 003 1417006542798
W 1 4 5 004 1417006543095
W 1 4 5 005 1417006543392
W 1 4 5 006 1417006543681
W 1 4 5 007 1417006543976
W 1 4 5 008 0
W 1 4 5 009 0
***
R 1 5 1 000 1417006605811
R 1 5 1 001 1417006606164
R 1 5 1 002 1417006606164
R 1 5 1 003 1417006606572
R 1 5 1 004 1417006606988
---
W 1 5 1 000 1417006604068
W 1 5 1 001 1417006605531
W 1 5 1 002 1417006605859
W 1 5 1 003 1417006606155
W 1 5 1 004 1417006606405
W 1 5 1 005 1417006606646
W 1 5 1 006 1417006606889
W 1 5 1 007 1417006607138
W 1 5 1 008 1417006607388
W 1 5 1 009 0
***
R 1 5 2 000 1417006668879
R 1 5 2 001 1417006669545
R 1 5 2 002 1417006669545
R 1 5 2 003 1417006669820
R 1 5 2 004 1417006670262
---
W 1 5 2 000 1417006667316
W 1 5 2 001 1417006668786
W 1 5 2 002 1417006669133
W 1 5 2 003 1417006669400
W 1 5 2 004 1417006669644
W 1 5 2 005 1417006669884
W 1 5 2 006 1417006670127
W 1 5 2 007 1417006670374
W 1 5 2 008 1417006670627
W 1 5 2 009 0
***
R 1 5 3 000 1417006732215
R 1 5 3 001 1417006732750
R 1 5 3 002 1417006732750
R 1 5 3 003 1417006733154
R 1 5 3 004 1417006733558
---
W 1 5 3 000 1417006730662
W 1 5 3 001 1417006732119
W 1 5 3 002 1417006732461
W 1 5 3 003 1417006732729
W 1 5 3 004 1417006732979
W 1 5 3 005 1417006733228
W 1 5 3 006 1417006733466
W 1 5 3 007 1417006733712
W 1 5 3 008 1417006733967
W 1 5 3 009 0
***
R 1 5 4 000 1417006795587
R 1 5 4 001 1417006796138
R 1 5 4 002 1417006796138
R 1 5 4 003 1417006796547
R 1 5 4 004 1417006796746
---
W 1 5 4 000 1417006794023
W 1 5 4 001 1417006795470
W 1 5 4 002 1417006795798
W 1 5 4 003 1417006796073
W 1 5 4 004 1417006796323
W 1 5 4 005 1417006796569
W 1 5 4 006 1417006796817
W 1 5 4 007 1417006797058
W 1 5 4 008 1417006797309
W 1 5 4 009 0
***
R 1 5 5 000 1417006887701
R 1 5 5 001 1417006888251
R 1 5 5 002 1417006888251
R 1 5 5 003 1417006888656
R 1 5 5 004 1417006888862
---
W 1 5 5 000 1417006886114
W 1 5 5 001 1417006887595
W 1 5 5 002 1417006887919
W 1 5 5 003 1417006888184
W 1 5 5 004 1417006888435
W 1 5 5 005 1417006888679
W 1 5 5 006 1417006888917
W 1 5 5 007 1417006889165
W 1 5 5 008 1417006889415
W 1 5 5 009 0
***
W 1 6 1 000 1417006950837
W 1 6 1 001 1417006951364
W 1 6 1 002 1417006951545
W 1 6 1 003 1417006951727
W 1 6 1 004 1417006951907
W 1 6 1 005 1417006952091
W 1 6 1 006 1417006952272
W 1 6 1 007 1417006952453
W 1 6 1 008 1417006952632
W 1 6 1 009 1417006952812
***
R 1 6 2 000 1417007131813
R 1 6 2 001 1417007132633
R 1 6 2 002 1417007132633
R 1 6 2 003 1417007133044
R 1 6 2 004 1417007133044
R 1 6 2 005 1417007133044
---
W 1 6 2 000 1417007130235
W 1 6 2 001 1417007131630
W 1 6 2 002 1417007131845
W 1 6 2 003 1417007132056
W 1 6 2 004 1417007132285
W 1 6 2 005 1417007132486
W 1 6 2 006 1417007132690
W 1 6 2 007 1417007132898
W 1 6 2 008 1417007133101
W 1 6 2 009 1417007133310
***
R 1 6 3 000 1417007195030
R 1 6 3 001 1417007196133
R 1 6 3 002 1417007196357
R 1 6 3 003 1417007196757
R 1 6 3 004 1417007196757
---
W 1 6 3 000 1417007193436
W 1 6 3 001 1417007195686
W 1 6 3 002 1417007195927
W 1 6 3 003 1417007196151
W 1 6 3 004 1417007196357
W 1 6 3 005 1417007196563
W 1 6 3 006 1417007196770
W 1 6 3 007 1417007196994
W 1 6 3 008 1417007197203
W 1 6 3 009 0
***
R 1 6 4 000 1417007258842
R 1 6 4 001 1417007259346
R 1 6 4 002 1417007259346
R 1 6 4 003 1417007259746
R 1 6 4 004 1417007260153
R 1 6 4 005 1417007260153
---
W 1 6 4 000 1417007257276
W 1 6 4 001 1417007258714
W 1 6 4 002 1417007259044
W 1 6 4 003 1417007259274
W 1 6 4 004 1417007259483
W 1 6 4 005 1417007259698
W 1 6 4 006 1417007259908
W 1 6 4 007 1417007260113
W 1 6 4 008 1417007260327
W 1 6 4 009 1417007260544
***
R 1 6 5 000 1417007322315
R 1 6 5 001 1417007322821
R 1 6 5 002 1417007322821
R 1 6 5 003 1417007323246
R 1 6 5 004 1417007323655
R 1 6 5 005 1417007323655
---
W 1 6 5 000 1417007320746
W 1 6 5 001 1417007322198
W 1 6 5 002 1417007322498
W 1 6 5 003 1417007322753
W 1 6 5 004 1417007322968
W 1 6 5 005 1417007323177
W 1 6 5 006 1417007323386
W 1 6 5 007 1417007323600
W 1 6 5 008 1417007323807
W 1 6 5 009 1417007324021
***
R 1 7 1 000 1417007385716
R 1 7 1 001 1417007386120
R 1 7 1 002 1417007386120
R 1 7 1 003 1417007386523
R 1 7 1 004 1417007386523
---
W 1 7 1 000 1417007384074
W 1 7 1 001 1417007385489
W 1 7 1 002 1417007385750
W 1 7 1 003 1417007385958
W 1 7 1 004 1417007386141
W 1 7 1 005 1417007386326
W 1 7 1 006 1417007386506
W 1 7 1 007 1417007386693
W 1 7 1 008 1417007386875
W 1 7 1 009 1417007387068
***
R 1 7 2 000 1417007448992
R 1 7 2 001 1417007449366
R 1 7 2 002 1417007449557
R 1 7 2 003 1417007449557
R 1 7 2 004 1417007449856
R 1 7 2 005 1417007449856
---
W 1 7 2 000 1417007447147
W 1 7 2 001 1417007448856
W 1 7 2 002 1417007449056
W 1 7 2 003 1417007449249
W 1 7 2 004 1417007449428
W 1 7 2 005 1417007449617
W 1 7 2 006 1417007449796
W 1 7 2 007 1417007449986
W 1 7 2 008 1417007450174
W 1 7 2 009 1417007450352
***
R 1 7 3 000 1417007512182
R 1 7 3 001 1417007512542
R 1 7 3 002 1417007512740
R 1 7 3 003 1417007512740
R 1 7 3 004 1417007513285
R 1 7 3 005 1417007513285
R 1 7 3 006 1417007513285
---
W 1 7 3 000 1417007510380
W 1 7 3 001 1417007512091
W 1 7 3 002 1417007512305
W 1 7 3 003 1417007512496
W 1 7 3 004 1417007512676
W 1 7 3 005 1417007512874
W 1 7 3 006 1417007513050
W 1 7 3 007 1417007513230
W 1 7 3 008 1417007513417
W 1 7 3 009 1417007513595
***
R 1 7 4 000 1417007575499
R 1 7 4 001 1417007575872
R 1 7 4 002 1417007576070
R 1 7 4 003 1417007576070
R 1 7 4 004 1417007576562
R 1 7 4 005 1417007576562
R 1 7 4 006 1417007576562
---
W 1 7 4 000 1417007573677
W 1 7 4 001 1417007575360
W 1 7 4 002 1417007575564
W 1 7 4 003 1417007575766
W 1 7 4 004 1417007575947
W 1 7 4 005 1417007576133
W 1 7 4 006 1417007576313
W 1 7 4 007 1417007576498
W 1 7 4 008 1417007576693
W 1 7 4 009 1417007576869
***
R 1 7 5 000 1417007638810
R 1 7 5 001 1417007639227
R 1 7 5 002 1417007639635
R 1 7 5 003 1417007639635
R 1 7 5 004 1417007639635
---
W 1 7 5 000 1417007636995
W 1 7 5 001 1417007638724
W 1 7 5 002 1417007638954
W 1 7 5 003 1417007639158
W 1 7 5 004 1417007639340
W 1 7 5 005 1417007639520
W 1 7 5 006 1417007639698
W 1 7 5 007 1417007639885
W 1 7 5 008 1417007640070
W 1 7 5 009 0
***
R 1 8 1 000 1417007702144
R 1 8 1 001 1417007702522
R 1 8 1 002 1417007702522
R 1 8 1 003 1417007702522
R 1 8 1 004 1417007702916
R 1 8 1 005 1417007702916
---
W 1 8 1 000 1417007700159
W 1 8 1 001 1417007701860
W 1 8 1 002 1417007702046
W 1 8 1 003 1417007702246
W 1 8 1 004 1417007702413
W 1 8 1 005 1417007702584
W 1 8 1 006 1417007702752
W 1 8 1 007 1417007702918
W 1 8 1 008 1417007703104
W 1 8 1 009 1417007703265
***
R 1 8 2 000 1417007764918
R 1 8 2 001 1417007766018
R 1 8 2 002 1417007766413
R 1 8 2 003 1417007766413
R 1 8 2 004 1417007766624
R 1 8 2 005 1417007766624
---
W 1 8 2 000 1417007763282
W 1 8 2 001 1417007765575
W 1 8 2 002 1417007765805
W 1 8 2 003 1417007766013
W 1 8 2 004 1417007766178
W 1 8 2 005 1417007766348
W 1 8 2 006 1417007766509
W 1 8 2 007 1417007766675
W 1 8 2 008 1417007766855
W 1 8 2 009 1417007767014
***
R 1 8 3 000 1417007829854
R 1 8 3 001 1417007830279
R 1 8 3 002 1417007830279
R 1 8 3 003 1417007830279
R 1 8 3 004 1417007830692
R 1 8 3 005 1417007830692
---
W 1 8 3 000 1417007828213
W 1 8 3 001 1417007829640
W 1 8 3 002 1417007829825
W 1 8 3 003 1417007830025
W 1 8 3 004 1417007830189
W 1 8 3 005 1417007830364
W 1 8 3 006 1417007830530
W 1 8 3 007 1417007830709
W 1 8 3 008 1417007830887
W 1 8 3 009 1417007831048
***
R 1 8 4 000 1417007892873
R 1 8 4 001 1417007893297
R 1 8 4 002 1417007893297
R 1 8 4 003 1417007893297
R 1 8 4 004 1417007893698
R 1 8 4 005 1417007893698
---
W 1 8 4 000 1417007891231
W 1 8 4 001 1417007892645
W 1 8 4 002 1417007892845
W 1 8 4 003 1417007893035
W 1 8 4 004 1417007893199
W 1 8 4 005 1417007893393
W 1 8 4 006 1417007893559
W 1 8 4 007 1417007893729
W 1 8 4 008 1417007893907
W 1 8 4 009 1417007894071
***
R 1 8 5 000 1417007955743
R 1 8 5 001 1417007956270
R 1 8 5 002 1417007956270
R 1 8 5 003 1417007956270
R 1 8 5 004 1417007956665
R 1 8 5 005 1417007956665
---
W 1 8 5 000 1417007954206
W 1 8 5 001 1417007955584
W 1 8 5 002 1417007955813
W 1 8 5 003 1417007955992
W 1 8 5 004 1417007956156
W 1 8 5 005 1417007956341
W 1 8 5 006 1417007956503
W 1 8 5 007 1417007956670
W 1 8 5 008 1417007956838
W 1 8 5 009 1417007956997
***
R 1 9 1 000 1417008018731
R 1 9 1 001 1417008019237
R 1 9 1 002 1417008019237
R 1 9 1 003 1417008019627
R 1 9 1 004 1417008019627
R 1 9 1 005 1417008019627
---
W 1 9 1 000 1417008016954
W 1 9 1 001 1417008018614
W 1 9 1 002 1417008018814
W 1 9 1 003 1417008018977
W 1 9 1 004 1417008019134
W 1 9 1 005 1417008019285
W 1 9 1 006 1417008019429
W 1 9 1 007 1417008019584
W 1 9 1 008 1417008019738
W 1 9 1 009 1417008019884
***
R 1 9 2 000 1417008664725
R 1 9 2 001 1417008665205
R 1 9 2 002 1417008665205
R 1 9 2 003 1417008665205
R 1 9 2 004 1417008665665
R 1 9 2 005 1417008665665
---
W 1 9 2 000 1417008663164
W 1 9 2 001 1417008664525
W 1 9 2 002 1417008664741
W 1 9 2 003 1417008664913
W 1 9 2 004 1417008665081
W 1 9 2 005 1417008665230
W 1 9 2 006 1417008665385
W 1 9 2 007 1417008665533
W 1 9 2 008 1417008665680
W 1 9 2 009 1417008665832
***
W 1 9 3 000 1417008725729
W 1 9 3 001 1417008727093
W 1 9 3 002 1417008727315
W 1 9 3 003 1417008727509
W 1 9 3 004 1417008727659
W 1 9 3 005 1417008727815
W 1 9 3 006 1417008727970
W 1 9 3 007 1417008728125
W 1 9 3 008 1417008728280
W 1 9 3 009 1417008728427
***
R 1 9 4 000 1417008906532
R 1 9 4 001 1417008906933
R 1 9 4 002 1417008906933
R 1 9 4 003 1417008907355
R 1 9 4 004 1417008907355
R 1 9 4 005 1417008907355
---
W 1 9 4 000 1417008904867
W 1 9 4 001 1417008906316
W 1 9 4 002 1417008906567
W 1 9 4 003 1417008906738
W 1 9 4 004 1417008906892
W 1 9 4 005 1417008907051
W 1 9 4 006 1417008907201
W 1 9 4 007 1417008907355
W 1 9 4 008 1417008907508
W 1 9 4 009 1417008907671
***
R 1 9 5 000 1417008969222
R 1 9 5 001 1417008969642
R 1 9 5 002 1417008969642
R 1 9 5 003 1417008970031
R 1 9 5 004 1417008970031
R 1 9 5 005 1417008970031
---
W 1 9 5 000 1417008967656
W 1 9 5 001 1417008969005
W 1 9 5 002 1417008969255
W 1 9 5 003 1417008969425
W 1 9 5 004 1417008969578
W 1 9 5 005 1417008969739
W 1 9 5 006 1417008969892
W 1 9 5 007 1417008970044
W 1 9 5 008 1417008970202
W 1 9 5 009 1417008970369
***
R 1 10 1 000 1417009031867
R 1 10 1 001 1417009032232
R 1 10 1 002 1417009032232
R 1 10 1 003 1417009032232
R 1 10 1 004 1417009032649
R 1 10 1 005 1417009032649
R 1 10 1 006 1417009032649
---
W 1 10 1 000 1417009030285
W 1 10 1 001 1417009031602
W 1 10 1 002 1417009031751
W 1 10 1 003 1417009031894
W 1 10 1 004 1417009032033
W 1 10 1 005 1417009032174
W 1 10 1 006 1417009032323
W 1 10 1 007 1417009032473
W 1 10 1 008 1417009032611
W 1 10 1 009 1417009032752
***
R 1 10 2 000 1417009094254
R 1 10 2 001 1417009094804
R 1 10 2 002 1417009094804
R 1 10 2 003 1417009094804
R 1 10 2 004 1417009094974
R 1 10 2 005 1417009094974
---
W 1 10 2 000 1417009092688
W 1 10 2 001 1417009094052
W 1 10 2 002 1417009094272
W 1 10 2 003 1417009094426
W 1 10 2 004 1417009094568
W 1 10 2 005 1417009094712
W 1 10 2 006 1417009094857
W 1 10 2 007 1417009095000
W 1 10 2 008 1417009095142
W 1 10 2 009 1417009095292
***
R 1 10 3 000 1417009156748
R 1 10 3 001 1417009157171
R 1 10 3 002 1417009157171
R 1 10 3 003 1417009157586
R 1 10 3 004 1417009157586
R 1 10 3 005 1417009157586
---
W 1 10 3 000 1417009155183
W 1 10 3 001 1417009156551
W 1 10 3 002 1417009156819
W 1 10 3 003 1417009156971
W 1 10 3 004 1417009157115
W 1 10 3 005 1417009157270
W 1 10 3 006 1417009157413
W 1 10 3 007 1417009157551
W 1 10 3 008 1417009157690
W 1 10 3 009 1417009157846
***
R 1 10 4 000 1417009219345
R 1 10 4 001 1417009219794
R 1 10 4 002 1417009219794
R 1 10 4 003 1417009220398
R 1 10 4 004 1417009220398
R 1 10 4 005 1417009220398
---
W 1 10 4 000 1417009217794
W 1 10 4 001 1417009219175
W 1 10 4 002 1417009219327
W 1 10 4 003 1417009219558
W 1 10 4 004 1417009219743
W 1 10 4 005 1417009219910
W 1 10 4 006 1417009220054
W 1 10 4 007 1417009220201
W 1 10 4 008 1417009220351
W 1 10 4 009 1417009220501
***
R 1 10 5 000 1417009282024
R 1 10 5 001 1417009282472
R 1 10 5 002 1417009282472
R 1 10 5 003 1417009282868
R 1 10 5 004 1417009282868
R 1 10 5 005 1417009282868
---
W 1 10 5 000 1417009280463
W 1 10 5 001 1417009281807
W 1 10 5 002 1417009282054
W 1 10 5 003 1417009282212
W 1 10 5 004 1417009282365
W 1 10 5 005 1417009282527
W 1 10 5 006 1417009282671
W 1 10 5 007 1417009282823
W 1 10 5 008 1417009282982
W 1 10 5 009 1417009283127
***
R 2 1 1 000 1417009587397
R 2 1 1 001 1417009587397
R 2 1 1 002 1417009587397
R 2 1 1 003 1417009587397
R 2 1 1 004 1417009587397
---
W 2 1 1 000 1417009587374
W 2 1 1 001 1417009588560
W 2 1 1 002 0
W 2 1 1 003 0
W 2 1 1 004 0
W 2 1 1 005 0
W 2 1 1 006 0
W 2 1 1 007 0
W 2 1 1 008 0
W 2 1 1 009 0
***
R 2 1 2 000 1417009651567
R 2 1 2 001 1417009652793
R 2 1 2 002 1417009653652
R 2 1 2 003 1417009654723
R 2 1 2 004 1417009655749
---
W 2 1 2 000 1417009651044
W 2 1 2 001 1417009652184
W 2 1 2 002 1417009653243
W 2 1 2 003 1417009654286
W 2 1 2 004 1417009655324
W 2 1 2 005 1417009656370
W 2 1 2 006 0
W 2 1 2 007 0
W 2 1 2 008 0
W 2 1 2 009 0
***
R 2 1 3 000 1417009719312
R 2 1 3 001 1417009720555
R 2 1 3 002 1417009721578
R 2 1 3 003 1417009722443
R 2 1 3 004 1417009723696
---
W 2 1 3 000 1417009718760
W 2 1 3 001 1417009719929
W 2 1 3 002 1417009721001
W 2 1 3 003 1417009722044
W 2 1 3 004 1417009723086
W 2 1 3 005 1417009724131
W 2 1 3 006 0
W 2 1 3 007 0
W 2 1 3 008 0
W 2 1 3 009 0
***
R 2 1 4 000 1417009787275
R 2 1 4 001 1417009788385
R 2 1 4 002 1417009789401
R 2 1 4 003 1417009790447
R 2 1 4 004 1417009791498
---
W 2 1 4 000 1417009786751
W 2 1 4 001 1417009787923
W 2 1 4 002 1417009788998
W 2 1 4 003 1417009790043
W 2 1 4 004 1417009791086
W 2 1 4 005 1417009792133
W 2 1 4 006 0
W 2 1 4 007 0
W 2 1 4 008 0
W 2 1 4 009 0
***
R 2 1 5 000 1417009864815
R 2 1 5 001 1417009865032
R 2 1 5 002 1417009865032
R 2 1 5 003 1417009865032
R 2 1 5 004 1417009865639
---
W 2 1 5 000 1417009856077
W 2 1 5 001 1417009861951
W 2 1 5 002 1417009863016
W 2 1 5 003 1417009864064
W 2 1 5 004 1417009865102
W 2 1 5 005 1417009866141
W 2 1 5 006 0
W 2 1 5 007 0
W 2 1 5 008 0
W 2 1 5 009 0
***
R 2 2 1 000 1417009929483
R 2 2 1 001 1417009930028
R 2 2 1 002 1417009930687
R 2 2 1 003 1417009931129
R 2 2 1 004 1417009931676
---
W 2 2 1 000 1417009928974
W 2 2 1 001 1417009929601
W 2 2 1 002 1417009930167
W 2 2 1 003 1417009930722
W 2 2 1 004 1417009931268
W 2 2 1 005 1417009931821
W 2 2 1 006 1417009932370
W 2 2 1 007 0
W 2 2 1 008 0
W 2 2 1 009 0
***
R 2 2 2 000 1417009995225
R 2 2 2 001 1417009995796
R 2 2 2 002 1417009996479
R 2 2 2 003 1417009996874
R 2 2 2 004 1417009997431
---
W 2 2 2 000 1417009994716
W 2 2 2 001 1417009995354
W 2 2 2 002 1417009995923
W 2 2 2 003 1417009996478
W 2 2 2 004 1417009997028
W 2 2 2 005 1417009997576
W 2 2 2 006 1417009998118
W 2 2 2 007 0
W 2 2 2 008 0
W 2 2 2 009 0
***
R 2 2 3 000 1417010061060
R 2 2 3 001 1417010061670
R 2 2 3 002 1417010062293
R 2 2 3 003 1417010062754
R 2 2 3 004 1417010063288
---
W 2 2 3 000 1417010060527
W 2 2 3 001 1417010061200
W 2 2 3 002 1417010061782
W 2 2 3 003 1417010062335
W 2 2 3 004 1417010062885
W 2 2 3 005 1417010063433
W 2 2 3 006 1417010063999
W 2 2 3 007 0
W 2 2 3 008 0
W 2 2 3 009 0
***
R 2 2 4 000 1417010126925
R 2 2 4 001 1417010127643
R 2 2 4 002 1417010128119
R 2 2 4 003 1417010128546
R 2 2 4 004 1417010129092
---
W 2 2 4 000 1417010126361
W 2 2 4 001 1417010127033
W 2 2 4 002 1417010127590
W 2 2 4 003 1417010128140
W 2 2 4 004 1417010128693
W 2 2 4 005 1417010129234
W 2 2 4 006 1417010129782
W 2 2 4 007 0
W 2 2 4 008 0
W 2 2 4 009 0
***
R 2 2 5 000 1417010192676
R 2 2 5 001 1417010193242
R 2 2 5 002 1417010193853
R 2 2 5 003 1417010194523
R 2 2 5 004 1417010195067
---
W 2 2 5 000 1417010192115
W 2 2 5 001 1417010192801
W 2 2 5 002 1417010193384
W 2 2 5 003 1417010193929
W 2 2 5 004 1417010194471
W 2 2 5 005 1417010195021
W 2 2 5 006 1417010195576
W 2 2 5 007 1417010196113
W 2 2 5 008 0
W 2 2 5 009 0
***
R 2 3 1 000 1417010258669
R 2 3 1 001 1417010259043
R 2 3 1 002 1417010259446
R 2 3 1 003 1417010259863
R 2 3 1 004 1417010260162
---
W 2 3 1 000 1417010258119
W 2 3 1 001 1417010258603
W 2 3 1 002 1417010258985
W 2 3 1 003 1417010259372
W 2 3 1 004 1417010259754
W 2 3 1 005 1417010260132
W 2 3 1 006 1417010260505
W 2 3 1 007 1417010260891
W 2 3 1 008 1417010261274
W 2 3 1 009 0
***
R 2 3 2 000 1417010323932
R 2 3 2 001 1417010324301
R 2 3 2 002 1417010324560
R 2 3 2 003 1417010324976
R 2 3 2 004 1417010325386
---
W 2 3 2 000 1417010323275
W 2 3 2 001 1417010323754
W 2 3 2 002 1417010324146
W 2 3 2 003 1417010324530
W 2 3 2 004 1417010324912
W 2 3 2 005 1417010325288
W 2 3 2 006 1417010325672
W 2 3 2 007 1417010326052
W 2 3 2 008 1417010326443
W 2 3 2 009 0
***
R 2 3 3 000 1417010389012
R 2 3 3 001 1417010389394
R 2 3 3 002 1417010389795
R 2 3 3 003 1417010390216
R 2 3 3 004 1417010390863
---
W 2 3 3 000 1417010388475
W 2 3 3 001 1417010388957
W 2 3 3 002 1417010389340
W 2 3 3 003 1417010389739
W 2 3 3 004 1417010390124
W 2 3 3 005 1417010390500
W 2 3 3 006 1417010390873
W 2 3 3 007 1417010391256
W 2 3 3 008 1417010391630
W 2 3 3 009 0
***
R 2 3 4 000 1417010454501
R 2 3 4 001 1417010454857
R 2 3 4 002 1417010455358
R 2 3 4 003 1417010455775
R 2 3 4 004 1417010456021
---
W 2 3 4 000 1417010453961
W 2 3 4 001 1417010454432
W 2 3 4 002 1417010454816
W 2 3 4 003 1417010455204
W 2 3 4 004 1417010455585
W 2 3 4 005 1417010455958
W 2 3 4 006 1417010456357
W 2 3 4 007 1417010456741
W 2 3 4 008 1417010457119
W 2 3 4 009 0
***
R 2 3 5 000 1417010520544
R 2 3 5 001 1417010520896
R 2 3 5 002 1417010521302
R 2 3 5 003 1417010521704
R 2 3 5 004 1417010522120
---
W 2 3 5 000 1417010519997
W 2 3 5 001 1417010520472
W 2 3 5 002 1417010520860
W 2 3 5 003 1417010521244
W 2 3 5 004 1417010521627
W 2 3 5 005 1417010522008
W 2 3 5 006 1417010522386
W 2 3 5 007 1417010522786
W 2 3 5 008 1417010523161
W 2 3 5 009 0
***
W 2 4 1 000 1417010587302
W 2 4 1 001 1417010587599
W 2 4 1 002 1417010587872
W 2 4 1 003 1417010588137
W 2 4 1 004 1417010588409
W 2 4 1 005 1417010588683
W 2 4 1 006 1417010588947
W 2 4 1 007 1417010589214
W 2 4 1 008 1417010589484
W 2 4 1 009 1417010589754
***
R 2 4 2 000 1417010770719
R 2 4 2 001 1417010771091
R 2 4 2 002 1417010771288
R 2 4 2 003 1417010771976
R 2 4 2 004 1417010771976
---
W 2 4 2 000 1417010770169
W 2 4 2 001 1417010770582
W 2 4 2 002 1417010770891
W 2 4 2 003 1417010771184
W 2 4 2 004 1417010771484
W 2 4 2 005 1417010771773
W 2 4 2 006 1417010772059
W 2 4 2 007 1417010772355
W 2 4 2 008 1417010772650
W 2 4 2 009 1417010772950
***
R 2 4 3 000 1417010835768
R 2 4 3 001 1417010836136
R 2 4 3 002 1417010836545
R 2 4 3 003 1417010837061
R 2 4 3 004 1417010837061
---
W 2 4 3 000 1417010835243
W 2 4 3 001 1417010835672
W 2 4 3 002 1417010836000
W 2 4 3 003 1417010836296
W 2 4 3 004 1417010836605
W 2 4 3 005 1417010836896
W 2 4 3 006 1417010837198
W 2 4 3 007 1417010837487
W 2 4 3 008 1417010837782
W 2 4 3 009 1417010838074
***
R 2 4 4 000 1417010902150
R 2 4 4 001 1417010902549
R 2 4 4 002 1417010902751
R 2 4 4 003 1417010903430
R 2 4 4 004 1417010903430
---
W 2 4 4 000 1417010901614
W 2 4 4 001 1417010902007
W 2 4 4 002 1417010902340
W 2 4 4 003 1417010902648
W 2 4 4 004 1417010902953
W 2 4 4 005 1417010903240
W 2 4 4 006 1417010903540
W 2 4 4 007 1417010903823
W 2 4 4 008 1417010904128
W 2 4 4 009 1417010904415
***
R 2 4 5 000 1417010967059
R 2 4 5 001 1417010967434
R 2 4 5 002 1417010967628
R 2 4 5 003 1417010968051
R 2 4 5 004 1417010968251
---
W 2 4 5 000 1417010966523
W 2 4 5 001 1417010966922
W 2 4 5 002 1417010967225
W 2 4 5 003 1417010967520
W 2 4 5 004 1417010967825
W 2 4 5 005 1417010968106
W 2 4 5 006 1417010968399
W 2 4 5 007 1417010968698
W 2 4 5 008 1417010968992
W 2 4 5 009 1417010969281
***
R 2 5 1 000 1417011032237
R 2 5 1 001 1417011032627
R 2 5 1 002 1417011033029
R 2 5 1 003 1417011033029
R 2 5 1 004 1417011033230
---
W 2 5 1 000 1417011031727
W 2 5 1 001 1417011032064
W 2 5 1 002 1417011032318
W 2 5 1 003 1417011032571
W 2 5 1 004 1417011032828
W 2 5 1 005 1417011033072
W 2 5 1 006 1417011033310
W 2 5 1 007 1417011033559
W 2 5 1 008 1417011033795
W 2 5 1 009 1417011034031
***
R 2 5 2 000 1417011096987
R 2 5 2 001 1417011097378
R 2 5 2 002 1417011097574
R 2 5 2 003 1417011098005
R 2 5 2 004 1417011098005
---
W 2 5 2 000 1417011096465
W 2 5 2 001 1417011096814
W 2 5 2 002 1417011097064
W 2 5 2 003 1417011097306
W 2 5 2 004 1417011097557
W 2 5 2 005 1417011097803
W 2 5 2 006 1417011098040
W 2 5 2 007 1417011098287
W 2 5 2 008 1417011098528
W 2 5 2 009 1417011098765
***
R 2 5 3 000 1417011161915
R 2 5 3 001 1417011162316
R 2 5 3 002 1417011162608
R 2 5 3 003 1417011162608
R 2 5 3 004 1417011163028
---
W 2 5 3 000 1417011161392
W 2 5 3 001 1417011161732
W 2 5 3 002 1417011161990
W 2 5 3 003 1417011162242
W 2 5 3 004 1417011162497
W 2 5 3 005 1417011162741
W 2 5 3 006 1417011162977
W 2 5 3 007 1417011163233
W 2 5 3 008 1417011163475
W 2 5 3 009 1417011163708
***
R 2 5 4 000 1417011226557
R 2 5 4 001 1417011226929
R 2 5 4 002 1417011227329
R 2 5 4 003 1417011227531
R 2 5 4 004 1417011228008
R 2 5 4 005 1417011228008
---
W 2 5 4 000 1417011225989
W 2 5 4 001 1417011226442
W 2 5 4 002 1417011226725
W 2 5 4 003 1417011226968
W 2 5 4 004 1417011227220
W 2 5 4 005 1417011227473
W 2 5 4 006 1417011227718
W 2 5 4 007 1417011227951
W 2 5 4 008 1417011228202
W 2 5 4 009 1417011228445
***
R 2 5 5 000 1417011291412
R 2 5 5 001 1417011291801
R 2 5 5 002 1417011292151
R 2 5 5 003 1417011292151
R 2 5 5 004 1417011292772
---
W 2 5 5 000 1417011290858
W 2 5 5 001 1417011291267
W 2 5 5 002 1417011291536
W 2 5 5 003 1417011291794
W 2 5 5 004 1417011292037
W 2 5 5 005 1417011292277
W 2 5 5 006 1417011292514
W 2 5 5 007 1417011292757
W 2 5 5 008 1417011293002
W 2 5 5 009 1417011293244
***
R 2 6 1 000 1417011356450
R 2 6 1 001 1417011356825
R 2 6 1 002 1417011357066
R 2 6 1 003 1417011357066
R 2 6 1 004 1417011357488
---
W 2 6 1 000 1417011355910
W 2 6 1 001 1417011356223
W 2 6 1 002 1417011356444
W 2 6 1 003 1417011356661
W 2 6 1 004 1417011356874
W 2 6 1 005 1417011357078
W 2 6 1 006 1417011357291
W 2 6 1 007 1417011357505
W 2 6 1 008 1417011357721
W 2 6 1 009 1417011357920
***
R 2 6 2 000 1417011421848
R 2 6 2 001 1417011422229
R 2 6 2 002 1417011422470
R 2 6 2 003 1417011422470
R 2 6 2 004 1417011422902
---
W 2 6 2 000 1417011421310
W 2 6 2 001 1417011421625
W 2 6 2 002 1417011421846
W 2 6 2 003 1417011422069
W 2 6 2 004 1417011422290
W 2 6 2 005 1417011422497
W 2 6 2 006 1417011422713
W 2 6 2 007 1417011422924
W 2 6 2 008 1417011423165
W 2 6 2 009 1417011423364
***
R 2 6 3 000 1417011486344
R 2 6 3 001 1417011486497
R 2 6 3 002 1417011487100
R 2 6 3 003 1417011487100
R 2 6 3 004 1417011487336
R 2 6 3 005 1417011487336
---
W 2 6 3 000 1417011485753
W 2 6 3 001 1417011486066
W 2 6 3 002 1417011486290
W 2 6 3 003 1417011486507
W 2 6 3 004 1417011486722
W 2 6 3 005 1417011486936
W 2 6 3 006 1417011487146
W 2 6 3 007 1417011487371
W 2 6 3 008 1417011487582
W 2 6 3 009 1417011487782
***
R 2 6 4 000 1417011550704
R 2 6 4 001 1417011551088
R 2 6 4 002 1417011551324
R 2 6 4 003 1417011551324
R 2 6 4 004 1417011551749
---
W 2 6 4 000 1417011550175
W 2 6 4 001 1417011550478
W 2 6 4 002 1417011550695
W 2 6 4 003 1417011550913
W 2 6 4 004 1417011551121
W 2 6 4 005 1417011551345
W 2 6 4 006 1417011551555
W 2 6 4 007 1417011551760
W 2 6 4 008 1417011551966
W 2 6 4 009 1417011552165
***
R 2 6 5 000 1417011616032
R 2 6 5 001 1417011616410
R 2 6 5 002 1417011616651
R 2 6 5 003 1417011616651
R 2 6 5 004 1417011617068
---
W 2 6 5 000 1417011615493
W 2 6 5 001 1417011615807
W 2 6 5 002 1417011616033
W 2 6 5 003 1417011616252
W 2 6 5 004 1417011616467
W 2 6 5 005 1417011616676
W 2 6 5 006 1417011616895
W 2 6 5 007 1417011617115
W 2 6 5 008 1417011617323
W 2 6 5 009 1417011617519
***
R 2 7 1 000 1417011680682
R 2 7 1 001 1417011681022
R 2 7 1 002 1417011681240
R 2 7 1 003 1417011681240
R 2 7 1 004 1417011681240
---
W 2 7 1 000 1417011680097
W 2 7 1 001 1417011680389
W 2 7 1 002 1417011680591
W 2 7 1 003 1417011680788
W 2 7 1 004 1417011680970
W 2 7 1 005 1417011681163
W 2 7 1 006 1417011681356
W 2 7 1 007 1417011681551
W 2 7 1 008 1417011681736
W 2 7 1 009 1417011681906
***
R 2 7 2 000 1417011745246
R 2 7 2 001 1417011745631
R 2 7 2 002 1417011745631
R 2 7 2 003 1417011745808
R 2 7 2 004 1417011746224
R 2 7 2 005 1417011746224
R 2 7 2 006 1417011746224
---
W 2 7 2 000 1417011744598
W 2 7 2 001 1417011744867
W 2 7 2 002 1417011745125
W 2 7 2 003 1417011745346
W 2 7 2 004 1417011745536
W 2 7 2 005 1417011745732
W 2 7 2 006 1417011745925
W 2 7 2 007 1417011746113
W 2 7 2 008 1417011746321
W 2 7 2 009 1417011746496
***
R 2 7 3 000 1417011812058
R 2 7 3 001 1417011812431
R 2 7 3 002 1417011812686
R 2 7 3 003 1417011812686
R 2 7 3 004 1417011813120
R 2 7 3 005 1417011813120
---
W 2 7 3 000 1417011811513
W 2 7 3 001 1417011811800
W 2 7 3 002 1417011812066
W 2 7 3 003 1417011812279
W 2 7 3 004 1417011812473
W 2 7 3 005 1417011812665
W 2 7 3 006 1417011812856
W 2 7 3 007 1417011813048
W 2 7 3 008 1417011813247
W 2 7 3 009 1417011813443
***
W 2 7 4 000 1417011997985
W 2 7 4 001 1417011998167
W 2 7 4 002 1417011998330
W 2 7 4 003 1417011998487
W 2 7 4 004 1417011998643
W 2 7 4 005 1417011998803
W 2 7 4 006 1417011998965
W 2 7 4 007 1417011999128
W 2 7 4 008 1417011999295
W 2 7 4 009 1417011999454
***
R 2 7 5 000 1417012260763
R 2 7 5 001 1417012261188
R 2 7 5 002 1417012261537
R 2 7 5 003 1417012261537
R 2 7 5 004 1417012261966
---
W 2 7 5 000 1417012260233
W 2 7 5 001 1417012260624
W 2 7 5 002 1417012260877
W 2 7 5 003 1417012261125
W 2 7 5 004 1417012261363
W 2 7 5 005 1417012261592
W 2 7 5 006 1417012261815
W 2 7 5 007 1417012262022
W 2 7 5 008 1417012262252
W 2 7 5 009 1417012262456
***
R 2 8 1 000 1417012325215
R 2 8 1 001 1417012325603
R 2 8 1 002 1417012325603
R 2 8 1 003 1417012325924
R 2 8 1 004 1417012325924
R 2 8 1 005 1417012325924
---
W 2 8 1 000 1417012324689
W 2 8 1 001 1417012324950
W 2 8 1 002 1417012325133
W 2 8 1 003 1417012325309
W 2 8 1 004 1417012325474
W 2 8 1 005 1417012325638
W 2 8 1 006 1417012325805
W 2 8 1 007 1417012325984
W 2 8 1 008 1417012326146
W 2 8 1 009 1417012326305
***
R 2 8 2 000 1417012389341
R 2 8 2 001 1417012389714
R 2 8 2 002 1417012389714
R 2 8 2 003 1417012389917
R 2 8 2 004 1417012389917
---
W 2 8 2 000 1417012388790
W 2 8 2 001 1417012389068
W 2 8 2 002 1417012389250
W 2 8 2 003 1417012389429
W 2 8 2 004 1417012389603
W 2 8 2 005 1417012389772
W 2 8 2 006 1417012389933
W 2 8 2 007 1417012390128
W 2 8 2 008 1417012390311
W 2 8 2 009 1417012390478
***
R 2 8 3 000 1417012453183
R 2 8 3 001 1417012453569
R 2 8 3 002 1417012453569
R 2 8 3 003 1417012453877
R 2 8 3 004 1417012453877
R 2 8 3 005 1417012453877
---
W 2 8 3 000 1417012452659
W 2 8 3 001 1417012452917
W 2 8 3 002 1417012453101
W 2 8 3 003 1417012453279
W 2 8 3 004 1417012453450
W 2 8 3 005 1417012453619
W 2 8 3 006 1417012453783
W 2 8 3 007 1417012453965
W 2 8 3 008 1417012454125
W 2 8 3 009 1417012454293
***
R 2 8 4 000 1417012517164
R 2 8 4 001 1417012517522
R 2 8 4 002 1417012517522
R 2 8 4 003 1417012517718
R 2 8 4 004 1417012517912
R 2 8 4 005 1417012517912
---
W 2 8 4 000 1417012516606
W 2 8 4 001 1417012516945
W 2 8 4 002 1417012517143
W 2 8 4 003 1417012517325
W 2 8 4 004 1417012517499
W 2 8 4 005 1417012517677
W 2 8 4 006 1417012517841
W 2 8 4 007 1417012518019
W 2 8 4 008 1417012518184
W 2 8 4 009 1417012518345
***
R 2 8 5 000 1417012581439
R 2 8 5 001 1417012581818
R 2 8 5 002 1417012581818
R 2 8 5 003 1417012582003
R 2 8 5 004 1417012582003
---
W 2 8 5 000 1417012580892
W 2 8 5 001 1417012581157
W 2 8 5 002 1417012581341
W 2 8 5 003 1417012581510
W 2 8 5 004 1417012581680
W 2 8 5 005 1417012581847
W 2 8 5 006 1417012582012
W 2 8 5 007 1417012582215
W 2 8 5 008 1417012582378
W 2 8 5 009 1417012582547
***
R 2 9 1 000 1417012646424
R 2 9 1 001 1417012646424
R 2 9 1 002 1417012646800
R 2 9 1 003 1417012647104
R 2 9 1 004 1417012647104
R 2 9 1 005 1417012647104
---
W 2 9 1 000 1417012645862
W 2 9 1 001 1417012646143
W 2 9 1 002 1417012646324
W 2 9 1 003 1417012646484
W 2 9 1 004 1417012646643
W 2 9 1 005 1417012646791
W 2 9 1 006 1417012646942
W 2 9 1 007 1417012647116
W 2 9 1 008 1417012647295
W 2 9 1 009 1417012647442
***
R 2 9 2 000 1417012711408
R 2 9 2 001 1417012711592
R 2 9 2 002 1417012711592
R 2 9 2 003 1417012711898
R 2 9 2 004 1417012712097
R 2 9 2 005 1417012712097
---
W 2 9 2 000 1417012710847
W 2 9 2 001 1417012711101
W 2 9 2 002 1417012711284
W 2 9 2 003 1417012711457
W 2 9 2 004 1417012711609
W 2 9 2 005 1417012711809
W 2 9 2 006 1417012711966
W 2 9 2 007 1417012712135
W 2 9 2 008 1417012712286
W 2 9 2 009 1417012712437
***
R 2 9 3 000 1417012775342
R 2 9 3 001 1417012775342
R 2 9 3 002 1417012775712
R 2 9 3 003 1417012775919
R 2 9 3 004 1417012775919
---
W 2 9 3 000 1417012774787
W 2 9 3 001 1417012775044
W 2 9 3 002 1417012775223
W 2 9 3 003 1417012775387
W 2 9 3 004 1417012775552
W 2 9 3 005 1417012775703
W 2 9 3 006 1417012775856
W 2 9 3 007 1417012776031
W 2 9 3 008 1417012776184
W 2 9 3 009 1417012776344
***
R 2 9 4 000 1417012839335
R 2 9 4 001 1417012839706
R 2 9 4 002 1417012839706
R 2 9 4 003 1417012840106
R 2 9 4 004 1417012840106
R 2 9 4 005 1417012840106
---
W 2 9 4 000 1417012838809
W 2 9 4 001 1417012839064
W 2 9 4 002 1417012839246
W 2 9 4 003 1417012839416
W 2 9 4 004 1417012839580
W 2 9 4 005 1417012839736
W 2 9 4 006 1417012839890
W 2 9 4 007 1417012840063
W 2 9 4 008 1417012840219
W 2 9 4 009 1417012840371
***
R 2 9 5 000 1417012903564
R 2 9 5 001 1417012903926
R 2 9 5 002 1417012903926
R 2 9 5 003 1417012904251
R 2 9 5 004 1417012904251
R 2 9 5 005 1417012904251
---
W 2 9 5 000 1417012902997
W 2 9 5 001 1417012903260
W 2 9 5 002 1417012903435
W 2 9 5 003 1417012903616
W 2 9 5 004 1417012903780
W 2 9 5 005 1417012903928
W 2 9 5 006 1417012904084
W 2 9 5 007 1417012904250
W 2 9 5 008 1417012904416
W 2 9 5 009 1417012904576
***
R 2 10 1 000 1417012967736
R 2 10 1 001 1417012967736
R 2 10 1 002 1417012968088
R 2 10 1 003 1417012968088
R 2 10 1 004 1417012968494
R 2 10 1 005 1417012968494
---
W 2 10 1 000 1417012967175
W 2 10 1 001 1417012967425
W 2 10 1 002 1417012967590
W 2 10 1 003 1417012967738
W 2 10 1 004 1417012967893
W 2 10 1 005 1417012968042
W 2 10 1 006 1417012968197
W 2 10 1 007 1417012968358
W 2 10 1 008 1417012968510
W 2 10 1 009 1417012968655
***
R 2 10 2 000 1417013031822
R 2 10 2 001 1417013031822
R 2 10 2 002 1417013032206
R 2 10 2 003 1417013032475
R 2 10 2 004 1417013032475
R 2 10 2 005 1417013032475
---
W 2 10 2 000 1417013031296
W 2 10 2 001 1417013031551
W 2 10 2 002 1417013031715
W 2 10 2 003 1417013031864
W 2 10 2 004 1417013032022
W 2 10 2 005 1417013032165
W 2 10 2 006 1417013032324
W 2 10 2 007 1417013032483
W 2 10 2 008 1417013032633
W 2 10 2 009 1417013032774
***
R 2 10 3 000 1417013095848
R 2 10 3 001 1417013095848
R 2 10 3 002 1417013096235
R 2 10 3 003 1417013096235
R 2 10 3 004 1417013096431
R 2 10 3 005 1417013096431
---
W 2 10 3 000 1417013095302
W 2 10 3 001 1417013095556
W 2 10 3 002 1417013095717
W 2 10 3 003 1417013095877
W 2 10 3 004 1417013096024
W 2 10 3 005 1417013096167
W 2 10 3 006 1417013096324
W 2 10 3 007 1417013096481
W 2 10 3 008 1417013096620
W 2 10 3 009 1417013096757
***
R 2 10 4 000 1417013159898
R 2 10 4 001 1417013159898
R 2 10 4 002 1417013160274
R 2 10 4 003 1417013160274
R 2 10 4 004 1417013160622
R 2 10 4 005 1417013160622
R 2 10 4 006 1417013160622
---
W 2 10 4 000 1417013159265
W 2 10 4 001 1417013159514
W 2 10 4 002 1417013159682
W 2 10 4 003 1417013159835
W 2 10 4 004 1417013159984
W 2 10 4 005 1417013160133
W 2 10 4 006 1417013160279
W 2 10 4 007 1417013160439
W 2 10 4 008 1417013160584
W 2 10 4 009 1417013160727
***
R 2 10 5 000 1417014562424
R 2 10 5 001 1417014562424
R 2 10 5 002 1417014562816
R 2 10 5 003 1417014562816
R 2 10 5 004 1417014563189
R 2 10 5 005 1417014563189
---
W 2 10 5 000 1417014561890
W 2 10 5 001 1417014562130
W 2 10 5 002 1417014562288
W 2 10 5 003 1417014562455
W 2 10 5 004 1417014562596
W 2 10 5 005 1417014562751
W 2 10 5 006 1417014562903
W 2 10 5 007 1417014563062
W 2 10 5 008 1417014563194
W 2 10 5 009 1417014563337
***
R 5 1 1 000 1417014644870
R 5 1 1 001 1417014645891
R 5 1 1 002 1417014646934
R 5 1 1 003 1417014647995
R 5 1 1 004 1417014649021
---
W 5 1 1 000 1417014644105
W 5 1 1 001 1417014645345
W 5 1 1 002 1417014646398
W 5 1 1 003 1417014647449
W 5 1 1 004 1417014648497
W 5 1 1 005 1417014649540
W 5 1 1 006 1417014650588
W 5 1 1 007 1417014651629
W 5 1 1 008 0
W 5 1 1 009 0
***
R 5 1 2 000 1417014721510
R 5 1 2 001 1417014722515
R 5 1 2 002 1417014723534
R 5 1 2 003 1417014724543
R 5 1 2 004 1417014725567
---
W 5 1 2 000 1417014720696
W 5 1 2 001 1417014721920
W 5 1 2 002 1417014722969
W 5 1 2 003 1417014724032
W 5 1 2 004 1417014725086
W 5 1 2 005 1417014726130
W 5 1 2 006 1417014727190
W 5 1 2 007 1417014728231
W 5 1 2 008 0
W 5 1 2 009 0
***
R 5 1 3 000 1417014797803
R 5 1 3 001 1417014798845
R 5 1 3 002 1417014799844
R 5 1 3 003 1417014800866
R 5 1 3 004 1417014801909
---
W 5 1 3 000 1417014797020
W 5 1 3 001 1417014798233
W 5 1 3 002 1417014799282
W 5 1 3 003 1417014800342
W 5 1 3 004 1417014801420
W 5 1 3 005 1417014802463
W 5 1 3 006 1417014803510
W 5 1 3 007 1417014804551
W 5 1 3 008 0
W 5 1 3 009 0
***
R 5 1 4 000 1417014874228
R 5 1 4 001 1417014875258
R 5 1 4 002 1417014876255
R 5 1 4 003 1417014877294
R 5 1 4 004 1417014878332
---
W 5 1 4 000 1417014873463
W 5 1 4 001 1417014874670
W 5 1 4 002 1417014875725
W 5 1 4 003 1417014876768
W 5 1 4 004 1417014877822
W 5 1 4 005 1417014878866
W 5 1 4 006 1417014879912
W 5 1 4 007 1417014880956
W 5 1 4 008 0
W 5 1 4 009 0
***
R 5 1 5 000 1417014950629
R 5 1 5 001 1417014951649
R 5 1 5 002 1417014952699
R 5 1 5 003 1417014953687
R 5 1 5 004 1417014954712
---
W 5 1 5 000 1417014949842
W 5 1 5 001 1417014951051
W 5 1 5 002 1417014952104
W 5 1 5 003 1417014953178
W 5 1 5 004 1417014954217
W 5 1 5 005 1417014955262
W 5 1 5 006 1417014956312
W 5 1 5 007 1417014957354
W 5 1 5 008 0
W 5 1 5 009 0
***
R 5 2 1 000 1417015282384
R 5 2 1 001 1417015283248
R 5 2 1 002 1417015283428
R 5 2 1 003 1417015284033
R 5 2 1 004 1417015284453
---
W 5 2 1 000 1417015281594
W 5 2 1 001 1417015282340
W 5 2 1 002 1417015282919
W 5 2 1 003 1417015283480
W 5 2 1 004 1417015284034
W 5 2 1 005 1417015284595
W 5 2 1 006 1417015285150
W 5 2 1 007 1417015285690
W 5 2 1 008 1417015286229
W 5 2 1 009 1417015286770
***
R 5 2 2 000 1417015357292
R 5 2 2 001 1417015357907
R 5 2 2 002 1417015358401
R 5 2 2 003 1417015359037
R 5 2 2 004 1417015359549
---
W 5 2 2 000 1417015356534
W 5 2 2 001 1417015357235
W 5 2 2 002 1417015357841
W 5 2 2 003 1417015358421
W 5 2 2 004 1417015358970
W 5 2 2 005 1417015359539
W 5 2 2 006 1417015360112
W 5 2 2 007 1417015360658
W 5 2 2 008 1417015361204
W 5 2 2 009 1417015361741
***
R 5 2 3 000 1417015432064
R 5 2 3 001 1417015432757
R 5 2 3 002 1417015433190
R 5 2 3 003 1417015433780
R 5 2 3 004 1417015434197
---
W 5 2 3 000 1417015431302
W 5 2 3 001 1417015432005
W 5 2 3 002 1417015432607
W 5 2 3 003 1417015433164
W 5 2 3 004 1417015433713
W 5 2 3 005 1417015434293
W 5 2 3 006 1417015434850
W 5 2 3 007 1417015435391
W 5 2 3 008 1417015435931
W 5 2 3 009 1417015436468
***
R 5 2 4 000 1417015506401
R 5 2 4 001 1417015506948
R 5 2 4 002 1417015507667
R 5 2 4 003 1417015508068
R 5 2 4 004 1417015508507
---
W 5 2 4 000 1417015505654
W 5 2 4 001 1417015506363
W 5 2 4 002 1417015506955
W 5 2 4 003 1417015507505
W 5 2 4 004 1417015508050
W 5 2 4 005 1417015508606
W 5 2 4 006 1417015509161
W 5 2 4 007 1417015509700
W 5 2 4 008 1417015510251
W 5 2 4 009 1417015510789
***
R 5 2 5 000 1417015580909
R 5 2 5 001 1417015581470
R 5 2 5 002 1417015581885
R 5 2 5 003 1417015582495
R 5 2 5 004 1417015583102
---
W 5 2 5 000 1417015580091
W 5 2 5 001 1417015580797
W 5 2 5 002 1417015581404
W 5 2 5 003 1417015582011
W 5 2 5 004 1417015582586
W 5 2 5 005 1417015583133
W 5 2 5 006 1417015583684
W 5 2 5 007 1417015584230
W 5 2 5 008 1417015584799
W 5 2 5 009 1417015585344
***
R 5 3 1 000 1417015911078
R 5 3 1 001 1417015911468
R 5 3 1 002 1417015911877
R 5 3 1 003 1417015912296
R 5 3 1 004 1417015912500
---
W 5 3 1 000 1417015910356
W 5 3 1 001 1417015910868
W 5 3 1 002 1417015911252
W 5 3 1 003 1417015911636
W 5 3 1 004 1417015912053
W 5 3 1 005 1417015912461
W 5 3 1 006 1417015912860
W 5 3 1 007 1417015913242
W 5 3 1 008 1417015913634
W 5 3 1 009 1417015914033
***
R 5 3 2 000 1417015984392
R 5 3 2 001 1417015984790
R 5 3 2 002 1417015984991
R 5 3 2 003 1417015985432
R 5 3 2 004 1417015985806
---
W 5 3 2 000 1417015983631
W 5 3 2 001 1417015984144
W 5 3 2 002 1417015984550
W 5 3 2 003 1417015984933
W 5 3 2 004 1417015985334
W 5 3 2 005 1417015985736
W 5 3 2 006 1417015986139
W 5 3 2 007 1417015986543
W 5 3 2 008 1417015986935
W 5 3 2 009 1417015987328
***
R 5 3 3 000 1417016057617
R 5 3 3 001 1417016058205
R 5 3 3 002 1417016058618
R 5 3 3 003 1417016058788
R 5 3 3 004 1417016059224
---
W 5 3 3 000 1417016057057
W 5 3 3 001 1417016057560
W 5 3 3 002 1417016057971
W 5 3 3 003 1417016058350
W 5 3 3 004 1417016058737
W 5 3 3 005 1417016059140
W 5 3 3 006 1417016059535
W 5 3 3 007 1417016059930
W 5 3 3 008 1417016060319
W 5 3 3 009 1417016060722
***
R 5 3 4 000 1417016130904
R 5 3 4 001 1417016131320
R 5 3 4 002 1417016131531
R 5 3 4 003 1417016131920
R 5 3 4 004 1417016132329
---
W 5 3 4 000 1417016130147
W 5 3 4 001 1417016130674
W 5 3 4 002 1417016131062
W 5 3 4 003 1417016131444
W 5 3 4 004 1417016131844
W 5 3 4 005 1417016132235
W 5 3 4 006 1417016132639
W 5 3 4 007 1417016133044
W 5 3 4 008 1417016133452
W 5 3 4 009 1417016133854
***
R 5 3 5 000 1417016203567
R 5 3 5 001 1417016203943
R 5 3 5 002 1417016204353
R 5 3 5 003 1417016204766
R 5 3 5 004 1417016205169
---
W 5 3 5 000 1417016203355
W 5 3 5 001 1417016203428
W 5 3 5 002 1417016203822
W 5 3 5 003 1417016204199
W 5 3 5 004 1417016204595
W 5 3 5 005 1417016204977
W 5 3 5 006 1417016205361
W 5 3 5 007 1417016205744
W 5 3 5 008 1417016206126
W 5 3 5 009 1417016206526
***
R 5 4 1 000 1417016537541
R 5 4 1 001 1417016537700
R 5 4 1 002 1417016538270
R 5 4 1 003 1417016538270
R 5 4 1 004 1417016538661
---
W 5 4 1 000 1417016536733
W 5 4 1 001 1417016537239
W 5 4 1 002 1417016537588
W 5 4 1 003 1417016537919
W 5 4 1 004 1417016538218
W 5 4 1 005 1417016538570
W 5 4 1 006 1417016538876
W 5 4 1 007 1417016539182
W 5 4 1 008 1417016539471
W 5 4 1 009 1417016539760
***
R 5 4 2 000 1417016610470
R 5 4 2 001 1417016610868
R 5 4 2 002 1417016610868
R 5 4 2 003 1417016611269
R 5 4 2 004 1417016611870
R 5 4 2 005 1417016611870
---
W 5 4 2 000 1417016609713
W 5 4 2 001 1417016610164
W 5 4 2 002 1417016610491
W 5 4 2 003 1417016610809
W 5 4 2 004 1417016611122
W 5 4 2 005 1417016611434
W 5 4 2 006 1417016611727
W 5 4 2 007 1417016612015
W 5 4 2 008 1417016612309
W 5 4 2 009 1417016612607
***
R 5 4 3 000 1417016848260
R 5 4 3 001 1417016848619
R 5 4 3 002 1417016849219
R 5 4 3 003 1417016849219
R 5 4 3 004 1417016849650
R 5 4 3 005 1417016849650
---
W 5 4 3 000 1417016847446
W 5 4 3 001 1417016847979
W 5 4 3 002 1417016848320
W 5 4 3 003 1417016848655
W 5 4 3 004 1417016848954
W 5 4 3 005 1417016849285
W 5 4 3 006 1417016849591
W 5 4 3 007 1417016849935
W 5 4 3 008 1417016850220
W 5 4 3 009 1417016850512
***
R 5 4 4 000 1417016921415
R 5 4 4 001 1417016921793
R 5 4 4 002 1417016921793
R 5 4 4 003 1417016922172
R 5 4 4 004 1417016922592
---
W 5 4 4 000 1417016920619
W 5 4 4 001 1417016921079
W 5 4 4 002 1417016921412
W 5 4 4 003 1417016921735
W 5 4 4 004 1417016922048
W 5 4 4 005 1417016922362
W 5 4 4 006 1417016922655
W 5 4 4 007 1417016922939
W 5 4 4 008 1417016923238
W 5 4 4 009 1417016923537
***
R 5 4 5 000 1417016994348
R 5 4 5 001 1417016994713
R 5 4 5 002 1417016995150
R 5 4 5 003 1417016995150
R 5 4 5 004 1417016995563
---
W 5 4 5 000 1417016993566
W 5 4 5 001 1417016994102
W 5 4 5 002 1417016994422
W 5 4 5 003 1417016994721
W 5 4 5 004 1417016995016
W 5 4 5 005 1417016995353
W 5 4 5 006 1417016995644
W 5 4 5 007 1417016995971
W 5 4 5 008 1417016996258
W 5 4 5 009 1417016996558
***
R 5 5 1 000 1417017322849
R 5 5 1 001 1417017323443
R 5 5 1 002 1417017323443
R 5 5 1 003 1417017323848
R 5 5 1 004 1417017323848
---
W 5 5 1 000 1417017322106
W 5 5 1 001 1417017322489
W 5 5 1 002 1417017322756
W 5 5 1 003 1417017323046
W 5 5 1 004 1417017323300
W 5 5 1 005 1417017323548
W 5 5 1 006 1417017323819
W 5 5 1 007 1417017324068
W 5 5 1 008 1417017324304
W 5 5 1 009 1417017324544
***
R 5 5 2 000 1417017395658
R 5 5 2 001 1417017396048
R 5 5 2 002 1417017396048
R 5 5 2 003 1417017396446
R 5 5 2 004 1417017396837
R 5 5 2 005 1417017396837
---
W 5 5 2 000 1417017394871
W 5 5 2 001 1417017395282
W 5 5 2 002 1417017395557
W 5 5 2 003 1417017395842
W 5 5 2 004 1417017396092
W 5 5 2 005 1417017396343
W 5 5 2 006 1417017396593
W 5 5 2 007 1417017396858
W 5 5 2 008 1417017397109
W 5 5 2 009 1417017397349
***
R 5 5 3 000 1417017468615
R 5 5 3 001 1417017469003
R 5 5 3 002 1417017469003
R 5 5 3 003 1417017469417
R 5 5 3 004 1417017469791
R 5 5 3 005 1417017469791
---
W 5 5 3 000 1417017467845
W 5 5 3 001 1417017468252
W 5 5 3 002 1417017468517
W 5 5 3 003 1417017468802
W 5 5 3 004 1417017469069
W 5 5 3 005 1417017469326
W 5 5 3 006 1417017469601
W 5 5 3 007 1417017469849
W 5 5 3 008 1417017470092
W 5 5 3 009 1417017470330
***
R 5 5 4 000 1417017541197
R 5 5 4 001 1417017541539
R 5 5 4 002 1417017541954
R 5 5 4 003 1417017542362
R 5 5 4 004 1417017542362
---
W 5 5 4 000 1417017540595
W 5 5 4 001 1417017541022
W 5 5 4 002 1417017541327
W 5 5 4 003 1417017541588
W 5 5 4 004 1417017541838
W 5 5 4 005 1417017542110
W 5 5 4 006 1417017542388
W 5 5 4 007 1417017542630
W 5 5 4 008 1417017542873
W 5 5 4 009 1417017543136
***
R 5 5 5 000 1417017614509
R 5 5 5 001 1417017614918
R 5 5 5 002 1417017614918
R 5 5 5 003 1417017615332
R 5 5 5 004 1417017616350
R 5 5 5 005 1417017616350
---
W 5 5 5 000 1417017613769
W 5 5 5 001 1417017614169
W 5 5 5 002 1417017614429
W 5 5 5 003 1417017614733
W 5 5 5 004 1417017614980
W 5 5 5 005 1417017615231
W 5 5 5 006 1417017615504
W 5 5 5 007 1417017615748
W 5 5 5 008 1417017615996
W 5 5 5 009 1417017616232
***
R 5 6 1 000 1417017943170
R 5 6 1 001 1417017943530
R 5 6 1 002 1417017943530
R 5 6 1 003 1417017943957
R 5 6 1 004 1417017943957
---
W 5 6 1 000 1417017942392
W 5 6 1 001 1417017942758
W 5 6 1 002 1417017942988
W 5 6 1 003 1417017943199
W 5 6 1 004 1417017943418
W 5 6 1 005 1417017943635
W 5 6 1 006 1417017943858
W 5 6 1 007 1417017944070
W 5 6 1 008 1417017944306
W 5 6 1 009 1417017944536
***
R 5 6 2 000 1417018015821
R 5 6 2 001 1417018016224
R 5 6 2 002 1417018016224
R 5 6 2 003 1417018016654
R 5 6 2 004 1417018016654
---
W 5 6 2 000 1417018015055
W 5 6 2 001 1417018015434
W 5 6 2 002 1417018015662
W 5 6 2 003 1417018015880
W 5 6 2 004 1417018016103
W 5 6 2 005 1417018016325
W 5 6 2 006 1417018016570
W 5 6 2 007 1417018016810
W 5 6 2 008 1417018017022
W 5 6 2 009 1417018017225
***
R 5 6 3 000 1417018088305
R 5 6 3 001 1417018088654
R 5 6 3 002 1417018089059
R 5 6 3 003 1417018089059
R 5 6 3 004 1417018089473
R 5 6 3 005 1417018089473
---
W 5 6 3 000 1417018087511
W 5 6 3 001 1417018087976
W 5 6 3 002 1417018088240
W 5 6 3 003 1417018088490
W 5 6 3 004 1417018088701
W 5 6 3 005 1417018088912
W 5 6 3 006 1417018089137
W 5 6 3 007 1417018089341
W 5 6 3 008 1417018089552
W 5 6 3 009 1417018089752
***
W 5 6 4 000 1417018160370
W 5 6 4 001 1417018160751
W 5 6 4 002 1417018161008
W 5 6 4 003 1417018161217
W 5 6 4 004 1417018161435
W 5 6 4 005 1417018161674
W 5 6 4 006 1417018161897
W 5 6 4 007 1417018162126
W 5 6 4 008 1417018162330
W 5 6 4 009 1417018162536
***
R 5 6 4 000 1417018160939
R 5 6 4 001 1417018161316
R 5 6 4 002 1417018161750
R 5 6 4 003 1417018161750
R 5 6 4 004 1417018162972
R 5 6 4 005 1417018162972
---
R 5 6 5 000 1417018235167
R 5 6 5 001 1417018235552
R 5 6 5 002 1417018235930
R 5 6 5 003 1417018235930
R 5 6 5 004 1417018236337
R 5 6 5 005 1417018236337
---
W 5 6 5 000 1417018234585
W 5 6 5 001 1417018234954
W 5 6 5 002 1417018235190
W 5 6 5 003 1417018235416
W 5 6 5 004 1417018235634
W 5 6 5 005 1417018235850
W 5 6 5 006 1417018236091
W 5 6 5 007 1417018236346
W 5 6 5 008 1417018236572
W 5 6 5 009 1417018236781
***
R 5 7 1 000 1417018563778
R 5 7 1 001 1417018564175
R 5 7 1 002 1417018564546
R 5 7 1 003 1417018564546
R 5 7 1 004 1417018564967
---
W 5 7 1 000 1417018563213
W 5 7 1 001 1417018563588
W 5 7 1 002 1417018563851
W 5 7 1 003 1417018564102
W 5 7 1 004 1417018564340
W 5 7 1 005 1417018564568
W 5 7 1 006 1417018564756
W 5 7 1 007 1417018564951
W 5 7 1 008 1417018565148
W 5 7 1 009 1417018565331
***
R 5 7 2 000 1417018638157
R 5 7 2 001 1417018638525
R 5 7 2 002 1417018638525
R 5 7 2 003 1417018638961
R 5 7 2 004 1417018638961
R 5 7 2 005 1417018638961
---
W 5 7 2 000 1417018637397
W 5 7 2 001 1417018637716
W 5 7 2 002 1417018637924
W 5 7 2 003 1417018638128
W 5 7 2 004 1417018638333
W 5 7 2 005 1417018638519
W 5 7 2 006 1417018638725
W 5 7 2 007 1417018638911
W 5 7 2 008 1417018639145
W 5 7 2 009 1417018639331
***
R 5 7 3 000 1417018710850
R 5 7 3 001 1417018711241
R 5 7 3 002 1417018711241
R 5 7 3 003 1417018711633
R 5 7 3 004 1417018711633
R 5 7 3 005 1417018711633
---
W 5 7 3 000 1417018710103
W 5 7 3 001 1417018710453
W 5 7 3 002 1417018710653
W 5 7 3 003 1417018710845
W 5 7 3 004 1417018711050
W 5 7 3 005 1417018711240
W 5 7 3 006 1417018711444
W 5 7 3 007 1417018711635
W 5 7 3 008 1417018711851
W 5 7 3 009 1417018712038
***
R 5 7 4 000 1417018783722
R 5 7 4 001 1417018784103
R 5 7 4 002 1417018784103
R 5 7 4 003 1417018784507
R 5 7 4 004 1417018784507
---
W 5 7 4 000 1417018782916
W 5 7 4 001 1417018783284
W 5 7 4 002 1417018783498
W 5 7 4 003 1417018783701
W 5 7 4 004 1417018783912
W 5 7 4 005 1417018784098
W 5 7 4 006 1417018784299
W 5 7 4 007 1417018784494
W 5 7 4 008 1417018784701
W 5 7 4 009 1417018784891
***
R 5 7 5 000 1417018856164
R 5 7 5 001 1417018856567
R 5 7 5 002 1417018856567
R 5 7 5 003 1417018856980
R 5 7 5 004 1417018856980
R 5 7 5 005 1417018856980
---
W 5 7 5 000 1417018855495
W 5 7 5 001 1417018855832
W 5 7 5 002 1417018856041
W 5 7 5 003 1417018856236
W 5 7 5 004 1417018856425
W 5 7 5 005 1417018856624
W 5 7 5 006 1417018856831
W 5 7 5 007 1417018857045
W 5 7 5 008 1417018857233
W 5 7 5 009 1417018857432
***
R 5 8 1 000 1417019184325
R 5 8 1 001 1417019184706
R 5 8 1 002 1417019184706
R 5 8 1 003 1417019184706
R 5 8 1 004 1417019185171
R 5 8 1 005 1417019185171
---
W 5 8 1 000 1417019183526
W 5 8 1 001 1417019183867
W 5 8 1 002 1417019184061
W 5 8 1 003 1417019184231
W 5 8 1 004 1417019184447
W 5 8 1 005 1417019184634
W 5 8 1 006 1417019184821
W 5 8 1 007 1417019184997
W 5 8 1 008 1417019185160
W 5 8 1 009 1417019185362
***
R 5 8 2 000 1417019257116
R 5 8 2 001 1417019257521
R 5 8 2 002 1417019257521
R 5 8 2 003 1417019257925
R 5 8 2 004 1417019257925
R 5 8 2 005 1417019257925
---
W 5 8 2 000 1417019256282
W 5 8 2 001 1417019256668
W 5 8 2 002 1417019256891
W 5 8 2 003 1417019257077
W 5 8 2 004 1417019257313
W 5 8 2 005 1417019257492
W 5 8 2 006 1417019257664
W 5 8 2 007 1417019257879
W 5 8 2 008 1417019258093
W 5 8 2 009 1417019258251
***
R 5 8 3 000 1417019329824
R 5 8 3 001 1417019330212
R 5 8 3 002 1417019330212
R 5 8 3 003 1417019330212
R 5 8 3 004 1417019330621
R 5 8 3 005 1417019330621
---
W 5 8 3 000 1417019329040
W 5 8 3 001 1417019329371
W 5 8 3 002 1417019329567
W 5 8 3 003 1417019329737
W 5 8 3 004 1417019329968
W 5 8 3 005 1417019330156
W 5 8 3 006 1417019330372
W 5 8 3 007 1417019330541
W 5 8 3 008 1417019330739
W 5 8 3 009 1417019330917
***
R 5 8 4 000 1417019402483
R 5 8 4 001 1417019402876
R 5 8 4 002 1417019402876
R 5 8 4 003 1417019403267
R 5 8 4 004 1417019403267
---
W 5 8 4 000 1417019401700
W 5 8 4 001 1417019402095
W 5 8 4 002 1417019402343
W 5 8 4 003 1417019402569
W 5 8 4 004 1417019402786
W 5 8 4 005 1417019402998
W 5 8 4 006 1417019403194
W 5 8 4 007 1417019403402
W 5 8 4 008 1417019403597
W 5 8 4 009 1417019403778
***
R 5 8 5 000 1417019476141
R 5 8 5 001 1417019476530
R 5 8 5 002 1417019476530
R 5 8 5 003 1417019476530
R 5 8 5 004 1417019476926
R 5 8 5 005 1417019476926
---
W 5 8 5 000 1417019475357
W 5 8 5 001 1417019475709
W 5 8 5 002 1417019475909
W 5 8 5 003 1417019476096
W 5 8 5 004 1417019476297
W 5 8 5 005 1417019476479
W 5 8 5 006 1417019476677
W 5 8 5 007 1417019476871
W 5 8 5 008 1417019477086
W 5 8 5 009 1417019477264
***
R 5 9 1 000 1417019803891
R 5 9 1 001 1417019804261
R 5 9 1 002 1417019804652
R 5 9 1 003 1417019804652
R 5 9 1 004 1417019804652
---
W 5 9 1 000 1417019803096
W 5 9 1 001 1417019803580
W 5 9 1 002 1417019803825
W 5 9 1 003 1417019804018
W 5 9 1 004 1417019804181
W 5 9 1 005 1417019804383
W 5 9 1 006 1417019804575
W 5 9 1 007 1417019804765
W 5 9 1 008 1417019804921
W 5 9 1 009 1417019805082
***
R 5 9 2 000 1417019876462
R 5 9 2 001 1417019876842
R 5 9 2 002 1417019876842
R 5 9 2 003 1417019876842
R 5 9 2 004 1417019877251
---
W 5 9 2 000 1417019875686
W 5 9 2 001 1417019875990
W 5 9 2 002 1417019876168
W 5 9 2 003 1417019876361
W 5 9 2 004 1417019876574
W 5 9 2 005 1417019876768
W 5 9 2 006 1417019876978
W 5 9 2 007 1417019877173
W 5 9 2 008 1417019877357
W 5 9 2 009 1417019877532
***
R 5 9 3 000 1417019949789
R 5 9 3 001 1417019950171
R 5 9 3 002 1417019950171
R 5 9 3 003 1417019950171
R 5 9 3 004 1417019950171
R 5 9 3 005 1417019950171
---
W 5 9 3 000 1417019948560
W 5 9 3 001 1417019948853
W 5 9 3 002 1417019949033
W 5 9 3 003 1417019949191
W 5 9 3 004 1417019949351
W 5 9 3 005 1417019949511
W 5 9 3 006 1417019949691
W 5 9 3 007 1417019949892
W 5 9 3 008 1417019950083
W 5 9 3 009 1417019950271
***
R 5 9 4 000 1417020022007
R 5 9 4 001 1417020022410
R 5 9 4 002 1417020022410
R 5 9 4 003 1417020022410
R 5 9 4 004 1417020023021
R 5 9 4 005 1417020023021
R 5 9 4 006 1417020023021
---
W 5 9 4 000 1417020021256
W 5 9 4 001 1417020021579
W 5 9 4 002 1417020021762
W 5 9 4 003 1417020021928
W 5 9 4 004 1417020022131
W 5 9 4 005 1417020022310
W 5 9 4 006 1417020022516
W 5 9 4 007 1417020022668
W 5 9 4 008 1417020022820
W 5 9 4 009 1417020022987
***
R 5 9 5 000 1417020094687
R 5 9 5 001 1417020094912
R 5 9 5 002 1417020094912
R 5 9 5 003 1417020094912
R 5 9 5 004 1417020095498
R 5 9 5 005 1417020095498
---
W 5 9 5 000 1417020093922
W 5 9 5 001 1417020094224
W 5 9 5 002 1417020094403
W 5 9 5 003 1417020094588
W 5 9 5 004 1417020094777
W 5 9 5 005 1417020094988
W 5 9 5 006 1417020095185
W 5 9 5 007 1417020095389
W 5 9 5 008 1417020095588
W 5 9 5 009 1417020095754
***
W 5 10 1 000 1417020421558
W 5 10 1 001 1417020421887
W 5 10 1 002 1417020422064
W 5 10 1 003 1417020422237
W 5 10 1 004 1417020422430
W 5 10 1 005 1417020422596
W 5 10 1 006 1417020422764
W 5 10 1 007 1417020422926
W 5 10 1 008 1417020423070
W 5 10 1 009 1417020423214
***
R 5 10 1 000 1417020422365
R 5 10 1 001 1417020422735
R 5 10 1 002 1417020422735
R 5 10 1 003 1417020422735
R 5 10 1 004 1417020423408
R 5 10 1 005 1417020423408
R 5 10 1 006 1417020423408
R 5 10 1 007 1417020423408
R 5 10 1 008 1417020423408
---
R 5 10 2 000 1417020494684
R 5 10 2 001 1417020495080
R 5 10 2 002 1417020495080
R 5 10 2 003 1417020495314
R 5 10 2 004 1417020495314
---
W 5 10 2 000 1417020494088
W 5 10 2 001 1417020494392
W 5 10 2 002 1417020494566
W 5 10 2 003 1417020494724
W 5 10 2 004 1417020494879
W 5 10 2 005 1417020495040
W 5 10 2 006 1417020495215
W 5 10 2 007 1417020495405
W 5 10 2 008 1417020495573
W 5 10 2 009 1417020495724
***
R 5 10 3 000 1417020566787
R 5 10 3 001 1417020567177
R 5 10 3 002 1417020567177
R 5 10 3 003 1417020567177
R 5 10 3 004 1417020567598
R 5 10 3 005 1417020567598
R 5 10 3 006 1417020567598
---
W 5 10 3 000 1417020566025
W 5 10 3 001 1417020566384
W 5 10 3 002 1417020566589
W 5 10 3 003 1417020566747
W 5 10 3 004 1417020566934
W 5 10 3 005 1417020567107
W 5 10 3 006 1417020567290
W 5 10 3 007 1417020567476
W 5 10 3 008 1417020567618
W 5 10 3 009 1417020567771
***
R 5 10 4 000 1417020639255
R 5 10 4 001 1417020639623
R 5 10 4 002 1417020639623
R 5 10 4 003 1417020640039
R 5 10 4 004 1417020640039
---
W 5 10 4 000 1417020638703
W 5 10 4 001 1417020639047
W 5 10 4 002 1417020639236
W 5 10 4 003 1417020639397
W 5 10 4 004 1417020639576
W 5 10 4 005 1417020639735
W 5 10 4 006 1417020639925
W 5 10 4 007 1417020640094
W 5 10 4 008 1417020640234
W 5 10 4 009 1417020640379
***
R 5 10 5 000 1417020712094
R 5 10 5 001 1417020712094
R 5 10 5 002 1417020712429
R 5 10 5 003 1417020712429
R 5 10 5 004 1417020712895
R 5 10 5 005 1417020712895
R 5 10 5 006 1417020712895
---
W 5 10 5 000 1417020711269
W 5 10 5 001 1417020711571
W 5 10 5 002 1417020711738
W 5 10 5 003 1417020711907
W 5 10 5 004 1417020712065
W 5 10 5 005 1417020712234
W 5 10 5 006 1417020712406
W 5 10 5 007 1417020712560
W 5 10 5 008 1417020712720
W 5 10 5 009 1417020712866
***
R 10 1 1 000 1417021051900
R 10 1 1 001 1417021052973
R 10 1 1 002 1417021054107
R 10 1 1 003 1417021055241
R 10 1 1 004 1417021056271
---
W 10 1 1 000 1417021050920
W 10 1 1 001 1417021052260
W 10 1 1 002 1417021053334
W 10 1 1 003 1417021054392
W 10 1 1 004 1417021055463
W 10 1 1 005 1417021056520
W 10 1 1 006 1417021057582
W 10 1 1 007 1417021058633
W 10 1 1 008 1417021059689
W 10 1 1 009 1417021060738
***
R 10 1 2 000 1417021143527
R 10 1 2 001 1417021144602
R 10 1 2 002 1417021145719
R 10 1 2 003 1417021146758
R 10 1 2 004 1417021147795
---
W 10 1 2 000 1417021142444
W 10 1 2 001 1417021143858
W 10 1 2 002 1417021144924
W 10 1 2 003 1417021146000
W 10 1 2 004 1417021147100
W 10 1 2 005 1417021148180
W 10 1 2 006 1417021149237
W 10 1 2 007 1417021150288
W 10 1 2 008 1417021151343
W 10 1 2 009 1417021152394
***
R 10 1 3 000 1417021235444
R 10 1 3 001 1417021236166
R 10 1 3 002 1417021237385
R 10 1 3 003 1417021238417
R 10 1 3 004 1417021239508
---
W 10 1 3 000 1417021234248
W 10 1 3 001 1417021235555
W 10 1 3 002 1417021236621
W 10 1 3 003 1417021237690
W 10 1 3 004 1417021238775
W 10 1 3 005 1417021239849
W 10 1 3 006 1417021240913
W 10 1 3 007 1417021241962
W 10 1 3 008 1417021243012
W 10 1 3 009 1417021244071
***
R 10 1 4 000 1417021326738
R 10 1 4 001 1417021327777
R 10 1 4 002 1417021329582
R 10 1 4 003 1417021330150
R 10 1 4 004 1417021331029
---
W 10 1 4 000 1417021325648
W 10 1 4 001 1417021326993
W 10 1 4 002 1417021328076
W 10 1 4 003 1417021329177
W 10 1 4 004 1417021330321
W 10 1 4 005 1417021331562
W 10 1 4 006 1417021332650
W 10 1 4 007 1417021333709
W 10 1 4 008 1417021334796
W 10 1 4 009 1417021335859
***
R 10 1 5 000 1417021420248
R 10 1 5 001 1417021421298
R 10 1 5 002 1417021422173
R 10 1 5 003 1417021423357
R 10 1 5 004 1417021424462
---
W 10 1 5 000 1417021419291
W 10 1 5 001 1417021420574
W 10 1 5 002 1417021421633
W 10 1 5 003 1417021422681
W 10 1 5 004 1417021423728
W 10 1 5 005 1417021424774
W 10 1 5 006 1417021425828
W 10 1 5 007 1417021426886
W 10 1 5 008 1417021427931
W 10 1 5 009 1417021428979
***
R 10 2 1 000 1417021766975
R 10 2 1 001 1417021767756
R 10 2 1 002 1417021768376
R 10 2 1 003 1417021769009
R 10 2 1 004 1417021769638
---
W 10 2 1 000 1417021766237
W 10 2 1 001 1417021767074
W 10 2 1 002 1417021767628
W 10 2 1 003 1417021768284
W 10 2 1 004 1417021768908
W 10 2 1 005 1417021769473
W 10 2 1 006 1417021770028
W 10 2 1 007 1417021770661
W 10 2 1 008 1417021771339
W 10 2 1 009 1417021771894
***
R 10 2 2 000 1417021856915
R 10 2 2 001 1417021857482
R 10 2 2 002 1417021858302
R 10 2 2 003 1417021858895
R 10 2 2 004 1417021859479
---
W 10 2 2 000 1417021855868
W 10 2 2 001 1417021856740
W 10 2 2 002 1417021857445
W 10 2 2 003 1417021858051
W 10 2 2 004 1417021858608
W 10 2 2 005 1417021859239
W 10 2 2 006 1417021859973
W 10 2 2 007 1417021860644
W 10 2 2 008 1417021861452
W 10 2 2 009 1417021862077
***
R 10 2 3 000 1417021946894
R 10 2 3 001 1417021947350
R 10 2 3 002 1417021947948
R 10 2 3 003 1417021948619
R 10 2 3 004 1417021949261
---
W 10 2 3 000 1417021945799
W 10 2 3 001 1417021946621
W 10 2 3 002 1417021947245
W 10 2 3 003 1417021947834
W 10 2 3 004 1417021948423
W 10 2 3 005 1417021949030
W 10 2 3 006 1417021949637
W 10 2 3 007 1417021950252
W 10 2 3 008 1417021951010
W 10 2 3 009 1417021951598
***
R 10 2 4 000 1417022037883
R 10 2 4 001 1417022038582
R 10 2 4 002 1417022039306
R 10 2 4 003 1417022039624
R 10 2 4 004 1417022040571
---
W 10 2 4 000 1417022036546
W 10 2 4 001 1417022037610
W 10 2 4 002 1417022038215
W 10 2 4 003 1417022038924
W 10 2 4 004 1417022039570
W 10 2 4 005 1417022040186
W 10 2 4 006 1417022040744
W 10 2 4 007 1417022041352
W 10 2 4 008 1417022042069
W 10 2 4 009 1417022042780
***
R 10 2 5 000 1417022130064
R 10 2 5 001 1417022130779
R 10 2 5 002 1417022131355
R 10 2 5 003 1417022131796
R 10 2 5 004 1417022132389
---
W 10 2 5 000 1417022129321
W 10 2 5 001 1417022130107
W 10 2 5 002 1417022130701
W 10 2 5 003 1417022131281
W 10 2 5 004 1417022131864
W 10 2 5 005 1417022132411
W 10 2 5 006 1417022132983
W 10 2 5 007 1417022133552
W 10 2 5 008 1417022134092
W 10 2 5 009 1417022134636
***
R 10 3 1 000 1417022476510
R 10 3 1 001 1417022478985
R 10 3 1 002 1417022479899
R 10 3 1 003 1417022479899
R 10 3 1 004 1417022479899
R 10 3 1 005 1417022479899
R 10 3 1 006 1417022479899
R 10 3 1 007 1417022479899
---
W 10 3 1 000 1417022475141
W 10 3 1 001 1417022475947
W 10 3 1 002 1417022476632
W 10 3 1 003 1417022477024
W 10 3 1 004 1417022477416
W 10 3 1 005 1417022477866
W 10 3 1 006 1417022478271
W 10 3 1 007 1417022478666
W 10 3 1 008 1417022479139
W 10 3 1 009 1417022479965
***
R 10 3 2 000 1417022567734
R 10 3 2 001 1417022568168
R 10 3 2 002 1417022569086
R 10 3 2 003 1417022569385
R 10 3 2 004 1417022569385
---
W 10 3 2 000 1417022566540
W 10 3 2 001 1417022567327
W 10 3 2 002 1417022568095
W 10 3 2 003 1417022568630
W 10 3 2 004 1417022569013
W 10 3 2 005 1417022569418
W 10 3 2 006 1417022569958
W 10 3 2 007 1417022570697
W 10 3 2 008 1417022571134
W 10 3 2 009 1417022571691
***
R 10 3 3 000 1417022657901
R 10 3 3 001 1417022658212
R 10 3 3 002 1417022658818
R 10 3 3 003 1417022659501
R 10 3 3 004 1417022659859
---
W 10 3 3 000 1417022656749
W 10 3 3 001 1417022657576
W 10 3 3 002 1417022658028
W 10 3 3 003 1417022658591
W 10 3 3 004 1417022659070
W 10 3 3 005 1417022659720
W 10 3 3 006 1417022660225
W 10 3 3 007 1417022661084
W 10 3 3 008 1417022661795
W 10 3 3 009 1417022662239
***
R 10 3 4 000 1417022748528
R 10 3 4 001 1417022749167
R 10 3 4 002 1417022749888
R 10 3 4 003 1417022750736
R 10 3 4 004 1417022751973
---
W 10 3 4 000 1417022747072
W 10 3 4 001 1417022747919
W 10 3 4 002 1417022748508
W 10 3 4 003 1417022749175
W 10 3 4 004 1417022749577
W 10 3 4 005 1417022750110
W 10 3 4 006 1417022750602
W 10 3 4 007 1417022751677
W 10 3 4 008 1417022752848
W 10 3 4 009 1417022753646
***
R 10 3 5 000 1417022846212
R 10 3 5 001 1417022846618
R 10 3 5 002 1417022846618
R 10 3 5 003 1417022847042
R 10 3 5 004 1417022847619
---
W 10 3 5 000 1417022845236
W 10 3 5 001 1417022845889
W 10 3 5 002 1417022846279
W 10 3 5 003 1417022846670
W 10 3 5 004 1417022847045
W 10 3 5 005 1417022847413
W 10 3 5 006 1417022847791
W 10 3 5 007 1417022848172
W 10 3 5 008 1417022848598
W 10 3 5 009 1417022848983
***
R 10 4 3 000 1417023192559
R 10 4 3 001 1417023192905
R 10 4 3 002 1417023193305
R 10 4 3 003 1417023193915
R 10 4 3 004 1417023194603
---
W 10 4 3 000 1417023191528
W 10 4 3 001 1417023192222
W 10 4 3 002 1417023192642
W 10 4 3 003 1417023193034
W 10 4 3 004 1417023193413
W 10 4 3 005 1417023194021
W 10 4 3 006 1417023194396
W 10 4 3 007 1417023195164
W 10 4 3 008 1417023195735
W 10 4 3 009 1417023196942
***
R 10 4 4 000 1417023284828
R 10 4 4 001 1417023285389
R 10 4 4 002 1417023285389
R 10 4 4 003 1417023285856
R 10 4 4 004 1417023287243
---
W 10 4 4 000 1417023283600
W 10 4 4 001 1417023284280
W 10 4 4 002 1417023284680
W 10 4 4 003 1417023285037
W 10 4 4 004 1417023285423
W 10 4 4 005 1417023286027
W 10 4 4 006 1417023287154
W 10 4 4 007 1417023287787
W 10 4 4 008 1417023289139
W 10 4 4 009 1417023289639
***
R 10 4 5 000 1417023375406
R 10 4 5 001 1417023375892
R 10 4 5 002 1417023376729
R 10 4 5 003 1417023377223
R 10 4 5 004 1417023378276
R 10 4 5 005 1417023378276
---
W 10 4 5 000 1417023374528
W 10 4 5 001 1417023375192
W 10 4 5 002 1417023375647
W 10 4 5 003 1417023376129
W 10 4 5 004 1417023376458
W 10 4 5 005 1417023376774
W 10 4 5 006 1417023377109
W 10 4 5 007 1417023377472
W 10 4 5 008 1417023378068
W 10 4 5 009 1417023378712
***
W 10 5 1 000 1417023721218
W 10 5 1 001 1417023721744
W 10 5 1 002 1417023722310
W 10 5 1 003 1417023723111
W 10 5 1 004 1417023724607
W 10 5 1 005 1417023726102
W 10 5 1 006 1417023726877
W 10 5 1 007 1417023727479
W 10 5 1 008 1417023727812
W 10 5 1 009 1417023728284
***
W 10 5 2 000 1417023820470
W 10 5 2 001 1417023821240
W 10 5 2 002 1417023822206
W 10 5 2 003 1417023824040
W 10 5 2 004 1417023825642
W 10 5 2 005 1417023826348
W 10 5 2 006 1417023826908
W 10 5 2 007 1417023827795
W 10 5 2 008 1417023829045
W 10 5 2 009 1417023830935
***
R 10 5 3 000 1417023926918
R 10 5 3 001 1417023927402
R 10 5 3 002 1417023928079
R 10 5 3 003 1417023929263
R 10 5 3 004 1417023930784
R 10 5 3 005 1417023930784
---
W 10 5 3 000 1417023925282
W 10 5 3 001 1417023925974
W 10 5 3 002 1417023926495
W 10 5 3 003 1417023927237
W 10 5 3 004 1417023927621
W 10 5 3 005 1417023927959
W 10 5 3 006 1417023928496
W 10 5 3 007 1417023929777
W 10 5 3 008 1417023930859
W 10 5 3 009 1417023931609
***
R 10 5 4 000 1417024019241
R 10 5 4 001 1417024019997
R 10 5 4 002 1417024019997
R 10 5 4 003 1417024021163
R 10 5 4 004 1417024021163
---
W 10 5 4 000 1417024017653
W 10 5 4 001 1417024018273
W 10 5 4 002 1417024018613
W 10 5 4 003 1417024019279
W 10 5 4 004 1417024019799
W 10 5 4 005 1417024020107
W 10 5 4 006 1417024020488
W 10 5 4 007 1417024020816
W 10 5 4 008 1417024021127
W 10 5 4 009 1417024022152
***
R 10 5 5 000 1417024734600
R 10 5 5 001 1417024735097
R 10 5 5 002 1417024735715
R 10 5 5 003 1417024735715
R 10 5 5 004 1417024736325
R 10 5 5 005 1417024736325
R 10 5 5 006 1417024736325
---
W 10 5 5 000 1417024733334
W 10 5 5 001 1417024734021
W 10 5 5 002 1417024734481
W 10 5 5 003 1417024734778
W 10 5 5 004 1417024735068
W 10 5 5 005 1417024735355
W 10 5 5 006 1417024735663
W 10 5 5 007 1417024735975
W 10 5 5 008 1417024736519
W 10 5 5 009 1417024737603
***
R 10 6 1 000 1417025379595
R 10 6 1 001 1417025380314
R 10 6 1 002 1417025381278
R 10 6 1 003 1417025381278
R 10 6 1 004 1417025382300
---
W 10 6 1 000 1417025378245
W 10 6 1 001 1417025379041
W 10 6 1 002 1417025379615
W 10 6 1 003 1417025379865
W 10 6 1 004 1417025380381
W 10 6 1 005 1417025380633
W 10 6 1 006 1417025380975
W 10 6 1 007 1417025381966
W 10 6 1 008 1417025383348
W 10 6 1 009 1417025383856
***
R 10 6 2 000 1417025514919
R 10 6 2 001 1417025515746
R 10 6 2 002 1417025516352
R 10 6 2 003 1417025517818
R 10 6 2 004 1417025517818
---
W 10 6 2 000 1417025513750
W 10 6 2 001 1417025514406
W 10 6 2 002 1417025514933
W 10 6 2 003 1417025515319
W 10 6 2 004 1417025515837
W 10 6 2 005 1417025516320
W 10 6 2 006 1417025517438
W 10 6 2 007 1417025518031
W 10 6 2 008 1417025519387
W 10 6 2 009 1417025519899
***
R 10 6 3 000 1417025651251
R 10 6 3 001 1417025651923
R 10 6 3 002 1417025651923
R 10 6 3 003 1417025652582
R 10 6 3 004 1417025653586
---
W 10 6 3 000 1417025649828
W 10 6 3 001 1417025650509
W 10 6 3 002 1417025650779
W 10 6 3 003 1417025651079
W 10 6 3 004 1417025651627
W 10 6 3 005 1417025651858
W 10 6 3 006 1417025652228
W 10 6 3 007 1417025653394
W 10 6 3 008 1417025654466
W 10 6 3 009 1417025655778
***
W 10 6 4 000 1417025787758
W 10 6 4 001 1417025788970
W 10 6 4 002 1417025789331
W 10 6 4 003 1417025789622
W 10 6 4 004 1417025789880
W 10 6 4 005 1417025790193
W 10 6 4 006 1417025790602
W 10 6 4 007 1417025791653
W 10 6 4 008 1417025792034
W 10 6 4 009 1417025792258
***
R 10 6 4 000 1417025789405
R 10 6 4 001 1417025793028
R 10 6 4 002 1417025793028
R 10 6 4 003 1417025793028
R 10 6 4 004 1417025793028
R 10 6 4 005 1417025793028
---
R 10 6 5 000 1417025932573
R 10 6 5 001 1417025932921
R 10 6 5 002 1417025933318
R 10 6 5 003 1417025933318
R 10 6 5 004 1417025933727
R 10 6 5 005 1417025933727
---
W 10 6 5 000 1417025931900
W 10 6 5 001 1417025932327
W 10 6 5 002 1417025932568
W 10 6 5 003 1417025932788
W 10 6 5 004 1417025933018
W 10 6 5 005 1417025933311
W 10 6 5 006 1417025933548
W 10 6 5 007 1417025933765
W 10 6 5 008 1417025934029
W 10 6 5 009 1417025934299
***
W 10 7 1 000 1417026581241
W 10 7 1 001 1417026582317
W 10 7 1 002 1417026582868
W 10 7 1 003 1417026583094
W 10 7 1 004 1417026583386
W 10 7 1 005 1417026602615
W 10 7 1 006 1417026606163
W 10 7 1 007 1417026607713
W 10 7 1 008 1417026608965
W 10 7 1 009 1417026610363
***
W 10 7 2 000 1417026748948
W 10 7 2 001 1417026749556
W 10 7 2 002 1417026749964
W 10 7 2 003 1417026750447
W 10 7 2 004 1417026750958
W 10 7 2 005 1417026751181
W 10 7 2 006 1417026751885
W 10 7 2 007 1417026752346
W 10 7 2 008 1417026752990
W 10 7 2 009 1417026770223
***
W 10 7 3 000 1417026908901
W 10 7 3 001 1417026910191
W 10 7 3 002 1417026910476
W 10 7 3 003 1417026911130
W 10 7 3 004 1417026911688
W 10 7 3 005 1417026911949
W 10 7 3 006 1417026912302
W 10 7 3 007 1417026912707
W 10 7 3 008 1417026913023
W 10 7 3 009 1417026913970
***
R 10 7 3 000 1417026911712
R 10 7 3 001 1417026911908
R 10 7 3 002 1417026916300
R 10 7 3 003 1417026917744
R 10 7 3 004 1417026917744
R 10 7 3 005 1417026917744
R 10 7 3 006 1417026917744
---
R 10 7 4 000 1417027057156
R 10 7 4 001 1417027066958
R 10 7 4 002 1417027066958
R 10 7 4 003 1417027066958
R 10 7 4 004 1417027066958
R 10 7 4 005 1417027066958
---
W 10 7 4 000 1417027054394
W 10 7 4 001 1417027055765
W 10 7 4 002 1417027057024
W 10 7 4 003 1417027057954
W 10 7 4 004 1417027058500
W 10 7 4 005 1417027059407
W 10 7 4 006 1417027060783
W 10 7 4 007 1417027073249
W 10 7 4 008 1417027074191
W 10 7 4 009 1417027074818
***
R 10 7 5 000 1417027207299
R 10 7 5 001 1417027207703
R 10 7 5 002 1417027207703
R 10 7 5 003 1417027208099
R 10 7 5 004 1417027208099
R 10 7 5 005 1417027208099
---
W 10 7 5 000 1417027206402
W 10 7 5 001 1417027206873
W 10 7 5 002 1417027207090
W 10 7 5 003 1417027207290
W 10 7 5 004 1417027207500
W 10 7 5 005 1417027207692
W 10 7 5 006 1417027207878
W 10 7 5 007 1417027208079
W 10 7 5 008 1417027208290
W 10 7 5 009 1417027208474
***
R 10 8 1 000 1417027854162
R 10 8 1 001 1417027854682
R 10 8 1 002 1417027854682
R 10 8 1 003 1417027864262
R 10 8 1 004 1417027864262
R 10 8 1 005 1417027864262
R 10 8 1 006 1417027864262
---
W 10 8 1 000 1417027852795
W 10 8 1 001 1417027853534
W 10 8 1 002 1417027853783
W 10 8 1 003 1417027854105
W 10 8 1 004 1417027854304
W 10 8 1 005 1417027854559
W 10 8 1 006 1417027854823
W 10 8 1 007 1417027855077
W 10 8 1 008 1417027855773
W 10 8 1 009 1417027866268
***
W 10 8 2 000 1417028003505
W 10 8 2 001 1417028004779
W 10 8 2 002 1417028005061
W 10 8 2 003 1417028005302
W 10 8 2 004 1417028005499
W 10 8 2 005 1417028005694
W 10 8 2 006 1417028005873
W 10 8 2 007 1417028006189
W 10 8 2 008 1417028006449
W 10 8 2 009 1417028006975
***
R 10 8 2 000 1417028005312
R 10 8 2 001 1417028010604
R 10 8 2 002 1417028010604
R 10 8 2 003 1417028010604
R 10 8 2 004 1417028010604
R 10 8 2 005 1417028010604
R 10 8 2 006 1417028010604
R 10 8 2 007 1417028010604
R 10 8 2 008 1417028010604
R 10 8 2 009 1417028010604
---
R 10 8 3 000 1417028146039
R 10 8 3 001 1417028146648
R 10 8 3 002 1417028147884
R 10 8 3 003 1417028147884
R 10 8 3 004 1417028148258
---
W 10 8 3 000 1417028145042
W 10 8 3 001 1417028145813
W 10 8 3 002 1417028146098
W 10 8 3 003 1417028146483
W 10 8 3 004 1417028146783
W 10 8 3 005 1417028147047
W 10 8 3 006 1417028147565
W 10 8 3 007 1417028148647
W 10 8 3 008 1417028149497
W 10 8 3 009 1417028150031
***
R 10 8 4 000 1417028283777
R 10 8 4 001 1417028284134
R 10 8 4 002 1417028284134
R 10 8 4 003 1417028285170
R 10 8 4 004 1417028286002
R 10 8 4 005 1417028286002
---
W 10 8 4 000 1417028282136
W 10 8 4 001 1417028282956
W 10 8 4 002 1417028283231
W 10 8 4 003 1417028283584
W 10 8 4 004 1417028283888
W 10 8 4 005 1417028284286
W 10 8 4 006 1417028284687
W 10 8 4 007 1417028285221
W 10 8 4 008 1417028285445
W 10 8 4 009 1417028286304
***
R 10 8 5 000 1417028428857
R 10 8 5 001 1417028429237
R 10 8 5 002 1417028429237
R 10 8 5 003 1417028429237
R 10 8 5 004 1417028429641
R 10 8 5 005 1417028429641
R 10 8 5 006 1417028429641
---
W 10 8 5 000 1417028428079
W 10 8 5 001 1417028428413
W 10 8 5 002 1417028428610
W 10 8 5 003 1417028428792
W 10 8 5 004 1417028428978
W 10 8 5 005 1417028429166
W 10 8 5 006 1417028429340
W 10 8 5 007 1417028429526
W 10 8 5 008 1417028429699
W 10 8 5 009 1417028429878
***
W 10 9 1 000 1417072929784
W 10 9 1 001 1417072930233
W 10 9 1 002 1417072930435
W 10 9 1 003 1417072930632
W 10 9 1 004 1417072931072
W 10 9 1 005 1417072931421
W 10 9 1 006 1417072931616
W 10 9 1 007 1417072931839
W 10 9 1 008 1417072932075
W 10 9 1 009 1417072932308
***
R 10 9 1 000 1417072931100
R 10 9 1 001 1417072931354
R 10 9 1 002 1417072931354
R 10 9 1 003 1417072932081
R 10 9 1 004 1417072933196
R 10 9 1 005 1417072933196
R 10 9 1 006 1417072933196
R 10 9 1 007 1417072933196
R 10 9 1 008 1417072933196
---
R 10 9 2 000 1417073066600
R 10 9 2 001 1417073067226
R 10 9 2 002 1417073067226
R 10 9 2 003 1417073067226
R 10 9 2 004 1417073067840
---
W 10 9 2 000 1417073065322
W 10 9 2 001 1417073065805
W 10 9 2 002 1417073066037
W 10 9 2 003 1417073066260
W 10 9 2 004 1417073066622
W 10 9 2 005 1417073067067
W 10 9 2 006 1417073067372
W 10 9 2 007 1417073067569
W 10 9 2 008 1417073067833
W 10 9 2 009 1417073068308
***
R 10 9 3 000 1417073200956
R 10 9 3 001 1417073201475
R 10 9 3 002 1417073201475
R 10 9 3 003 1417073202177
R 10 9 3 004 1417073202177
R 10 9 3 005 1417073202177
---
W 10 9 3 000 1417073199828
W 10 9 3 001 1417073200268
W 10 9 3 002 1417073200455
W 10 9 3 003 1417073200646
W 10 9 3 004 1417073200893
W 10 9 3 005 1417073201075
W 10 9 3 006 1417073201467
W 10 9 3 007 1417073201667
W 10 9 3 008 1417073202003
W 10 9 3 009 1417073202466
***
R 10 9 4 000 1417073335920
R 10 9 4 001 1417073336120
R 10 9 4 002 1417073336120
R 10 9 4 003 1417073336746
R 10 9 4 004 1417073337801
R 10 9 4 005 1417073337801
---
W 10 9 4 000 1417073334433
W 10 9 4 001 1417073334958
W 10 9 4 002 1417073335171
W 10 9 4 003 1417073335362
W 10 9 4 004 1417073335740
W 10 9 4 005 1417073336136
W 10 9 4 006 1417073336314
W 10 9 4 007 1417073336758
W 10 9 4 008 1417073336942
W 10 9 4 009 1417073337448
***
R 10 9 5 000 1417073474859
R 10 9 5 001 1417073475266
R 10 9 5 002 1417073475266
R 10 9 5 003 1417073475666
R 10 9 5 004 1417073475666
---
W 10 9 5 000 1417073474045
W 10 9 5 001 1417073474461
W 10 9 5 002 1417073474725
W 10 9 5 003 1417073474945
W 10 9 5 004 1417073475139
W 10 9 5 005 1417073475346
W 10 9 5 006 1417073475540
W 10 9 5 007 1417073475749
W 10 9 5 008 1417073475956
W 10 9 5 009 1417073476110
***
W 10 10 1 000 1417073629289
W 10 10 1 001 1417073629471
W 10 10 1 002 1417073629595
W 10 10 1 003 1417073629715
W 10 10 1 004 1417073629832
W 10 10 1 005 1417073629951
W 10 10 1 006 1417073630066
W 10 10 1 007 1417073630180
W 10 10 1 008 1417073630294
W 10 10 1 009 1417073630411
***
R 10 10 2 000 1417073840711
R 10 10 2 001 1417073841852
R 10 10 2 002 1417073843062
R 10 10 2 003 1417073844280
R 10 10 2 004 1417073844280
---
W 10 10 2 000 1417073839199
W 10 10 2 001 1417073839970
W 10 10 2 002 1417073840920
W 10 10 2 003 1417073841438
W 10 10 2 004 1417073841891
W 10 10 2 005 1417073842205
W 10 10 2 006 1417073843535
W 10 10 2 007 1417073844730
W 10 10 2 008 1417073845598
W 10 10 2 009 1417073845833
***
R 10 10 3 000 1417073933797
R 10 10 3 001 1417073934318
R 10 10 3 002 1417073934318
R 10 10 3 003 1417073934684
R 10 10 3 004 1417073935577
---
W 10 10 3 000 1417073932132
W 10 10 3 001 1417073932852
W 10 10 3 002 1417073933252
W 10 10 3 003 1417073933686
W 10 10 3 004 1417073934098
W 10 10 3 005 1417073934350
W 10 10 3 006 1417073934745
W 10 10 3 007 1417073935805
W 10 10 3 008 1417073936561
W 10 10 3 009 1417073937434
***
R 10 10 4 000 1417074025916
R 10 10 4 001 1417074026408
R 10 10 4 002 1417074027101
R 10 10 4 003 1417074028253
R 10 10 4 004 1417074029207
---
W 10 10 4 000 1417074024300
W 10 10 4 001 1417074024996
W 10 10 4 002 1417074025440
W 10 10 4 003 1417074025955
W 10 10 4 004 1417074026473
W 10 10 4 005 1417074026944
W 10 10 4 006 1417074027717
W 10 10 4 007 1417074028727
W 10 10 4 008 1417074029873
W 10 10 4 009 1417074030838
***
R 10 10 5 000 1417074118914
R 10 10 5 001 1417074119592
R 10 10 5 002 1417074119592
R 10 10 5 003 1417074120275
R 10 10 5 004 1417074121034
---
W 10 10 5 000 1417074117408
W 10 10 5 001 1417074117994
W 10 10 5 002 1417074118238
W 10 10 5 003 1417074118657
W 10 10 5 004 1417074119149
W 10 10 5 005 1417074119518
W 10 10 5 006 1417074120283
W 10 10 5 007 1417074120905
W 10 10 5 008 1417074121242
W 10 10 5 009 1417074122271
***
W 20 1 1 000 1417074505229
W 20 1 1 001 1417074506884
W 20 1 1 002 1417074509462
W 20 1 1 003 1417074512226
W 20 1 1 004 1417074514877
W 20 1 1 005 1417074518386
W 20 1 1 006 1417074521934
W 20 1 1 007 1417074525996
W 20 1 1 008 1417074530157
W 20 1 1 009 1417074533439
***
R 20 1 2 000 1417074710853
R 20 1 2 001 1417074712988
R 20 1 2 002 1417074719571
R 20 1 2 003 1417074722924
R 20 1 2 004 1417074728737
---
W 20 1 2 000 1417074679218
W 20 1 2 001 1417074703150
W 20 1 2 002 1417074706618
W 20 1 2 003 1417074710846
W 20 1 2 004 1417074714958
W 20 1 2 005 1417074718762
W 20 1 2 006 1417074722511
W 20 1 2 007 1417074726524
W 20 1 2 008 1417074730877
W 20 1 2 009 1417074734388
***
R 20 1 3 000 1417074858684
R 20 1 3 001 1417074859714
R 20 1 3 002 1417074860707
R 20 1 3 003 1417074861907
R 20 1 3 004 1417074862754
---
W 20 1 3 000 1417074857466
W 20 1 3 001 1417074858965
W 20 1 3 002 1417074860023
W 20 1 3 003 1417074861079
W 20 1 3 004 1417074862121
W 20 1 3 005 1417074863189
W 20 1 3 006 1417074864331
W 20 1 3 007 1417074865392
W 20 1 3 008 1417074866427
W 20 1 3 009 1417074867467
***
W 20 1 4 000 1417074988169
W 20 1 4 001 1417074989369
W 20 1 4 002 1417074990402
W 20 1 4 003 1417074991425
W 20 1 4 004 1417074992452
W 20 1 4 005 1417074993477
W 20 1 4 006 1417074994498
W 20 1 4 007 1417074995513
W 20 1 4 008 1417074996534
W 20 1 4 009 1417074997552
***
W 20 1 5 000 1417075700876
W 20 1 5 001 1417075702501
W 20 1 5 002 1417075704162
W 20 1 5 003 1417075706659
W 20 1 5 004 1417075709127
W 20 1 5 005 1417075712521
W 20 1 5 006 1417075716071
W 20 1 5 007 1417075719900
W 20 1 5 008 1417075723279
W 20 1 5 009 1417075726688
***
R 20 2 1 000 1417076272345
R 20 2 1 001 1417076279860
R 20 2 1 002 1417076290297
R 20 2 1 003 1417076298905
R 20 2 1 004 1417076298905
---
W 20 2 1 000 1417076265248
W 20 2 1 001 1417076267757
W 20 2 1 002 1417076273821
W 20 2 1 003 1417076278888
W 20 2 1 004 1417076284803
W 20 2 1 005 1417076289437
W 20 2 1 006 1417076294348
W 20 2 1 007 1417076299666
W 20 2 1 008 1417076303331
W 20 2 1 009 1417076306151
***
R 20 2 2 000 1417076428778
R 20 2 2 001 1417076437498
R 20 2 2 002 1417076440297
R 20 2 2 003 1417076444147
R 20 2 2 004 1417076451685
---
W 20 2 2 000 1417076425311
W 20 2 2 001 1417076426837
W 20 2 2 002 1417076429853
W 20 2 2 003 1417076432775
W 20 2 2 004 1417076435626
W 20 2 2 005 1417076439006
W 20 2 2 006 1417076441881
W 20 2 2 007 1417076445830
W 20 2 2 008 1417076449334
W 20 2 2 009 1417076452574
***
R 20 2 3 000 1417076585468
R 20 2 3 001 1417076585831
R 20 2 3 002 1417076586623
R 20 2 3 003 1417076587031
R 20 2 3 004 1417076587630
---
W 20 2 3 000 1417076584279
W 20 2 3 001 1417076585156
W 20 2 3 002 1417076585798
W 20 2 3 003 1417076586383
W 20 2 3 004 1417076586966
W 20 2 3 005 1417076587565
W 20 2 3 006 1417076588149
W 20 2 3 007 1417076588783
W 20 2 3 008 1417076589366
W 20 2 3 009 1417076589987
***
R 20 2 5 000 1417076982701
R 20 2 5 001 1417076985266
R 20 2 5 002 1417076995570
R 20 2 5 003 1417076995570
R 20 2 5 004 1417077001332
R 20 2 5 005 1417077001332
---
W 20 2 5 000 1417076967272
W 20 2 5 001 1417076976613
W 20 2 5 002 1417076979601
W 20 2 5 003 1417076982910
W 20 2 5 004 1417076985772
W 20 2 5 005 1417076989535
W 20 2 5 006 1417076993207
W 20 2 5 007 1417076996837
W 20 2 5 008 1417076999847
W 20 2 5 009 1417077004077
***
R 20 3 1 000 1417078364301
R 20 3 1 001 1417078368061
R 20 3 1 002 1417078371977
R 20 3 1 003 1417078375685
R 20 3 1 004 1417078381021
---
W 20 3 1 000 1417078360672
W 20 3 1 001 1417078361743
W 20 3 1 002 1417078362907
W 20 3 1 003 1417078365512
W 20 3 1 004 1417078368277
W 20 3 1 005 1417078371166
W 20 3 1 006 1417078374662
W 20 3 1 007 1417078377793
W 20 3 1 008 1417078380821
W 20 3 1 009 1417078384020
***
R 20 3 2 000 1417079894408
R 20 3 2 001 1417079894408
R 20 3 2 002 1417079902891
R 20 3 2 003 1417079909778
R 20 3 2 004 1417079923600
R 20 3 2 005 1417079923600
---
W 20 3 2 000 1417079873581
W 20 3 2 001 1417079878789
W 20 3 2 002 1417079886050
W 20 3 2 003 1417079892729
W 20 3 2 004 1417079898534
W 20 3 2 005 1417079904202
W 20 3 2 006 1417079910022
W 20 3 2 007 1417079914696
W 20 3 2 008 1417079920987
W 20 3 2 009 1417079927249
***
R 20 3 3 000 1417080746121
R 20 3 3 001 1417080747959
R 20 3 3 002 1417080755125
R 20 3 3 003 1417080757748
R 20 3 3 004 1417080760494
---
W 20 3 3 000 1417080741822
W 20 3 3 001 1417080744681
W 20 3 3 002 1417080746466
W 20 3 3 003 1417080749127
W 20 3 3 004 1417080752232
W 20 3 3 005 1417080755946
W 20 3 3 006 1417080759245
W 20 3 3 007 1417080762366
W 20 3 3 008 1417080765123
W 20 3 3 009 1417080767789
***
W 20 3 4 000 1417081220075
W 20 3 4 001 1417081222015
W 20 3 4 002 1417081224532
W 20 3 4 003 1417081226749
W 20 3 4 004 1417081230041
W 20 3 4 005 1417081233079
W 20 3 4 006 1417081236559
W 20 3 4 007 1417081240317
W 20 3 4 008 1417081254144
W 20 3 4 009 1417081270979
***
R 20 3 5 000 1417081799303
R 20 3 5 001 1417081805683
R 20 3 5 002 1417081809373
R 20 3 5 003 1417081817469
R 20 3 5 004 1417081817469
---
W 20 3 5 000 1417081792851
W 20 3 5 001 1417081795724
W 20 3 5 002 1417081798742
W 20 3 5 003 1417081801542
W 20 3 5 004 1417081804397
W 20 3 5 005 1417081807914
W 20 3 5 006 1417081811211
W 20 3 5 007 1417081820698
W 20 3 5 008 1417081822505
W 20 3 5 009 1417081824765
***
R 20 4 1 000 1417082373220
R 20 4 1 001 1417082392952
R 20 4 1 002 1417082392952
R 20 4 1 003 1417082397912
R 20 4 1 004 1417082397912
---
W 20 4 1 000 1417082360599
W 20 4 1 001 1417082366843
W 20 4 1 002 1417082372167
W 20 4 1 003 1417082376906
W 20 4 1 004 1417082381472
W 20 4 1 005 1417082400310
W 20 4 1 006 1417082418859
W 20 4 1 007 1417082421511
W 20 4 1 008 1417082423390
W 20 4 1 009 1417082424652
***
W 20 4 2 000 1417082930582
W 20 4 2 001 1417082933790
W 20 4 2 002 1417082936625
W 20 4 2 003 1417082938365
W 20 4 2 004 1417082939608
W 20 4 2 005 1417082942275
W 20 4 2 006 1417082944976
W 20 4 2 007 1417082948230
W 20 4 2 008 1417082951072
W 20 4 2 009 1417082954863
***
W 20 4 3 000 1417083501494
W 20 4 3 001 1417083504915
W 20 4 3 002 1417083507467
W 20 4 3 003 1417083509855
W 20 4 3 004 1417083512782
W 20 4 3 005 1417083516102
W 20 4 3 006 1417083519203
W 20 4 3 007 1417083522827
W 20 4 3 008 1417083526315
W 20 4 3 009 1417083529809
***
R 20 4 4 000 1417084063631
R 20 4 4 001 1417084069917
R 20 4 4 002 1417084078374
R 20 4 4 003 1417084078374
R 20 4 4 004 1417084083108
---
W 20 4 4 000 1417084057822
W 20 4 4 001 1417084060526
W 20 4 4 002 1417084063025
W 20 4 4 003 1417084066560
W 20 4 4 004 1417084069524
W 20 4 4 005 1417084072624
W 20 4 4 006 1417084086670
W 20 4 4 007 1417084089160
W 20 4 4 008 1417084091962
W 20 4 4 009 1417084094711
***
W 20 4 5 000 1417084576860
W 20 4 5 001 1417084578948
W 20 4 5 002 1417084579900
W 20 4 5 003 1417084583067
W 20 4 5 004 1417084585948
W 20 4 5 005 1417084589474
W 20 4 5 006 1417084592532
W 20 4 5 007 1417084595894
W 20 4 5 008 1417084613391
W 20 4 5 009 1417084635404
***
W 20 5 1 000 1417085190138
W 20 5 1 001 1417085193322
W 20 5 1 002 1417085195325
W 20 5 1 003 1417085198016
W 20 5 1 004 1417085200608
W 20 5 1 005 1417085228682
W 20 5 1 006 1417085243842
W 20 5 1 007 1417085246629
W 20 5 1 008 1417085259831
W 20 5 1 009 1417085272183
***
W 20 5 2 000 1417085793903
W 20 5 2 001 1417085797179
W 20 5 2 002 1417085799838
W 20 5 2 003 1417085802737
W 20 5 2 004 1417085805876
W 20 5 2 005 1417085809011
W 20 5 2 006 1417085812506
W 20 5 2 007 1417085816194
W 20 5 2 008 1417085819243
W 20 5 2 009 1417085823324
***
R 20 5 3 000 1417086332158
R 20 5 3 001 1417086336223
R 20 5 3 002 1417086342430
R 20 5 3 003 1417086345256
R 20 5 3 004 1417086353186
R 20 5 3 005 1417086353186
---
W 20 5 3 000 1417086320789
W 20 5 3 001 1417086324863
W 20 5 3 002 1417086328353
W 20 5 3 003 1417086331526
W 20 5 3 004 1417086335110
W 20 5 3 005 1417086338413
W 20 5 3 006 1417086343906
W 20 5 3 007 1417086358559
W 20 5 3 008 1417086361447
W 20 5 3 009 1417086363719
***
W 20 5 4 000 1417086754966
W 20 5 4 001 1417086784478
W 20 5 4 002 1417086787347
W 20 5 4 003 1417086791256
W 20 5 4 004 1417086793957
W 20 5 4 005 1417086797306
W 20 5 4 006 1417086802363
W 20 5 4 007 1417086805106
W 20 5 4 008 1417086811064
W 20 5 4 009 1417086813357
***
R 20 5 5 000 1417087252658
R 20 5 5 001 1417087259311
R 20 5 5 002 1417087264259
R 20 5 5 003 1417087268259
R 20 5 5 004 1417087274010
---
W 20 5 5 000 1417087227791
W 20 5 5 001 1417087254306
W 20 5 5 002 1417087260073
W 20 5 5 003 1417087263609
W 20 5 5 004 1417087267582
W 20 5 5 005 1417087272427
W 20 5 5 006 1417087276212
W 20 5 5 007 1417087279115
W 20 5 5 008 1417087283688
W 20 5 5 009 1417087286572
***
W 20 6 1 000 1417087687447
W 20 6 1 001 1417087709882
W 20 6 1 002 1417087718201
W 20 6 1 003 1417087723513
W 20 6 1 004 1417087727358
W 20 6 1 005 1417087733272
W 20 6 1 006 1417087735355
W 20 6 1 007 1417087739737
W 20 6 1 008 1417087743957
W 20 6 1 009 1417087748959
***
W 20 6 2 000 1417088169383
W 20 6 2 001 1417088196200
W 20 6 2 002 1417088202991
W 20 6 2 003 1417088208998
W 20 6 2 004 1417088215460
W 20 6 2 005 1417088219597
W 20 6 2 006 1417088223444
W 20 6 2 007 1417088229242
W 20 6 2 008 1417088235052
W 20 6 2 009 1417088239704
***
R 20 6 3 000 1417088686101
R 20 6 3 001 1417088693309
R 20 6 3 002 1417088700953
R 20 6 3 003 1417088706060
R 20 6 3 004 1417088726013
---
W 20 6 3 000 1417088656261
W 20 6 3 001 1417088686276
W 20 6 3 002 1417088694421
W 20 6 3 003 1417088701183
W 20 6 3 004 1417088704303
W 20 6 3 005 1417088727779
W 20 6 3 006 1417088730752
W 20 6 3 007 1417088733886
W 20 6 3 008 1417088736366
W 20 6 3 009 1417088738687
***
W 20 6 4 000 1417089250767
W 20 6 4 001 1417089251824
W 20 6 4 002 1417089252513
W 20 6 4 003 1417089253006
W 20 6 4 004 1417089254027
W 20 6 4 005 1417089256849
W 20 6 4 006 1417089286183
W 20 6 4 007 1417089317863
W 20 6 4 008 1417089342171
W 20 6 4 009 1417089365932
***
W 20 6 5 000 1417089884210
W 20 6 5 001 1417089887909
W 20 6 5 002 1417089895174
W 20 6 5 003 1417089922776
W 20 6 5 004 1417089940676
W 20 6 5 005 1417089963083
W 20 6 5 006 1417089981412
W 20 6 5 007 1417090003221
W 20 6 5 008 1417090015745
W 20 6 5 009 1417090018582
***
R 20 7 1 000 1417090513113
R 20 7 1 001 1417090513113
R 20 7 1 002 1417090516401
R 20 7 1 003 1417090523584
R 20 7 1 004 1417090526677
---
W 20 7 1 000 1417090509709
W 20 7 1 001 1417090511792
W 20 7 1 002 1417090512041
W 20 7 1 003 1417090514027
W 20 7 1 004 1417090517075
W 20 7 1 005 1417090520003
W 20 7 1 006 1417090523029
W 20 7 1 007 1417090526343
W 20 7 1 008 1417090529393
W 20 7 1 009 1417090532476
***
W 20 7 2 000 1417091024446
W 20 7 2 001 1417091026279
W 20 7 2 002 1417091026986
W 20 7 2 003 1417091028567
W 20 7 2 004 1417091031184
W 20 7 2 005 1417091034096
W 20 7 2 006 1417091037465
W 20 7 2 007 1417091041059
W 20 7 2 008 1417091044190
W 20 7 2 009 1417091046727
***
W 20 7 3 000 1417091561393
W 20 7 3 001 1417091565278
W 20 7 3 002 1417091567158
W 20 7 3 003 1417091569652
W 20 7 3 004 1417091572832
W 20 7 3 005 1417091575965
W 20 7 3 006 1417091579259
W 20 7 3 007 1417091582612
W 20 7 3 008 1417091586303
W 20 7 3 009 1417091600068
***
W 20 7 4 000 1417092166224
W 20 7 4 001 1417092169594
W 20 7 4 002 1417092171815
W 20 7 4 003 1417092174752
W 20 7 4 004 1417092177414
W 20 7 4 005 1417092180384
W 20 7 4 006 1417092183540
W 20 7 4 007 1417092186437
W 20 7 4 008 1417092189976
W 20 7 4 009 1417092232647
***
R 20 7 5 000 1417092939690
R 20 7 5 001 1417092941489
R 20 7 5 002 1417092962055
R 20 7 5 003 1417092979547
R 20 7 5 004 1417093004738
---
W 20 7 5 000 1417092884598
W 20 7 5 001 1417092916370
W 20 7 5 002 1417092944033
W 20 7 5 003 1417092964183
W 20 7 5 004 1417092985733
W 20 7 5 005 1417093005043
W 20 7 5 006 1417093008975
W 20 7 5 007 1417093012611
W 20 7 5 008 1417093015345
W 20 7 5 009 1417093017661
***
R 20 8 1 000 1417093530807
R 20 8 1 001 1417093557147
R 20 8 1 002 1417093586197
R 20 8 1 003 1417093604400
R 20 8 1 004 1417093624541
---
W 20 8 1 000 1417093513041
W 20 8 1 001 1417093531527
W 20 8 1 002 1417093562673
W 20 8 1 003 1417093588531
W 20 8 1 004 1417093605932
W 20 8 1 005 1417093625592
W 20 8 1 006 1417093628779
W 20 8 1 007 1417093631863
W 20 8 1 008 1417093634909
W 20 8 1 009 1417093637602
***
R 20 8 2 000 1417094114864
R 20 8 2 001 1417094118327
R 20 8 2 002 1417094124702
R 20 8 2 003 1417094126762
R 20 8 2 004 1417094131833
---
W 20 8 2 000 1417094110019
W 20 8 2 001 1417094113239
W 20 8 2 002 1417094114391
W 20 8 2 003 1417094116826
W 20 8 2 004 1417094119527
W 20 8 2 005 1417094122958
W 20 8 2 006 1417094126214
W 20 8 2 007 1417094129084
W 20 8 2 008 1417094132896
W 20 8 2 009 1417094136543
***
W 20 8 3 000 1417094628502
W 20 8 3 001 1417094629377
W 20 8 3 002 1417094632144
W 20 8 3 003 1417094635512
W 20 8 3 004 1417094638945
W 20 8 3 005 1417094642200
W 20 8 3 006 1417094646216
W 20 8 3 007 1417094650497
W 20 8 3 008 1417094654145
W 20 8 3 009 1417094658189
***
W 20 8 4 000 1417095253492
W 20 8 4 001 1417095255187
W 20 8 4 002 1417095255878
W 20 8 4 003 1417095258386
W 20 8 4 004 1417095260979
W 20 8 4 005 1417095263851
W 20 8 4 006 1417095267558
W 20 8 4 007 1417095270987
W 20 8 4 008 1417095274386
W 20 8 4 009 1417095277739
***
W 20 8 5 000 1417095880908
W 20 8 5 001 1417095883295
W 20 8 5 002 1417095885210
W 20 8 5 003 1417095887591
W 20 8 5 004 1417095890256
W 20 8 5 005 1417095893099
W 20 8 5 006 1417095896331
W 20 8 5 007 1417095899633
W 20 8 5 008 1417095902751
W 20 8 5 009 1417095905565
***
W 20 9 1 000 1417096442775
W 20 9 1 001 1417096445283
W 20 9 1 002 1417096447021
W 20 9 1 003 1417096448825
W 20 9 1 004 1417096451315
W 20 9 1 005 1417096482917
W 20 9 1 006 1417096509647
W 20 9 1 007 1417096540039
W 20 9 1 008 1417096565985
W 20 9 1 009 1417096572542
***
R 20 9 2 000 1417097052699
R 20 9 2 001 1417097058234
R 20 9 2 002 1417097062646
R 20 9 2 003 1417097067001
R 20 9 2 004 1417097073526
---
W 20 9 2 000 1417097044251
W 20 9 2 001 1417097047591
W 20 9 2 002 1417097050100
W 20 9 2 003 1417097052815
W 20 9 2 004 1417097055371
W 20 9 2 005 1417097058805
W 20 9 2 006 1417097062973
W 20 9 2 007 1417097066774
W 20 9 2 008 1417097069939
W 20 9 2 009 1417097072964
***
W 20 9 3 000 1417097548311
W 20 9 3 001 1417097549480
W 20 9 3 002 1417097552864
W 20 9 3 003 1417097556585
W 20 9 3 004 1417097560871
W 20 9 3 005 1417097564524
W 20 9 3 006 1417097572998
W 20 9 3 007 1417097617096
W 20 9 3 008 1417097645342
W 20 9 3 009 1417097675447
***
R 20 9 4 000 1417098257963
R 20 9 4 001 1417098271027
R 20 9 4 002 1417098285168
R 20 9 4 003 1417098300715
R 20 9 4 004 1417098315873
---
W 20 9 4 000 1417098200014
W 20 9 4 001 1417098258980
W 20 9 4 002 1417098272538
W 20 9 4 003 1417098286281
W 20 9 4 004 1417098302939
W 20 9 4 005 1417098317419
W 20 9 4 006 1417098324526
W 20 9 4 007 1417098328046
W 20 9 4 008 1417098331888
W 20 9 4 009 1417098335681
***
W 20 9 5 000 1417098736840
W 20 9 5 001 1417098770140
W 20 9 5 002 1417098776498
W 20 9 5 003 1417098783580
W 20 9 5 004 1417098788990
W 20 9 5 005 1417098793182
W 20 9 5 006 1417098797750
W 20 9 5 007 1417098804879
W 20 9 5 008 1417098811287
W 20 9 5 009 1417098815695
***
W 20 10 1 000 1417099236873
W 20 10 1 001 1417099267797
W 20 10 1 002 1417099274553
W 20 10 1 003 1417099282553
W 20 10 1 004 1417099288059
W 20 10 1 005 1417099293006
W 20 10 1 006 1417099298794
W 20 10 1 007 1417099304199
W 20 10 1 008 1417099310154
W 20 10 1 009 1417099315202
***
W 20 10 2 000 1417099736131
W 20 10 2 001 1417099768537
W 20 10 2 002 1417099775398
W 20 10 2 003 1417099781570
W 20 10 2 004 1417099786126
W 20 10 2 005 1417099789325
W 20 10 2 006 1417099796471
W 20 10 2 007 1417099802434
W 20 10 2 008 1417099809688
W 20 10 2 009 1417099816780
***
W 20 10 3 000 1417100240136
W 20 10 3 001 1417100268714
W 20 10 3 002 1417100275793
W 20 10 3 003 1417100284037
W 20 10 3 004 1417100289535
W 20 10 3 005 1417100295739
W 20 10 3 006 1417100302354
W 20 10 3 007 1417100307929
W 20 10 3 008 1417100315389
W 20 10 3 009 1417100321716
***
W 20 10 4 000 1417100743396
W 20 10 4 001 1417100770251
W 20 10 4 002 1417100775317
W 20 10 4 003 1417100784417
W 20 10 4 004 1417100790759
W 20 10 4 005 1417100796513
W 20 10 4 006 1417100804246
W 20 10 4 007 1417100809604
W 20 10 4 008 1417100815711
W 20 10 4 009 1417100820964
***
R 20 10 5 000 1417101278756
R 20 10 5 001 1417101283701
R 20 10 5 002 1417101294957
R 20 10 5 003 1417101301695
R 20 10 5 004 1417101307698
---
W 20 10 5 000 1417101245850
W 20 10 5 001 1417101278372
W 20 10 5 002 1417101285259
W 20 10 5 003 1417101294795
W 20 10 5 004 1417101302456
W 20 10 5 005 1417101307658
W 20 10 5 006 1417101312804
W 20 10 5 007 1417101319652
W 20 10 5 008 1417101322767
W 20 10 5 009 1417101323901
***
R 30 1 1 000 1417102179074
R 30 1 1 001 1417102211014
R 30 1 1 002 1417102229824
R 30 1 1 003 1417102248561
R 30 1 1 004 1417102266860
---
W 30 1 1 000 1417102148756
W 30 1 1 001 1417102187120
W 30 1 1 002 1417102213862
W 30 1 1 003 1417102232029
W 30 1 1 004 1417102253665
W 30 1 1 005 1417102269713
W 30 1 1 006 1417102272910
W 30 1 1 007 1417102277169
W 30 1 1 008 1417102280539
W 30 1 1 009 1417102284181
***
W 30 1 2 000 1417103132117
W 30 1 2 001 1417103177134
W 30 1 2 002 1417103205544
W 30 1 2 003 1417103237239
W 30 1 2 004 1417103256283
W 30 1 2 005 1417103262400
W 30 1 2 006 1417103266498
W 30 1 2 007 1417103270961
W 30 1 2 008 1417103276203
W 30 1 2 009 1417103282813
***
W 30 1 3 000 1417104175716
W 30 1 3 001 1417104215188
W 30 1 3 002 1417104240033
W 30 1 3 003 1417104265441
W 30 1 3 004 1417104282580
W 30 1 3 005 1417104295333
W 30 1 3 006 1417104303645
W 30 1 3 007 1417104308666
W 30 1 3 008 1417104312233
W 30 1 3 009 1417104315158
***
W 30 1 4 000 1417105127146
W 30 1 4 001 1417105162416
W 30 1 4 002 1417105197156
W 30 1 4 003 1417105220804
W 30 1 4 004 1417105240609
W 30 1 4 005 1417105251278
W 30 1 4 006 1417105257214
W 30 1 4 007 1417105262662
W 30 1 4 008 1417105266576
W 30 1 4 009 1417105270342
***
W 30 1 5 000 1417106139420
W 30 1 5 001 1417106176332
W 30 1 5 002 1417106213842
W 30 1 5 003 1417106230538
W 30 1 5 004 1417106242091
W 30 1 5 005 1417106249340
W 30 1 5 006 1417106265129
W 30 1 5 007 1417106269858
W 30 1 5 008 1417106274278
W 30 1 5 009 1417106277920
***
W 30 2 1 000 1417107106081
W 30 2 1 001 1417107173734
W 30 2 1 002 1417107222220
W 30 2 1 003 1417107246645
W 30 2 1 004 1417107250507
W 30 2 1 005 1417107255500
W 30 2 1 006 1417107260302
W 30 2 1 007 1417107265015
W 30 2 1 008 1417107269042
W 30 2 1 009 1417107273914
***
R 30 2 2 000 1417108202005
R 30 2 2 001 1417108238906
R 30 2 2 002 1417108269640
R 30 2 2 003 1417108276130
R 30 2 2 004 1417108281848
---
W 30 2 2 000 1417108138037
W 30 2 2 001 1417108208820
W 30 2 2 002 1417108250160
W 30 2 2 003 1417108268850
W 30 2 2 004 1417108272051
W 30 2 2 005 1417108275474
W 30 2 2 006 1417108278757
W 30 2 2 007 1417108282668
W 30 2 2 008 1417108287774
W 30 2 2 009 1417108291172
***
W 30 2 3 000 1417109149196
W 30 2 3 001 1417109266627
W 30 2 3 002 1417109279008
W 30 2 3 003 1417109283079
W 30 2 3 004 1417109287269
W 30 2 3 005 1417109291967
W 30 2 3 006 1417109295502
W 30 2 3 007 1417109299324
W 30 2 3 008 1417109303037
W 30 2 3 009 1417109306424
***
W 30 2 4 000 1417110167147
W 30 2 4 001 1417110225509
W 30 2 4 002 1417110281863
W 30 2 4 003 1417110290950
W 30 2 4 004 1417110294439
W 30 2 4 005 1417110298937
W 30 2 4 006 1417110304852
W 30 2 4 007 1417110308869
W 30 2 4 008 1417110312615
W 30 2 4 009 1417110316736
***
R 30 2 5 000 1417111280801
R 30 2 5 001 1417111325201
R 30 2 5 002 1417111354468
R 30 2 5 003 1417111359433
R 30 2 5 004 1417111372594
R 30 2 5 005 1417111372594
---
W 30 2 5 000 1417111215581
W 30 2 5 001 1417111285453
W 30 2 5 002 1417111329652
W 30 2 5 003 1417111352105
W 30 2 5 004 1417111356625
W 30 2 5 005 1417111361892
W 30 2 5 006 1417111366994
W 30 2 5 007 1417111371017
W 30 2 5 008 1417111374911
W 30 2 5 009 1417111378513
***
