R 5 1 1 000 1417619578861
R 5 1 1 001 1417619579214
R 5 1 1 002 1417619580612
R 5 1 1 003 1417619581013
R 5 1 1 004 1417619581625
---
W 5 1 1 000 1417619576741
W 5 1 1 001 1417619577872
W 5 1 1 002 1417619578936
W 5 1 1 003 1417619579982
W 5 1 1 004 1417619581053
W 5 1 1 005 1417619582113
W 5 1 1 006 1417619583164
W 5 1 1 007 1417619584214
W 5 1 1 008 1417619585256
W 5 1 1 009 1417619586302
***
R 5 1 1 000 1417620041089
R 5 1 1 001 1417620042664
R 5 1 1 002 1417620043021
R 5 1 1 003 1417620044092
R 5 1 1 004 1417620045136
---
W 5 1 1 000 1417620040180
W 5 1 1 001 1417620041396
W 5 1 1 002 1417620042469
W 5 1 1 003 1417620043525
W 5 1 1 004 1417620044575
W 5 1 1 005 1417620045630
W 5 1 1 006 1417620046676
W 5 1 1 007 1417620047716
W 5 1 1 008 1417620048750
W 5 1 1 009 1417620049788
***
R 5 1 1 000 1417620171284
R 5 1 1 001 1417620172466
R 5 1 1 002 1417620173366
R 5 1 1 003 1417620174412
R 5 1 1 004 1417620175469
---
W 5 1 1 000 1417620170672
W 5 1 1 001 1417620171853
W 5 1 1 002 1417620172907
W 5 1 1 003 1417620173949
W 5 1 1 004 1417620174992
W 5 1 1 005 1417620176043
W 5 1 1 006 1417620177098
W 5 1 1 007 1417620178143
W 5 1 1 008 1417620179177
W 5 1 1 009 1417620180215
***
R 5 1 1 000 1417620407269
R 5 1 1 001 1417620408466
R 5 1 1 002 1417620409074
R 5 1 1 003 1417620409546
R 5 1 1 004 1417620410763
---
W 5 1 1 000 1417620405789
W 5 1 1 001 1417620406958
W 5 1 1 002 1417620408042
W 5 1 1 003 1417620409083
W 5 1 1 004 1417620410135
W 5 1 1 005 1417620411182
W 5 1 1 006 1417620412225
W 5 1 1 007 1417620413282
W 5 1 1 008 1417620414316
W 5 1 1 009 1417620415359
***
R 5 1 1 000 1417620551021
R 5 1 1 001 1417620551902
R 5 1 1 002 1417620552960
R 5 1 1 003 1417620554062
R 5 1 1 004 1417620555069
---
W 5 1 1 000 1417620550247
W 5 1 1 001 1417620551429
W 5 1 1 002 1417620552493
W 5 1 1 003 1417620553535
W 5 1 1 004 1417620554579
W 5 1 1 005 1417620555630
W 5 1 1 006 1417620556675
W 5 1 1 007 1417620557729
W 5 1 1 008 0
W 5 1 1 009 0
***
R 5 1 1 000 1417620782930
R 5 1 1 001 1417620784007
R 5 1 1 002 1417620784928
R 5 1 1 003 1417620785962
R 5 1 1 004 1417620787044
---
W 5 1 1 000 1417620782182
W 5 1 1 001 1417620783368
W 5 1 1 002 1417620784441
W 5 1 1 003 1417620785482
W 5 1 1 004 1417620786540
W 5 1 1 005 1417620787618
W 5 1 1 006 1417620788674
W 5 1 1 007 1417620789713
W 5 1 1 008 0
W 5 1 1 009 0
***
R 5 1 1 000 1417620875591
R 5 1 1 001 1417620876616
R 5 1 1 002 1417620877816
R 5 1 1 003 1417620878846
R 5 1 1 004 1417620879939
---
W 5 1 1 000 1417620874987
W 5 1 1 001 1417620876135
W 5 1 1 002 1417620877184
W 5 1 1 003 1417620878230
W 5 1 1 004 1417620879272
W 5 1 1 005 1417620880319
W 5 1 1 006 1417620881369
W 5 1 1 007 1417620882411
W 5 1 1 008 0
W 5 1 1 009 0
***
R 5 1 1 000 1417621069851
R 5 1 1 001 1417621070896
R 5 1 1 002 1417621071925
R 5 1 1 003 1417621072948
R 5 1 1 004 1417621073953
---
W 5 1 1 000 1417621069055
W 5 1 1 001 1417621070224
W 5 1 1 002 1417621071273
W 5 1 1 003 1417621072324
W 5 1 1 004 1417621073364
W 5 1 1 005 1417621074420
W 5 1 1 006 1417621075470
W 5 1 1 007 1417621076512
W 5 1 1 008 0
W 5 1 1 009 0
***
R 5 1 1 000 1417621109774
R 5 1 1 001 1417621111130
R 5 1 1 002 1417621111886
R 5 1 1 003 1417621112885
R 5 1 1 004 1417621114008
---
W 5 1 1 000 1417621109027
W 5 1 1 001 1417621110152
W 5 1 1 002 1417621111217
W 5 1 1 003 1417621112304
W 5 1 1 004 1417621113363
W 5 1 1 005 1417621114418
W 5 1 1 006 1417621115512
W 5 1 1 007 1417621116546
W 5 1 1 008 0
W 5 1 1 009 0
***
R 5 1 1 000 1417621275965
R 5 1 1 001 1417621277174
R 5 1 1 002 1417621278235
R 5 1 1 003 1417621279200
R 5 1 1 004 1417621280414
---
W 5 1 1 000 1417621275329
W 5 1 1 001 1417621276487
W 5 1 1 002 1417621277539
W 5 1 1 003 1417621278583
W 5 1 1 004 1417621279642
W 5 1 1 005 1417621280698
W 5 1 1 006 1417621281734
W 5 1 1 007 1417621282781
W 5 1 1 008 0
W 5 1 1 009 0
***
