R 1 1 1 000 1420637114917
R 1 1 1 001 1420637116234
R 1 1 1 002 1420637117896
R 1 1 1 003 1420637119143
R 1 1 1 004 1420637120734
---
W 1 1 1 000 1420637112332
W 1 1 1 001 1420637114449
W 1 1 1 002 1420637115988
W 1 1 1 003 1420637117502
W 1 1 1 004 1420637118968
W 1 1 1 005 1420637120707
W 1 1 1 006 0
W 1 1 1 007 0
W 1 1 1 008 0
W 1 1 1 009 0
***
R 1 1 2 000 1420637221326
R 1 1 2 001 1420637223066
R 1 1 2 002 1420637224737
R 1 1 2 003 1420637225911
R 1 1 2 004 1420637228125
---
W 1 1 2 000 1420637219026
W 1 1 2 001 1420637221255
W 1 1 2 002 1420637222821
W 1 1 2 003 1420637224286
W 1 1 2 004 1420637225889
W 1 1 2 005 1420637227532
W 1 1 2 006 1420637229266
W 1 1 2 007 0
W 1 1 2 008 0
W 1 1 2 009 0
***
R 1 1 3 000 1420637328779
R 1 1 3 001 1420637330296
R 1 1 3 002 1420637331758
R 1 1 3 003 1420637333558
R 1 1 3 004 1420637335008
---
W 1 1 3 000 1420637326263
W 1 1 3 001 1420637328481
W 1 1 3 002 1420637330093
W 1 1 3 003 1420637331585
W 1 1 3 004 1420637333106
W 1 1 3 005 1420637334692
W 1 1 3 006 0
W 1 1 3 007 0
W 1 1 3 008 0
W 1 1 3 009 0
***
R 1 2 1 000 1420637435141
R 1 2 1 001 1420637436610
R 1 2 1 002 1420637437269
R 1 2 1 003 1420637438696
R 1 2 1 004 1420637439410
R 1 2 1 005 1420637439410
---
W 1 2 1 000 1420637432674
W 1 2 1 001 1420637434396
W 1 2 1 002 1420637435520
W 1 2 1 003 1420637436544
W 1 2 1 004 1420637437618
W 1 2 1 005 1420637438664
W 1 2 1 006 1420637439721
W 1 2 1 007 0
W 1 2 1 008 0
W 1 2 1 009 0
***
R 1 2 2 000 1420637539986
R 1 2 2 001 1420637540888
R 1 2 2 002 1420637542226
R 1 2 2 003 1420637543041
R 1 2 2 004 1420637543041
---
W 1 2 2 000 1420637537074
W 1 2 2 001 1420637538930
W 1 2 2 002 1420637540076
W 1 2 2 003 1420637541169
W 1 2 2 004 1420637542251
W 1 2 2 005 1420637543285
W 1 2 2 006 0
W 1 2 2 007 0
W 1 2 2 008 0
W 1 2 2 009 0
***
R 1 2 3 000 1420637643119
R 1 2 3 001 1420637644379
R 1 2 3 002 1420637645618
R 1 2 3 003 1420637646951
R 1 2 3 004 1420637647798
R 1 2 3 005 1420637647798
---
W 1 2 3 000 1420637640741
W 1 2 3 001 1420637642413
W 1 2 3 002 1420637643612
W 1 2 3 003 1420637644695
W 1 2 3 004 1420637645962
W 1 2 3 005 1420637647028
W 1 2 3 006 1420637648039
W 1 2 3 007 0
W 1 2 3 008 0
W 1 2 3 009 0
***
R 1 4 1 000 1420637748540
R 1 4 1 001 1420637748540
R 1 4 1 002 1420637749825
R 1 4 1 003 1420637751034
R 1 4 1 004 1420637751034
---
W 1 4 1 000 1420637746094
W 1 4 1 001 1420637747407
W 1 4 1 002 1420637748318
W 1 4 1 003 1420637749055
W 1 4 1 004 1420637749855
W 1 4 1 005 1420637750515
W 1 4 1 006 1420637751397
W 1 4 1 007 0
W 1 4 1 008 0
W 1 4 1 009 0
***
R 1 4 2 000 1420637850780
R 1 4 2 001 1420637850780
R 1 4 2 002 1420637851893
R 1 4 2 003 1420637853125
R 1 4 2 004 1420637853125
---
W 1 4 2 000 1420637848335
W 1 4 2 001 1420637849736
W 1 4 2 002 1420637850620
W 1 4 2 003 1420637851410
W 1 4 2 004 1420637852194
W 1 4 2 005 1420637852919
W 1 4 2 006 1420637853942
W 1 4 2 007 0
W 1 4 2 008 0
W 1 4 2 009 0
***
R 1 4 3 000 1420637953682
R 1 4 3 001 1420637954585
R 1 4 3 002 1420637954585
R 1 4 3 003 1420637955980
R 1 4 3 004 1420637955980
---
W 1 4 3 000 1420637950877
W 1 4 3 001 1420637952471
W 1 4 3 002 1420637953492
W 1 4 3 003 1420637954186
W 1 4 3 004 1420637954986
W 1 4 3 005 1420637955693
W 1 4 3 006 1420637956516
W 1 4 3 007 0
W 1 4 3 008 0
W 1 4 3 009 0
***
R 1 5 1 000 1420638055548
R 1 5 1 001 1420638055548
R 1 5 1 002 1420638057241
R 1 5 1 003 1420638057241
R 1 5 1 004 1420638058264
R 1 5 1 005 1420638058264
---
W 1 5 1 000 1420638053170
W 1 5 1 001 1420638054468
W 1 5 1 002 1420638055123
W 1 5 1 003 1420638055846
W 1 5 1 004 1420638056561
W 1 5 1 005 1420638057327
W 1 5 1 006 1420638057970
W 1 5 1 007 1420638058946
W 1 5 1 008 0
W 1 5 1 009 0
***
R 1 5 2 000 1420638158652
R 1 5 2 001 1420638158652
R 1 5 2 002 1420638159780
R 1 5 2 003 1420638161032
R 1 5 2 004 1420638161032
---
W 1 5 2 000 1420638156272
W 1 5 2 001 1420638157601
W 1 5 2 002 1420638158419
W 1 5 2 003 1420638159117
W 1 5 2 004 1420638159837
W 1 5 2 005 1420638160779
W 1 5 2 006 1420638162096
W 1 5 2 007 0
W 1 5 2 008 0
W 1 5 2 009 0
***
R 1 5 3 000 1420638261853
R 1 5 3 001 1420638261853
R 1 5 3 002 1420638263704
R 1 5 3 003 1420638263704
R 1 5 3 004 1420638265022
R 1 5 3 005 1420638265022
---
W 1 5 3 000 1420638259688
W 1 5 3 001 1420638260958
W 1 5 3 002 1420638261684
W 1 5 3 003 1420638262448
W 1 5 3 004 1420638263132
W 1 5 3 005 1420638263815
W 1 5 3 006 1420638264446
W 1 5 3 007 1420638265153
W 1 5 3 008 1420638266103
W 1 5 3 009 0
***
R 1 6 1 000 1420638366252
R 1 6 1 001 1420638366252
R 1 6 1 002 1420638367731
R 1 6 1 003 1420638367731
R 1 6 1 004 1420638368941
R 1 6 1 005 1420638368941
---
W 1 6 1 000 1420638363944
W 1 6 1 001 1420638365216
W 1 6 1 002 1420638365914
W 1 6 1 003 1420638366630
W 1 6 1 004 1420638367178
W 1 6 1 005 1420638367860
W 1 6 1 006 1420638368472
W 1 6 1 007 1420638369541
W 1 6 1 008 0
W 1 6 1 009 0
***
R 1 6 2 000 1420638469389
R 1 6 2 001 1420638469389
R 1 6 2 002 1420638470581
R 1 6 2 003 1420638470581
R 1 6 2 004 1420638471672
R 1 6 2 005 1420638471672
---
W 1 6 2 000 1420638466782
W 1 6 2 001 1420638467936
W 1 6 2 002 1420638468535
W 1 6 2 003 1420638469297
W 1 6 2 004 1420638469922
W 1 6 2 005 1420638470685
W 1 6 2 006 1420638471254
W 1 6 2 007 1420638472228
W 1 6 2 008 0
W 1 6 2 009 0
***
R 1 6 3 000 1420638571349
R 1 6 3 001 1420638571349
R 1 6 3 002 1420638572727
R 1 6 3 003 1420638572727
R 1 6 3 004 1420638574011
R 1 6 3 005 1420638574011
---
W 1 6 3 000 1420638569014
W 1 6 3 001 1420638570212
W 1 6 3 002 1420638570817
W 1 6 3 003 1420638571536
W 1 6 3 004 1420638572120
W 1 6 3 005 1420638572975
W 1 6 3 006 1420638573793
W 1 6 3 007 1420638575092
W 1 6 3 008 0
W 1 6 3 009 0
***
R 1 8 1 000 1420638674345
R 1 8 1 001 1420638674345
R 1 8 1 002 1420638675234
R 1 8 1 003 1420638675234
R 1 8 1 004 1420638676483
R 1 8 1 005 1420638676483
---
W 1 8 1 000 1420638671616
W 1 8 1 001 1420638672828
W 1 8 1 002 1420638673426
W 1 8 1 003 1420638674103
W 1 8 1 004 1420638674667
W 1 8 1 005 1420638675374
W 1 8 1 006 1420638675935
W 1 8 1 007 1420638676568
W 1 8 1 008 1420638677695
W 1 8 1 009 0
***
R 1 8 2 000 1420638777023
R 1 8 2 001 1420638777023
R 1 8 2 002 1420638778338
R 1 8 2 003 1420638779012
R 1 8 2 004 1420638779012
---
W 1 8 2 000 1420638774648
W 1 8 2 001 1420638775901
W 1 8 2 002 1420638776789
W 1 8 2 003 1420638777444
W 1 8 2 004 1420638778081
W 1 8 2 005 1420638778735
W 1 8 2 006 1420638779700
W 1 8 2 007 0
W 1 8 2 008 0
W 1 8 2 009 0
***
R 1 8 3 000 1420638879857
R 1 8 3 001 1420638879857
R 1 8 3 002 1420638880958
R 1 8 3 003 1420638880958
R 1 8 3 004 1420638882244
R 1 8 3 005 1420638882244
---
W 1 8 3 000 1420638877020
W 1 8 3 001 1420638878373
W 1 8 3 002 1420638879044
W 1 8 3 003 1420638879741
W 1 8 3 004 1420638880299
W 1 8 3 005 1420638880992
W 1 8 3 006 1420638881574
W 1 8 3 007 1420638882227
W 1 8 3 008 1420638883437
W 1 8 3 009 0
***
R 1 10 1 000 1420638983276
R 1 10 1 001 1420638983276
R 1 10 1 002 1420638984664
R 1 10 1 003 1420638984664
R 1 10 1 004 1420638985746
R 1 10 1 005 1420638985746
---
W 1 10 1 000 1420638980936
W 1 10 1 001 1420638982166
W 1 10 1 002 1420638982715
W 1 10 1 003 1420638983448
W 1 10 1 004 1420638984046
W 1 10 1 005 1420638984764
W 1 10 1 006 1420638985299
W 1 10 1 007 1420638986215
W 1 10 1 008 0
W 1 10 1 009 0
***
R 1 10 2 000 1420639085895
R 1 10 2 001 1420639085895
R 1 10 2 002 1420639087403
R 1 10 2 003 1420639087403
R 1 10 2 004 1420639089014
R 1 10 2 005 1420639089014
---
W 1 10 2 000 1420639083524
W 1 10 2 001 1420639084922
W 1 10 2 002 1420639085636
W 1 10 2 003 1420639086237
W 1 10 2 004 1420639086803
W 1 10 2 005 1420639087492
W 1 10 2 006 1420639088060
W 1 10 2 007 1420639088700
W 1 10 2 008 1420639089598
W 1 10 2 009 0
***
R 1 10 3 000 1420639190795
R 1 10 3 001 1420639190795
R 1 10 3 002 1420639192361
R 1 10 3 003 1420639192361
R 1 10 3 004 1420639193548
R 1 10 3 005 1420639193548
---
W 1 10 3 000 1420639188530
W 1 10 3 001 1420639189776
W 1 10 3 002 1420639190369
W 1 10 3 003 1420639191054
W 1 10 3 004 1420639191657
W 1 10 3 005 1420639192358
W 1 10 3 006 1420639192893
W 1 10 3 007 1420639193595
W 1 10 3 008 1420639194681
W 1 10 3 009 0
***
R 2 1 1 000 1420639310774
R 2 1 1 001 1420639312640
R 2 1 1 002 1420639314904
R 2 1 1 003 1420639317214
R 2 1 1 004 1420639319286
---
W 2 1 1 000 1420639308160
W 2 1 1 001 1420639310211
W 2 1 1 002 1420639312635
W 2 1 1 003 1420639314537
W 2 1 1 004 1420639316862
W 2 1 1 005 1420639319211
W 2 1 1 006 1420639321785
W 2 1 1 007 0
W 2 1 1 008 0
W 2 1 1 009 0
***
R 2 1 2 000 1420639437604
R 2 1 2 001 1420639439274
R 2 1 2 002 1420639441332
R 2 1 2 003 1420639443238
R 2 1 2 004 1420639445011
---
W 2 1 2 000 1420639435048
W 2 1 2 001 1420639437164
W 2 1 2 002 1420639439108
W 2 1 2 003 1420639441027
W 2 1 2 004 1420639442583
W 2 1 2 005 1420639444719
W 2 1 2 006 1420639446692
W 2 1 2 007 0
W 2 1 2 008 0
W 2 1 2 009 0
***
R 2 1 3 000 1420639564131
R 2 1 3 001 1420639565884
R 2 1 3 002 1420639567539
R 2 1 3 003 1420639569388
R 2 1 3 004 1420639571566
---
W 2 1 3 000 1420639561406
W 2 1 3 001 1420639563563
W 2 1 3 002 1420639565369
W 2 1 3 003 1420639567116
W 2 1 3 004 1420639568842
W 2 1 3 005 1420639570760
W 2 1 3 006 1420639572748
W 2 1 3 007 0
W 2 1 3 008 0
W 2 1 3 009 0
***
R 2 2 1 000 1420639688014
R 2 2 1 001 1420639689433
R 2 2 1 002 1420639690701
R 2 2 1 003 1420639691585
R 2 2 1 004 1420639693584
---
W 2 2 1 000 1420639685327
W 2 2 1 001 1420639686963
W 2 2 1 002 1420639688307
W 2 2 1 003 1420639689769
W 2 2 1 004 1420639691117
W 2 2 1 005 1420639692448
W 2 2 1 006 1420639694032
W 2 2 1 007 1420639695104
W 2 2 1 008 0
W 2 2 1 009 0
***
R 2 2 2 000 1420639810108
R 2 2 2 001 1420639811349
R 2 2 2 002 1420639813213
R 2 2 2 003 1420639814294
R 2 2 2 004 1420639815937
---
W 2 2 2 000 1420639807578
W 2 2 2 001 1420639809161
W 2 2 2 002 1420639810686
W 2 2 2 003 1420639812070
W 2 2 2 004 1420639813512
W 2 2 2 005 1420639815027
W 2 2 2 006 1420639816691
W 2 2 2 007 1420639818140
W 2 2 2 008 0
W 2 2 2 009 0
***
R 2 2 3 000 1420639932102
R 2 2 3 001 1420639933636
R 2 2 3 002 1420639934540
R 2 2 3 003 1420639936370
R 2 2 3 004 1420639937986
---
W 2 2 3 000 1420639929652
W 2 2 3 001 1420639931258
W 2 2 3 002 1420639932615
W 2 2 3 003 1420639933910
W 2 2 3 004 1420639935428
W 2 2 3 005 1420639936903
W 2 2 3 006 1420639938314
W 2 2 3 007 1420639939867
W 2 2 3 008 0
W 2 2 3 009 0
***
R 2 4 1 000 1420640054469
R 2 4 1 001 1420640055548
R 2 4 1 002 1420640057047
R 2 4 1 003 1420640058513
R 2 4 1 004 1420640059669
---
W 2 4 1 000 1420640051856
W 2 4 1 001 1420640053247
W 2 4 1 002 1420640054326
W 2 4 1 003 1420640055824
W 2 4 1 004 1420640056900
W 2 4 1 005 1420640058116
W 2 4 1 006 1420640059809
W 2 4 1 007 1420640062054
W 2 4 1 008 0
W 2 4 1 009 0
***
R 2 4 2 000 1420640180000
R 2 4 2 001 1420640181370
R 2 4 2 002 1420640182413
R 2 4 2 003 1420640182413
R 2 4 2 004 1420640184997
---
W 2 4 2 000 1420640177233
W 2 4 2 001 1420640178592
W 2 4 2 002 1420640179750
W 2 4 2 003 1420640181014
W 2 4 2 004 1420640182022
W 2 4 2 005 1420640183417
W 2 4 2 006 1420640184740
W 2 4 2 007 1420640186500
W 2 4 2 008 0
W 2 4 2 009 0
***
R 2 4 3 000 1420640301518
R 2 4 3 001 1420640302786
R 2 4 3 002 1420640304455
R 2 4 3 003 1420640305531
R 2 4 3 004 1420640306653
---
W 2 4 3 000 1420640299227
W 2 4 3 001 1420640300801
W 2 4 3 002 1420640301996
W 2 4 3 003 1420640303001
W 2 4 3 004 1420640304277
W 2 4 3 005 1420640305582
W 2 4 3 006 1420640306757
W 2 4 3 007 1420640308655
W 2 4 3 008 0
W 2 4 3 009 0
***
R 2 5 1 000 1420640424360
R 2 5 1 001 1420640425608
R 2 5 1 002 1420640426667
R 2 5 1 003 1420640427776
R 2 5 1 004 1420640429361
---
W 2 5 1 000 1420640421279
W 2 5 1 001 1420640423010
W 2 5 1 002 1420640424387
W 2 5 1 003 1420640425565
W 2 5 1 004 1420640426642
W 2 5 1 005 1420640427965
W 2 5 1 006 1420640429096
W 2 5 1 007 1420640430481
W 2 5 1 008 1420640431742
W 2 5 1 009 0
***
R 2 5 2 000 1420640547057
R 2 5 2 001 1420640548114
R 2 5 2 002 1420640549441
R 2 5 2 003 1420640550465
R 2 5 2 004 1420640552138
---
W 2 5 2 000 1420640544416
W 2 5 2 001 1420640545692
W 2 5 2 002 1420640546804
W 2 5 2 003 1420640548002
W 2 5 2 004 1420640549475
W 2 5 2 005 1420640550691
W 2 5 2 006 1420640551559
W 2 5 2 007 1420640553407
W 2 5 2 008 1420640554434
W 2 5 2 009 0
***
R 2 5 3 000 1420640671323
R 2 5 3 001 1420640672610
R 2 5 3 002 1420640673703
R 2 5 3 003 1420640675079
R 2 5 3 005 1420640677884
---
W 2 5 3 000 1420640668101
W 2 5 3 001 1420640669679
W 2 5 3 002 1420640671050
W 2 5 3 003 1420640672440
W 2 5 3 004 1420640673714
W 2 5 3 005 1420640674728
W 2 5 3 006 1420640676524
W 2 5 3 007 1420640678320
W 2 5 3 008 1420640679447
W 2 5 3 009 1420640680387
***
R 2 6 1 000 1420640796777
R 2 6 1 001 1420640798492
R 2 6 1 002 1420640798492
R 2 6 1 003 1420640799788
R 2 6 1 004 1420640801650
---
W 2 6 1 000 1420640794522
W 2 6 1 001 1420640795909
W 2 6 1 002 1420640796981
W 2 6 1 003 1420640798176
W 2 6 1 004 1420640799085
W 2 6 1 005 1420640800150
W 2 6 1 006 1420640801371
W 2 6 1 007 1420640803151
W 2 6 1 008 1420640804166
W 2 6 1 009 0
***
R 2 6 2 000 1420640918834
R 2 6 2 001 1420640919948
R 2 6 2 002 1420640921309
R 2 6 2 003 1420640922716
R 2 6 2 004 1420640923469
---
W 2 6 2 000 1420640916084
W 2 6 2 001 1420640917540
W 2 6 2 002 1420640918557
W 2 6 2 003 1420640919725
W 2 6 2 004 1420640920985
W 2 6 2 005 1420640922151
W 2 6 2 006 1420640923063
W 2 6 2 007 1420640924555
W 2 6 2 008 1420640925848
W 2 6 2 009 0
***
R 2 6 3 000 1420641040920
R 2 6 3 001 1420641042258
R 2 6 3 002 1420641043253
R 2 6 3 003 1420641044717
R 2 6 3 004 1420641046399
---
W 2 6 3 000 1420641038153
W 2 6 3 001 1420641039649
W 2 6 3 002 1420641040955
W 2 6 3 003 1420641042158
W 2 6 3 004 1420641043506
W 2 6 3 005 1420641044847
W 2 6 3 006 1420641046544
W 2 6 3 007 1420641048017
W 2 6 3 008 1420641048909
W 2 6 3 009 0
***
R 2 8 1 000 1420641164038
R 2 8 1 001 1420641164038
R 2 8 1 002 1420641165028
R 2 8 1 003 1420641166598
R 2 8 1 004 1420641167831
---
W 2 8 1 000 1420641161203
W 2 8 1 001 1420641162473
W 2 8 1 002 1420641163356
W 2 8 1 003 1420641164163
W 2 8 1 004 1420641165232
W 2 8 1 005 1420641166160
W 2 8 1 006 1420641167343
W 2 8 1 007 1420641169004
W 2 8 1 008 1420641170276
W 2 8 1 009 0
***
R 2 8 2 000 1420641286063
R 2 8 2 001 1420641287427
R 2 8 2 002 1420641287427
R 2 8 2 003 1420641288320
R 2 8 2 004 1420641290355
---
W 2 8 2 000 1420641283401
W 2 8 2 001 1420641284822
W 2 8 2 002 1420641286015
W 2 8 2 003 1420641286930
W 2 8 2 004 1420641287831
W 2 8 2 005 1420641288725
W 2 8 2 006 1420641289861
W 2 8 2 007 1420641291540
W 2 8 2 008 1420641292460
W 2 8 2 009 0
***
R 2 8 3 000 1420641408228
R 2 8 3 001 1420641409272
R 2 8 3 002 1420641410317
R 2 8 3 003 1420641411519
R 2 8 3 005 1420641413945
---
W 2 8 3 000 1420641405511
W 2 8 3 001 1420641406692
W 2 8 3 002 1420641407670
W 2 8 3 003 1420641408812
W 2 8 3 004 1420641409935
W 2 8 3 005 1420641411493
W 2 8 3 006 1420641412607
W 2 8 3 007 1420641413747
W 2 8 3 008 1420641415377
W 2 8 3 009 1420641416297
***
R 2 10 1 000 1420641531253
R 2 10 1 001 1420641532537
R 2 10 1 003 1420641533491
R 2 10 1 004 1420641534945
R 2 10 1 005 1420641536345
---
W 2 10 1 000 1420641528632
W 2 10 1 001 1420641529846
W 2 10 1 002 1420641530763
W 2 10 1 003 1420641532191
W 2 10 1 004 1420641533189
W 2 10 1 005 1420641534238
W 2 10 1 006 1420641535630
W 2 10 1 007 1420641537183
W 2 10 1 008 1420641538281
W 2 10 1 009 1420641538955
***
R 2 10 2 000 1420641654024
R 2 10 2 001 1420641655451
R 2 10 2 002 1420641655451
R 2 10 2 003 1420641656384
R 2 10 2 004 1420641658340
---
W 2 10 2 000 1420641651338
W 2 10 2 001 1420641652469
W 2 10 2 002 1420641653732
W 2 10 2 003 1420641654842
W 2 10 2 004 1420641655601
W 2 10 2 005 1420641656526
W 2 10 2 006 1420641657700
W 2 10 2 007 1420641659612
W 2 10 2 008 1420641660827
W 2 10 2 009 0
***
R 2 10 3 000 1420641776093
R 2 10 3 001 1420641776093
R 2 10 3 003 1420641779483
R 2 10 3 004 1420641780828
R 2 10 3 005 1420641780828
---
W 2 10 3 000 1420641772941
W 2 10 3 001 1420641774330
W 2 10 3 002 1420641775243
W 2 10 3 003 1420641776684
W 2 10 3 004 1420641777976
W 2 10 3 005 1420641779092
W 2 10 3 006 1420641780272
W 2 10 3 007 1420641781743
W 2 10 3 008 1420641782642
W 2 10 3 009 1420641783605
***
R 3 1 1 000 1420641915860
R 3 1 1 001 1420641919094
R 3 1 1 002 1420641920591
R 3 1 1 003 1420641924488
R 3 1 1 004 1420641926994
---
W 3 1 1 000 1420641912151
W 3 1 1 001 1420641915439
W 3 1 1 002 1420641917714
W 3 1 1 003 1420641921150
W 3 1 1 004 1420641924008
W 3 1 1 005 1420641926082
W 3 1 1 006 1420641929620
W 3 1 1 007 0
W 3 1 1 008 0
W 3 1 1 009 0
***
R 3 1 2 000 1420642062616
R 3 1 2 001 1420642065269
R 3 1 2 002 1420642067460
R 3 1 2 003 1420642069567
R 3 1 2 004 1420642072209
---
W 3 1 2 000 1420642059421
W 3 1 2 001 1420642062054
W 3 1 2 002 1420642064381
W 3 1 2 003 1420642066697
W 3 1 2 004 1420642069170
W 3 1 2 005 1420642071252
W 3 1 2 006 1420642074834
W 3 1 2 007 0
W 3 1 2 008 0
W 3 1 2 009 0
***
R 3 1 3 000 1420642207266
R 3 1 3 001 1420642210475
R 3 1 3 002 1420642213895
R 3 1 3 003 1420642216584
R 3 1 3 004 1420642220988
---
W 3 1 3 000 1420642203887
W 3 1 3 001 1420642207278
W 3 1 3 002 1420642210536
W 3 1 3 003 1420642213576
W 3 1 3 004 1420642215539
W 3 1 3 005 1420642220107
W 3 1 3 006 1420642223047
W 3 1 3 007 0
W 3 1 3 008 0
W 3 1 3 009 0
***
R 3 2 1 000 1420642355752
R 3 2 1 001 1420642358369
R 3 2 1 002 1420642360445
R 3 2 1 003 1420642362228
R 3 2 1 004 1420642364200
---
W 3 2 1 000 1420642352295
W 3 2 1 001 1420642354708
W 3 2 1 002 1420642357459
W 3 2 1 003 1420642359263
W 3 2 1 004 1420642361409
W 3 2 1 005 1420642363519
W 3 2 1 006 1420642366131
W 3 2 1 007 1420642367895
W 3 2 1 008 0
W 3 2 1 009 0
***
R 3 2 2 000 1420642499096
R 3 2 2 001 1420642501470
R 3 2 2 002 1420642504140
R 3 2 2 003 1420642505993
R 3 2 2 004 1420642509064
---
W 3 2 2 000 1420642495509
W 3 2 2 001 1420642498735
W 3 2 2 002 1420642500343
W 3 2 2 003 1420642502835
W 3 2 2 004 1420642505436
W 3 2 2 005 1420642507454
W 3 2 2 006 1420642510237
W 3 2 2 007 1420642511871
W 3 2 2 008 1420642513316
W 3 2 2 009 0
***
R 3 2 3 000 1420642646990
R 3 2 3 001 1420642648397
R 3 2 3 002 1420642650935
R 3 2 3 003 1420642653026
R 3 2 3 004 1420642655095
---
W 3 2 3 000 1420642643385
W 3 2 3 001 1420642645801
W 3 2 3 002 1420642647601
W 3 2 3 003 1420642649650
W 3 2 3 004 1420642651958
W 3 2 3 005 1420642653558
W 3 2 3 006 1420642656434
W 3 2 3 007 1420642658224
W 3 2 3 008 0
W 3 2 3 009 0
***
R 3 4 1 000 1420642790986
R 3 4 1 001 1420642794486
R 3 4 1 002 1420642796375
R 3 4 1 003 1420642798667
R 3 4 1 004 1420642800670
---
W 3 4 1 000 1420642787424
W 3 4 1 001 1420642789464
W 3 4 1 002 1420642793101
W 3 4 1 003 1420642795764
W 3 4 1 004 1420642797868
W 3 4 1 005 1420642799716
W 3 4 1 006 1420642802351
W 3 4 1 007 1420642804047
W 3 4 1 008 0
W 3 4 1 009 0
***
R 3 4 2 000 1420642935460
R 3 4 2 001 1420642937738
R 3 4 2 002 1420642939313
R 3 4 2 003 1420642941836
R 3 4 2 004 1420642943790
---
W 3 4 2 000 1420642931394
W 3 4 2 001 1420642933895
W 3 4 2 002 1420642936679
W 3 4 2 003 1420642938739
W 3 4 2 004 1420642940851
W 3 4 2 005 1420642942673
W 3 4 2 006 1420642944869
W 3 4 2 007 1420642946635
W 3 4 2 008 1420642947739
W 3 4 2 009 0
***
R 3 4 3 000 1420643078589
R 3 4 3 001 1420643081363
R 3 4 3 002 1420643083857
R 3 4 3 003 1420643086417
R 3 4 3 004 1420643088436
---
W 3 4 3 000 1420643074654
W 3 4 3 001 1420643077655
W 3 4 3 002 1420643080127
W 3 4 3 003 1420643082404
W 3 4 3 004 1420643085153
W 3 4 3 005 1420643087421
W 3 4 3 006 1420643089696
W 3 4 3 007 1420643091144
W 3 4 3 008 1420643092426
W 3 4 3 009 0
***
R 3 5 1 000 1420643227103
R 3 5 1 001 1420643228276
R 3 5 1 002 1420643230639
R 3 5 1 003 1420643233470
R 3 5 1 004 1420643234874
---
W 3 5 1 000 1420643222060
W 3 5 1 001 1420643224459
W 3 5 1 002 1420643227135
W 3 5 1 003 1420643230045
W 3 5 1 004 1420643231709
W 3 5 1 005 1420643234482
W 3 5 1 006 1420643236329
W 3 5 1 007 1420643238116
W 3 5 1 008 1420643239288
W 3 5 1 009 0
***
R 3 5 2 000 1420643371160
R 3 5 2 001 1420643373379
R 3 5 2 002 1420643375453
R 3 5 2 003 1420643376926
R 3 5 2 004 1420643379051
---
W 3 5 2 000 1420643367556
W 3 5 2 001 1420643370275
W 3 5 2 002 1420643371812
W 3 5 2 003 1420643373949
W 3 5 2 004 1420643375727
W 3 5 2 005 1420643377399
W 3 5 2 006 1420643380223
W 3 5 2 007 1420643381864
W 3 5 2 008 1420643383152
W 3 5 2 009 0
***
R 3 5 3 000 1420643515659
R 3 5 3 001 1420643517331
R 3 5 3 002 1420643520443
R 3 5 3 003 1420643522574
R 3 5 3 005 1420643526460
---
W 3 5 3 000 1420643511726
W 3 5 3 001 1420643514058
W 3 5 3 002 1420643516483
W 3 5 3 003 1420643519200
W 3 5 3 004 1420643520760
W 3 5 3 005 1420643523061
W 3 5 3 006 1420643525264
W 3 5 3 007 1420643526623
W 3 5 3 008 1420643528789
W 3 5 3 009 1420643530318
***
R 3 6 1 000 1420643662883
R 3 6 1 001 1420643664557
R 3 6 1 002 1420643667366
R 3 6 1 003 1420643669724
R 3 6 1 004 1420643673258
---
W 3 6 1 000 1420643658869
W 3 6 1 001 1420643661098
W 3 6 1 002 1420643663556
W 3 6 1 003 1420643666004
W 3 6 1 004 1420643668710
W 3 6 1 005 1420643671657
W 3 6 1 006 1420643675367
W 3 6 1 007 1420643676735
W 3 6 1 008 0
W 3 6 1 009 0
***
R 3 6 2 000 1420643810133
R 3 6 2 001 1420643811133
R 3 6 2 002 1420643814023
R 3 6 2 003 1420643815428
R 3 6 2 004 1420643817402
---
W 3 6 2 000 1420643806378
W 3 6 2 001 1420643808182
W 3 6 2 002 1420643810387
W 3 6 2 003 1420643812625
W 3 6 2 004 1420643814510
W 3 6 2 005 1420643816118
W 3 6 2 006 1420643818095
W 3 6 2 007 1420643819871
W 3 6 2 008 1420643821192
W 3 6 2 009 0
***
R 3 6 3 000 1420643952018
R 3 6 3 001 1420643953592
R 3 6 3 002 1420643956835
R 3 6 3 003 1420643959610
R 3 6 3 004 1420643961205
---
W 3 6 3 000 1420643948362
W 3 6 3 001 1420643950761
W 3 6 3 002 1420643952794
W 3 6 3 003 1420643954843
W 3 6 3 004 1420643958054
W 3 6 3 005 1420643960186
W 3 6 3 006 1420643962265
W 3 6 3 007 1420643963982
W 3 6 3 008 1420643965232
W 3 6 3 009 0
***
R 3 8 1 000 1420644095843
R 3 8 1 001 1420644098501
R 3 8 1 003 1420644104345
R 3 8 1 004 1420644107032
R 3 8 1 005 1420644108710
---
W 3 8 1 000 1420644091635
W 3 8 1 001 1420644094231
W 3 8 1 002 1420644097137
W 3 8 1 003 1420644100081
W 3 8 1 004 1420644103240
W 3 8 1 005 1420644105535
W 3 8 1 006 1420644107540
W 3 8 1 007 1420644110328
W 3 8 1 008 1420644111733
W 3 8 1 009 1420644113211
***
R 3 8 2 000 1420644246088
R 3 8 2 001 1420644247792
R 3 8 2 002 1420644250371
R 3 8 2 003 1420644253312
R 3 8 2 004 1420644254971
---
W 3 8 2 000 1420644241313
W 3 8 2 001 1420644244170
W 3 8 2 002 1420644246885
W 3 8 2 003 1420644249577
W 3 8 2 004 1420644251771
W 3 8 2 005 1420644253939
W 3 8 2 006 1420644255953
W 3 8 2 007 1420644257893
W 3 8 2 008 1420644258936
W 3 8 2 009 0
***
R 3 8 3 000 1420644391010
R 3 8 3 001 1420644393582
R 3 8 3 002 1420644395813
R 3 8 3 003 1420644397971
R 3 8 3 004 1420644399698
---
W 3 8 3 000 1420644387880
W 3 8 3 001 1420644389834
W 3 8 3 002 1420644391627
W 3 8 3 003 1420644394791
W 3 8 3 004 1420644396628
W 3 8 3 005 1420644398560
W 3 8 3 006 1420644399849
W 3 8 3 007 1420644401414
W 3 8 3 008 1420644402694
W 3 8 3 009 1420644403860
***
R 3 10 1 000 1420644535531
R 3 10 1 001 1420644537871
R 3 10 1 002 1420644539940
R 3 10 1 003 1420644541985
R 3 10 1 004 1420644544264
---
W 3 10 1 000 1420644531855
W 3 10 1 001 1420644534568
W 3 10 1 002 1420644536764
W 3 10 1 003 1420644538548
W 3 10 1 004 1420644541285
W 3 10 1 005 1420644544016
W 3 10 1 006 1420644546411
W 3 10 1 007 1420644547340
W 3 10 1 008 1420644548447
W 3 10 1 009 0
***
R 3 10 2 000 1420644678510
R 3 10 2 001 1420644680097
R 3 10 2 002 1420644683613
R 3 10 2 003 1420644686047
R 3 10 2 004 1420644686981
---
W 3 10 2 000 1420644675379
W 3 10 2 001 1420644676924
W 3 10 2 002 1420644679584
W 3 10 2 003 1420644682450
W 3 10 2 004 1420644685185
W 3 10 2 005 1420644686662
W 3 10 2 006 1420644689754
W 3 10 2 007 1420644690575
W 3 10 2 008 1420644691563
W 3 10 2 009 0
***
R 3 10 3 000 1420644826279
R 3 10 3 001 1420644829306
R 3 10 3 002 1420644831394
R 3 10 3 003 1420644833530
R 3 10 3 004 1420644836276
---
W 3 10 3 000 1420644822388
W 3 10 3 001 1420644824932
W 3 10 3 002 1420644827851
W 3 10 3 003 1420644830473
W 3 10 3 004 1420644831991
W 3 10 3 005 1420644834313
W 3 10 3 006 1420644838156
W 3 10 3 007 1420644840557
W 3 10 3 008 1420644842133
W 3 10 3 009 1420644843131
***
R 4 1 1 000 1420644993063
R 4 1 1 001 1420644996926
R 4 1 1 002 1420645003088
R 4 1 1 003 1420645006023
R 4 1 1 004 1420645010792
---
W 4 1 1 000 1420644988306
W 4 1 1 001 1420644991824
W 4 1 1 002 1420644996548
W 4 1 1 003 1420645001686
W 4 1 1 004 1420645005942
W 4 1 1 005 1420645010604
W 4 1 1 006 1420645015021
W 4 1 1 007 1420645017421
W 4 1 1 008 0
W 4 1 1 009 0
***
R 4 1 2 000 1420645165618
R 4 1 2 001 1420645172586
R 4 1 2 002 1420645173886
R 4 1 2 003 1420645179323
R 4 1 2 004 1420645185710
---
W 4 1 2 000 1420645160986
W 4 1 2 001 1420645164954
W 4 1 2 002 1420645170032
W 4 1 2 003 1420645173607
W 4 1 2 004 1420645178840
W 4 1 2 005 1420645183843
W 4 1 2 006 1420645188794
W 4 1 2 007 1420645191334
W 4 1 2 008 0
W 4 1 2 009 0
***
R 4 1 3 000 1420645343315
R 4 1 3 001 1420645347208
R 4 1 3 002 1420645351920
R 4 1 3 003 1420645357888
R 4 1 3 004 1420645361107
---
W 4 1 3 000 1420645338267
W 4 1 3 001 1420645342302
W 4 1 3 002 1420645347352
W 4 1 3 003 1420645351840
W 4 1 3 004 1420645356474
W 4 1 3 005 1420645361050
W 4 1 3 006 1420645365991
W 4 1 3 007 0
W 4 1 3 008 0
W 4 1 3 009 0
***
R 4 2 1 000 1420645513970
R 4 2 1 001 1420645519004
R 4 2 1 002 1420645522838
R 4 2 1 003 1420645526092
R 4 2 1 004 1420645529568
---
W 4 2 1 000 1420645508444
W 4 2 1 001 1420645511857
W 4 2 1 002 1420645517607
W 4 2 1 003 1420645521504
W 4 2 1 004 1420645524819
W 4 2 1 005 1420645528632
W 4 2 1 006 1420645532929
W 4 2 1 007 1420645534951
W 4 2 1 008 0
W 4 2 1 009 0
***
R 4 2 2 000 1420645685043
R 4 2 2 001 1420645691448
R 4 2 2 002 1420645693887
R 4 2 2 003 1420645699234
R 4 2 2 004 1420645704868
---
W 4 2 2 000 1420645681354
W 4 2 2 001 1420645684635
W 4 2 2 002 1420645689458
W 4 2 2 003 1420645693961
W 4 2 2 004 1420645698293
W 4 2 2 005 1420645702536
W 4 2 2 006 1420645706943
W 4 2 2 007 1420645709194
W 4 2 2 008 1420645710407
W 4 2 2 009 0
***
R 4 2 3 000 1420645860793
R 4 2 3 001 1420645864668
R 4 2 3 002 1420645869946
R 4 2 3 003 1420645872567
R 4 2 3 004 1420645878227
---
W 4 2 3 000 1420645854353
W 4 2 3 001 1420645858713
W 4 2 3 002 1420645863101
W 4 2 3 003 1420645867141
W 4 2 3 004 1420645871495
W 4 2 3 005 1420645875929
W 4 2 3 006 1420645879886
W 4 2 3 007 1420645882444
W 4 2 3 008 1420645884153
W 4 2 3 009 0
***
R 4 4 1 000 1420646033366
R 4 4 1 001 1420646034718
R 4 4 1 002 1420646038097
R 4 4 1 003 1420646040455
R 4 4 1 004 1420646042206
---
W 4 4 1 000 1420646028274
W 4 4 1 001 1420646031022
W 4 4 1 002 1420646033282
W 4 4 1 003 1420646036150
W 4 4 1 004 1420646038505
W 4 4 1 005 1420646040254
W 4 4 1 006 1420646041767
W 4 4 1 007 1420646044530
W 4 4 1 008 1420646046351
W 4 4 1 009 1420646047533
***
R 4 4 2 000 1420646197835
R 4 4 2 001 1420646204705
R 4 4 2 002 1420646207160
R 4 4 2 003 1420646213442
R 4 4 2 004 1420646218681
---
W 4 4 2 000 1420646193205
W 4 4 2 001 1420646197616
W 4 4 2 002 1420646203260
W 4 4 2 003 1420646207506
W 4 4 2 004 1420646212070
W 4 4 2 005 1420646216202
W 4 4 2 006 1420646221249
W 4 4 2 007 1420646223261
W 4 4 2 008 1420646224782
W 4 4 2 009 0
***
R 4 4 3 000 1420646374269
R 4 4 3 001 1420646375877
R 4 4 3 002 1420646379585
R 4 4 3 003 1420646380855
R 4 4 3 004 1420646384550
R 4 4 3 005 1420646384550
---
W 4 4 3 000 1420646370079
W 4 4 3 001 1420646372337
W 4 4 3 002 1420646374601
W 4 4 3 003 1420646377158
W 4 4 3 004 1420646379928
W 4 4 3 005 1420646381475
W 4 4 3 006 1420646383054
W 4 4 3 007 1420646386578
W 4 4 3 008 1420646388150
W 4 4 3 009 1420646390012
***
R 4 5 1 000 1420646541970
R 4 5 1 001 1420646545261
R 4 5 1 002 1420646550473
R 4 5 1 003 1420646552718
R 4 5 1 004 1420646555495
---
W 4 5 1 000 1420646536270
W 4 5 1 001 1420646540667
W 4 5 1 002 1420646543854
W 4 5 1 003 1420646547949
W 4 5 1 004 1420646550899
W 4 5 1 005 1420646553798
W 4 5 1 006 1420646556895
W 4 5 1 007 1420646559097
W 4 5 1 008 1420646560664
W 4 5 1 009 0
***
R 4 5 2 000 1420646709000
R 4 5 2 001 1420646711666
R 4 5 2 002 1420646713711
R 4 5 2 003 1420646715201
R 4 5 2 004 1420646717294
---
W 4 5 2 000 1420646705511
W 4 5 2 001 1420646707196
W 4 5 2 002 1420646709193
W 4 5 2 003 1420646711142
W 4 5 2 004 1420646713748
W 4 5 2 005 1420646715008
W 4 5 2 006 1420646717217
W 4 5 2 007 1420646719312
W 4 5 2 008 1420646721291
W 4 5 2 009 1420646722863
***
R 4 5 3 000 1420646881776
R 4 5 3 001 1420646881776
R 4 5 3 002 1420646887190
R 4 5 3 003 1420646890080
R 4 5 3 004 1420646893909
---
W 4 5 3 000 1420646870298
W 4 5 3 001 1420646875947
W 4 5 3 002 1420646880222
W 4 5 3 003 1420646884711
W 4 5 3 004 1420646889400
W 4 5 3 005 1420646892774
W 4 5 3 006 1420646897444
W 4 5 3 007 1420646899158
W 4 5 3 008 0
W 4 5 3 009 0
***
R 4 6 1 000 1420647061329
R 4 6 1 001 1420647054782
R 4 6 1 002 1420647057282
R 4 6 1 003 1420647063802
R 4 6 1 004 1420647064599
---
W 4 6 1 000 1420647044278
W 4 6 1 001 1420647049884
W 4 6 1 002 1420647053246
W 4 6 1 003 1420647055968
W 4 6 1 004 1420647060434
W 4 6 1 005 1420647063736
W 4 6 1 006 1420647067562
W 4 6 1 007 1420647069401
W 4 6 1 008 1420647070784
W 4 6 1 009 0
***
R 4 6 2 000 1420647222721
R 4 6 2 001 1420647223995
R 4 6 2 003 1420647232922
R 4 6 2 004 1420647238162
R 4 6 2 005 1420647242218
---
W 4 6 2 000 1420647213560
W 4 6 2 001 1420647218717
W 4 6 2 002 1420647222555
W 4 6 2 003 1420647227412
W 4 6 2 004 1420647231612
W 4 6 2 005 1420647235532
W 4 6 2 006 1420647241184
W 4 6 2 007 1420647245594
W 4 6 2 008 1420647247694
W 4 6 2 009 1420647248347
***
R 4 6 3 000 1420647394566
R 4 6 3 001 1420647397760
R 4 6 3 002 1420647402464
R 4 6 3 003 1420647405718
R 4 6 3 004 1420647410080
---
W 4 6 3 000 1420647390343
W 4 6 3 001 1420647393737
W 4 6 3 002 1420647396331
W 4 6 3 003 1420647400374
W 4 6 3 004 1420647404466
W 4 6 3 005 1420647408359
W 4 6 3 006 1420647412168
W 4 6 3 007 1420647415241
W 4 6 3 008 1420647417055
W 4 6 3 009 0
***
R 4 8 1 000 1420647565118
R 4 8 1 001 1420647569657
R 4 8 1 003 1420647579905
R 4 8 1 004 1420647583005
R 4 8 1 005 1420647589038
---
W 4 8 1 000 1420647560613
W 4 8 1 001 1420647564607
W 4 8 1 002 1420647569350
W 4 8 1 003 1420647573875
W 4 8 1 004 1420647577748
W 4 8 1 005 1420647581195
W 4 8 1 006 1420647586994
W 4 8 1 007 1420647591740
W 4 8 1 008 1420647594405
W 4 8 1 009 1420647595773
***
R 4 8 2 000 1420647743922
R 4 8 2 001 1420647747740
R 4 8 2 002 1420647748483
R 4 8 2 003 1420647750819
R 4 8 2 004 1420647752230
---
W 4 8 2 000 1420647739165
W 4 8 2 001 1420647741886
W 4 8 2 002 1420647744784
W 4 8 2 003 1420647747112
W 4 8 2 004 1420647748617
W 4 8 2 005 1420647750413
W 4 8 2 006 1420647752224
W 4 8 2 007 1420647754854
W 4 8 2 008 1420647756552
W 4 8 2 009 1420647757882
***
R 4 8 3 000 1420647905928
R 4 8 3 001 1420647908787
R 4 8 3 002 1420647911917
R 4 8 3 003 1420647915773
R 4 8 3 004 1420647917829
---
W 4 8 3 000 1420647900644
W 4 8 3 001 1420647904885
W 4 8 3 002 1420647907629
W 4 8 3 003 1420647911239
W 4 8 3 004 1420647913685
W 4 8 3 005 1420647916640
W 4 8 3 006 1420647919687
W 4 8 3 007 1420647921531
W 4 8 3 008 1420647923155
W 4 8 3 009 1420647924343
***
R 4 10 1 000 1420648074075
R 4 10 1 001 1420648078400
R 4 10 1 002 1420648080581
R 4 10 1 003 1420648081614
R 4 10 1 004 1420648084211
---
W 4 10 1 000 1420648069439
W 4 10 1 001 1420648073164
W 4 10 1 002 1420648076674
W 4 10 1 003 1420648077949
W 4 10 1 004 1420648080376
W 4 10 1 005 1420648082170
W 4 10 1 006 1420648083833
W 4 10 1 007 1420648085363
W 4 10 1 008 1420648087251
W 4 10 1 009 1420648088999
***
R 4 10 2 000 1420648241652
R 4 10 2 002 1420648247867
R 4 10 2 003 1420648252346
R 4 10 2 004 1420648253725
R 4 10 2 005 1420648256545
---
W 4 10 2 000 1420648237165
W 4 10 2 001 1420648240703
W 4 10 2 002 1420648243550
W 4 10 2 003 1420648246379
W 4 10 2 004 1420648249513
W 4 10 2 005 1420648252229
W 4 10 2 006 1420648254100
W 4 10 2 007 1420648256754
W 4 10 2 008 1420648259629
W 4 10 2 009 1420648261794
***
R 4 10 3 000 1420648413111
R 4 10 3 001 1420648418586
R 4 10 3 003 1420648424141
R 4 10 3 004 1420648428634
R 4 10 3 005 1420648432299
---
W 4 10 3 000 1420648407040
W 4 10 3 001 1420648411777
W 4 10 3 002 1420648415798
W 4 10 3 003 1420648420829
W 4 10 3 004 1420648423628
W 4 10 3 005 1420648426607
W 4 10 3 006 1420648430428
W 4 10 3 007 1420648434448
W 4 10 3 008 1420648436247
W 4 10 3 009 1420648437582
***
R 5 1 1 000 1420648605540
R 5 1 1 001 1420648611827
R 5 1 1 002 1420648618735
R 5 1 1 003 1420648626256
R 5 1 1 004 1420648632890
---
W 5 1 1 000 1420648598799
W 5 1 1 001 1420648603996
W 5 1 1 002 1420648611285
W 5 1 1 003 1420648618297
W 5 1 1 004 1420648624495
W 5 1 1 005 1420648632132
W 5 1 1 006 1420648639340
W 5 1 1 007 0
W 5 1 1 008 0
W 5 1 1 009 0
***
R 5 1 2 000 1420648806129
R 5 1 2 001 1420648810304
R 5 1 2 002 1420648813432
R 5 1 2 003 1420648815101
R 5 1 2 004 1420648819652
---
W 5 1 2 000 1420648799785
W 5 1 2 001 1420648804411
W 5 1 2 002 1420648807798
W 5 1 2 003 1420648811339
W 5 1 2 004 1420648813840
W 5 1 2 005 1420648817055
W 5 1 2 006 1420648819880
W 5 1 2 007 1420648822851
W 5 1 2 008 1420648825259
W 5 1 2 009 1420648827060
***
R 5 1 3 000 1420648993299
R 5 1 3 001 1420648997962
R 5 1 3 002 1420649002600
R 5 1 3 004 1420649016028
R 5 1 3 005 1420649021547
---
W 5 1 3 000 1420648985397
W 5 1 3 001 1420648991798
W 5 1 3 002 1420648997459
W 5 1 3 003 1420649003130
W 5 1 3 004 1420649010685
W 5 1 3 005 1420649016237
W 5 1 3 006 1420649021449
W 5 1 3 007 1420649026710
W 5 1 3 008 1420649029526
W 5 1 3 009 0
***
R 5 2 1 000 1420649197784
R 5 2 1 001 1420649204933
R 5 2 1 002 1420649209535
R 5 2 1 003 1420649215102
R 5 2 1 005 1420649224517
---
W 5 2 1 000 1420649189043
W 5 2 1 001 1420649196515
W 5 2 1 002 1420649202293
W 5 2 1 003 1420649207295
W 5 2 1 004 1420649211786
W 5 2 1 005 1420649217428
W 5 2 1 006 1420649222895
W 5 2 1 007 1420649228268
W 5 2 1 008 1420649231212
W 5 2 1 009 1420649233129
***
R 5 2 2 000 1420649407406
R 5 2 2 001 1420649409061
R 5 2 2 003 1420649421369
R 5 2 2 004 1420649425631
R 5 2 2 005 1420649430796
---
W 5 2 2 000 1420649394497
W 5 2 2 001 1420649401645
W 5 2 2 002 1420649407764
W 5 2 2 003 1420649413331
W 5 2 2 004 1420649419180
W 5 2 2 005 1420649423792
W 5 2 2 006 1420649429890
W 5 2 2 007 1420649435204
W 5 2 2 008 1420649438747
W 5 2 2 009 1420649440060
***
R 5 2 3 000 1420649609467
R 5 2 3 001 1420649616177
R 5 2 3 002 1420649627426
R 5 2 3 003 1420649636031
R 5 2 3 004 1420649644223
---
W 5 2 3 000 1420649599762
W 5 2 3 001 1420649608486
W 5 2 3 002 1420649616913
W 5 2 3 003 1420649626163
W 5 2 3 004 1420649634566
W 5 2 3 005 1420649642567
W 5 2 3 006 1420649649198
W 5 2 3 007 1420649650902
W 5 2 3 008 1420649651889
W 5 2 3 009 0
***
R 5 4 1 000 1420649816946
R 5 4 1 001 1420649816946
R 5 4 1 002 1420649820192
R 5 4 1 003 1420649821405
R 5 4 1 004 1420649825653
---
W 5 4 1 000 1420649810466
W 5 4 1 001 1420649813342
W 5 4 1 002 1420649815385
W 5 4 1 003 1420649817554
W 5 4 1 004 1420649819770
W 5 4 1 005 1420649823083
W 5 4 1 006 1420649824836
W 5 4 1 007 1420649826240
W 5 4 1 008 1420649829274
W 5 4 1 009 1420649831111
***
R 5 4 2 000 1420650005772
R 5 4 2 001 1420650010376
R 5 4 2 002 1420650014593
R 5 4 2 003 1420650019346
R 5 4 2 005 1420650029702
---
W 5 4 2 000 1420649997855
W 5 4 2 001 1420650004198
W 5 4 2 002 1420650008231
W 5 4 2 003 1420650013318
W 5 4 2 004 1420650017677
W 5 4 2 005 1420650022468
W 5 4 2 006 1420650027120
W 5 4 2 007 1420650032411
W 5 4 2 008 1420650035455
W 5 4 2 009 1420650037641
***
R 5 4 3 000 1420650203042
R 5 4 3 001 1420650208643
R 5 4 3 002 1420650210522
R 5 4 3 003 1420650212344
R 5 4 3 004 1420650214836
---
W 5 4 3 000 1420650197840
W 5 4 3 001 1420650201347
W 5 4 3 002 1420650204606
W 5 4 3 003 1420650207280
W 5 4 3 004 1420650209178
W 5 4 3 005 1420650212153
W 5 4 3 006 1420650214595
W 5 4 3 007 1420650217196
W 5 4 3 008 1420650219620
W 5 4 3 009 1420650221927
***
R 5 5 1 000 1420650395294
R 5 5 1 001 1420650396924
R 5 5 1 002 1420650403063
R 5 5 1 003 1420650409321
R 5 5 1 004 1420650413828
---
W 5 5 1 000 1420650383123
W 5 5 1 001 1420650389415
W 5 5 1 002 1420650395321
W 5 5 1 003 1420650400969
W 5 5 1 004 1420650406836
W 5 5 1 005 1420650413034
W 5 5 1 006 1420650418136
W 5 5 1 007 1420650420589
W 5 5 1 008 1420650422362
W 5 5 1 009 0
***
R 5 5 2 000 1420650588145
R 5 5 2 001 1420650588145
R 5 5 2 002 1420650589728
R 5 5 2 003 1420650592146
R 5 5 2 004 1420650595202
---
W 5 5 2 000 1420650581799
W 5 5 2 001 1420650584095
W 5 5 2 002 1420650586184
W 5 5 2 003 1420650588864
W 5 5 2 004 1420650590476
W 5 5 2 005 1420650592081
W 5 5 2 006 1420650595190
W 5 5 2 007 1420650597692
W 5 5 2 008 1420650599469
W 5 5 2 009 1420650600892
***
R 5 5 3 000 1420650773516
R 5 5 3 001 1420650777489
R 5 5 3 002 1420650782713
R 5 5 3 003 1420650787667
R 5 5 3 004 1420650791355
---
W 5 5 3 000 1420650764267
W 5 5 3 001 1420650770195
W 5 5 3 002 1420650774752
W 5 5 3 003 1420650779921
W 5 5 3 004 1420650784414
W 5 5 3 005 1420650790171
W 5 5 3 006 1420650795090
W 5 5 3 007 1420650798028
W 5 5 3 008 1420650800041
W 5 5 3 009 1420650800935
***
R 5 6 1 000 1420650974398
R 5 6 1 001 1420650981945
R 5 6 1 002 1420650991163
R 5 6 1 003 1420650998160
R 5 6 1 004 1420651008542
---
W 5 6 1 000 1420650959480
W 5 6 1 001 1420650969423
W 5 6 1 002 1420650977927
W 5 6 1 003 1420650986427
W 5 6 1 004 1420650994290
W 5 6 1 005 1420651003662
W 5 6 1 006 1420651011423
W 5 6 1 007 1420651014045
W 5 6 1 008 1420651015376
W 5 6 1 009 0
***
R 5 6 2 000 1420651187261
R 5 6 2 001 1420651190363
R 5 6 2 003 1420651198686
R 5 6 2 004 1420651204725
R 5 6 2 005 1420651208796
---
W 5 6 2 000 1420651176393
W 5 6 2 001 1420651182442
W 5 6 2 002 1420651187014
W 5 6 2 003 1420651192704
W 5 6 2 004 1420651197565
W 5 6 2 005 1420651202338
W 5 6 2 006 1420651207655
W 5 6 2 007 1420651212083
W 5 6 2 008 1420651215347
W 5 6 2 009 1420651217274
***
R 5 6 3 000 1420651388718
R 5 6 3 001 1420651395485
R 5 6 3 002 1420651401010
R 5 6 3 003 1420651407250
R 5 6 3 004 1420651413780
---
W 5 6 3 000 1420651379221
W 5 6 3 001 1420651386038
W 5 6 3 002 1420651393399
W 5 6 3 003 1420651399754
W 5 6 3 004 1420651405778
W 5 6 3 005 1420651411344
W 5 6 3 006 1420651417669
W 5 6 3 007 1420651420637
W 5 6 3 008 0
W 5 6 3 009 0
***
R 5 8 1 000 1420651588147
R 5 8 1 001 1420651595026
R 5 8 1 002 1420651600708
R 5 8 1 003 1420651604363
R 5 8 1 004 1420651609894
---
W 5 8 1 000 1420651580109
W 5 8 1 001 1420651587155
W 5 8 1 002 1420651592670
W 5 8 1 003 1420651597572
W 5 8 1 004 1420651602973
W 5 8 1 005 1420651608874
W 5 8 1 006 1420651614740
W 5 8 1 007 1420651616903
W 5 8 1 008 1420651618434
W 5 8 1 009 0
***
R 5 8 2 000 1420651786447
R 5 8 2 001 1420651786447
R 5 8 2 002 1420651788785
R 5 8 2 003 1420651790248
R 5 8 2 004 1420651794195
---
W 5 8 2 000 1420651780400
W 5 8 2 001 1420651782832
W 5 8 2 002 1420651784355
W 5 8 2 003 1420651785961
W 5 8 2 004 1420651788695
W 5 8 2 005 1420651794409
W 5 8 2 006 1420651796978
W 5 8 2 007 1420651799004
W 5 8 2 008 1420651800605
W 5 8 2 009 1420651801944
***
R 5 8 3 000 1420651970239
R 5 8 3 001 1420651976116
R 5 8 3 002 1420651983298
R 5 8 3 003 1420651988078
R 5 8 3 004 1420651994784
---
W 5 8 3 000 1420651961325
W 5 8 3 001 1420651967530
W 5 8 3 002 1420651975436
W 5 8 3 003 1420651981167
W 5 8 3 004 1420651986235
W 5 8 3 005 1420651992145
W 5 8 3 006 1420651998913
W 5 8 3 007 1420652001219
W 5 8 3 008 1420652002390
W 5 8 3 009 0
***
R 5 10 1 000 1420652167614
R 5 10 1 001 1420652169489
R 5 10 1 002 1420652172884
R 5 10 1 003 1420652178411
R 5 10 1 004 1420652181991
---
W 5 10 1 000 1420652159363
W 5 10 1 001 1420652163320
W 5 10 1 002 1420652167544
W 5 10 1 003 1420652171523
W 5 10 1 004 1420652175185
W 5 10 1 005 1420652178811
W 5 10 1 006 1420652183389
W 5 10 1 007 1420652186073
W 5 10 1 008 1420652188045
W 5 10 1 009 1420652189708
***
R 5 10 2 000 1420652359871
R 5 10 2 001 1420652367638
R 5 10 2 002 1420652373290
R 5 10 2 005 1420652396956
R 5 10 2 006 1420652400272
---
W 5 10 2 000 1420652353968
W 5 10 2 001 1420652358808
W 5 10 2 002 1420652365433
W 5 10 2 003 1420652371284
W 5 10 2 004 1420652378933
W 5 10 2 005 1420652386512
W 5 10 2 006 1420652394066
W 5 10 2 007 1420652398075
W 5 10 2 008 1420652403075
W 5 10 2 009 1420652405544
***
R 5 10 3 000 1420652577659
R 5 10 3 001 1420652584140
R 5 10 3 002 1420652593668
R 5 10 3 003 1420652602238
R 5 10 3 004 1420652610036
---
W 5 10 3 000 1420652566991
W 5 10 3 001 1420652573837
W 5 10 3 002 1420652582180
W 5 10 3 003 1420652591472
W 5 10 3 004 1420652600455
W 5 10 3 005 1420652608901
W 5 10 3 006 1420652614565
W 5 10 3 007 1420652617397
W 5 10 3 008 1420652618511
W 5 10 3 009 0
***
R 6 1 1 000 1420652805738
R 6 1 1 001 1420652820506
R 6 1 1 002 1420652821994
R 6 1 1 004 1420652833163
R 6 1 1 005 1420652843167
---
W 6 1 1 000 1420652792770
W 6 1 1 001 1420652802181
W 6 1 1 002 1420652810635
W 6 1 1 003 1420652818005
W 6 1 1 004 1420652824765
W 6 1 1 005 1420652832003
W 6 1 1 006 1420652841285
W 6 1 1 007 1420652849771
W 6 1 1 008 1420652852315
W 6 1 1 009 0
***
R 6 1 2 000 1420653039582
R 6 1 2 001 1420653050595
R 6 1 2 002 1420653056771
R 6 1 2 003 1420653065038
R 6 1 2 004 1420653071332
---
W 6 1 2 000 1420653029677
W 6 1 2 001 1420653038482
W 6 1 2 002 1420653048405
W 6 1 2 003 1420653056222
W 6 1 2 004 1420653063865
W 6 1 2 005 1420653071548
W 6 1 2 006 1420653077770
W 6 1 2 007 1420653080008
W 6 1 2 008 1420653081898
W 6 1 2 009 0
***
R 6 1 3 000 1420653268875
R 6 1 3 001 1420653277197
R 6 1 3 002 1420653285685
R 6 1 3 003 1420653294361
R 6 1 3 004 1420653301840
---
W 6 1 3 000 1420653258069
W 6 1 3 001 1420653267668
W 6 1 3 002 1420653276182
W 6 1 3 003 1420653283809
W 6 1 3 004 1420653292447
W 6 1 3 005 1420653301148
W 6 1 3 006 1420653308974
W 6 1 3 007 1420653311515
W 6 1 3 008 1420653313367
W 6 1 3 009 0
***
R 6 2 1 000 1420653499454
R 6 2 1 001 1420653506671
R 6 2 1 002 1420653514265
R 6 2 1 003 1420653521904
R 6 2 1 004 1420653528416
---
W 6 2 1 000 1420653490919
W 6 2 1 001 1420653497481
W 6 2 1 002 1420653503601
W 6 2 1 003 1420653512074
W 6 2 1 004 1420653519479
W 6 2 1 005 1420653525679
W 6 2 1 006 1420653533401
W 6 2 1 007 1420653537725
W 6 2 1 008 1420653541204
W 6 2 1 009 0
***
R 6 2 2 000 1420653720381
R 6 2 2 001 1420653726971
R 6 2 2 002 1420653731308
R 6 2 2 003 1420653736317
R 6 2 2 004 1420653740947
---
W 6 2 2 000 1420653715032
W 6 2 2 001 1420653719094
W 6 2 2 002 1420653725234
W 6 2 2 003 1420653730032
W 6 2 2 004 1420653734926
W 6 2 2 005 1420653739229
W 6 2 2 006 1420653744134
W 6 2 2 007 1420653747735
W 6 2 2 008 1420653750075
W 6 2 2 009 0
***
R 6 2 3 000 1420653939887
R 6 2 3 001 1420653943799
R 6 2 3 002 1420653951168
R 6 2 3 003 1420653958993
R 6 2 3 004 1420653967340
---
W 6 2 3 000 1420653925783
W 6 2 3 001 1420653935051
W 6 2 3 002 1420653940247
W 6 2 3 003 1420653948486
W 6 2 3 004 1420653956276
W 6 2 3 005 1420653964956
W 6 2 3 006 1420653972057
W 6 2 3 007 1420653976328
W 6 2 3 008 0
W 6 2 3 009 0
***
R 6 4 1 000 1420654164533
R 6 4 1 002 1420654179251
R 6 4 1 003 1420654184324
R 6 4 1 005 1420654198780
R 6 4 1 006 1420654206356
---
W 6 4 1 000 1420654155207
W 6 4 1 001 1420654163399
W 6 4 1 002 1420654170372
W 6 4 1 003 1420654176998
W 6 4 1 004 1420654183963
W 6 4 1 005 1420654190544
W 6 4 1 006 1420654197071
W 6 4 1 007 1420654203134
W 6 4 1 008 1420654210235
W 6 4 1 009 1420654215819
***
R 6 4 2 000 1420654401203
R 6 4 2 001 1420654413357
R 6 4 2 002 1420654421571
R 6 4 2 003 1420654433945
R 6 4 2 004 1420654448736
---
W 6 4 2 000 1420654392190
W 6 4 2 001 1420654402592
W 6 4 2 002 1420654411921
W 6 4 2 003 1420654420606
W 6 4 2 004 1420654432752
W 6 4 2 005 1420654443954
W 6 4 2 006 1420654454469
W 6 4 2 007 1420654459060
W 6 4 2 008 1420654461054
W 6 4 2 009 0
***
R 6 4 3 000 1420654645493
R 6 4 3 001 1420654653184
R 6 4 3 002 1420654659287
R 6 4 3 003 1420654667228
R 6 4 3 004 1420654672766
---
W 6 4 3 000 1420654636275
W 6 4 3 001 1420654643358
W 6 4 3 002 1420654650445
W 6 4 3 003 1420654657524
W 6 4 3 004 1420654665280
W 6 4 3 005 1420654671718
W 6 4 3 006 1420654678824
W 6 4 3 007 1420654683214
W 6 4 3 008 1420654685031
W 6 4 3 009 0
***
R 6 5 1 000 1420654868486
R 6 5 1 001 1420654872631
R 6 5 1 002 1420654879613
R 6 5 1 003 1420654881731
R 6 5 1 004 1420654888357
---
W 6 5 1 000 1420654860918
W 6 5 1 001 1420654866564
W 6 5 1 002 1420654871281
W 6 5 1 003 1420654876079
W 6 5 1 004 1420654879024
W 6 5 1 005 1420654883552
W 6 5 1 006 1420654887942
W 6 5 1 007 1420654892074
W 6 5 1 008 1420654894992
W 6 5 1 009 1420654897162
***
R 6 5 2 000 1420655083436
R 6 5 2 001 1420655085073
R 6 5 2 002 1420655091239
R 6 5 2 003 1420655093810
R 6 5 2 004 1420655099207
---
W 6 5 2 000 1420655075941
W 6 5 2 001 1420655078655
W 6 5 2 002 1420655082783
W 6 5 2 003 1420655085660
W 6 5 2 004 1420655089772
W 6 5 2 005 1420655092363
W 6 5 2 006 1420655098510
W 6 5 2 007 1420655100823
W 6 5 2 008 1420655103593
W 6 5 2 009 1420655105787
***
R 6 5 3 000 1420655297206
R 6 5 3 001 1420655305367
R 6 5 3 002 1420655314982
R 6 5 3 003 1420655322312
R 6 5 3 004 1420655332361
---
W 6 5 3 000 1420655287070
W 6 5 3 001 1420655295419
W 6 5 3 002 1420655304463
W 6 5 3 003 1420655313664
W 6 5 3 004 1420655322508
W 6 5 3 005 1420655330680
W 6 5 3 006 1420655338737
W 6 5 3 007 1420655341809
W 6 5 3 008 1420655343715
W 6 5 3 009 1420655345321
***
R 6 6 1 000 1420655560951
R 6 6 1 001 1420655533283
R 6 6 1 002 1420655539532
R 6 6 1 003 1420655544249
R 6 6 1 004 1420655548941
---
W 6 6 1 000 1420655520248
W 6 6 1 001 1420655525980
W 6 6 1 002 1420655531867
W 6 6 1 003 1420655537409
W 6 6 1 004 1420655542983
W 6 6 1 005 1420655547339
W 6 6 1 006 1420655553199
W 6 6 1 007 1420655560425
W 6 6 1 008 1420655565069
W 6 6 1 009 1420655569439
***
R 6 6 2 000 1420655757290
R 6 6 2 001 1420655763559
R 6 6 2 002 1420655772712
R 6 6 2 003 1420655780445
R 6 6 2 004 1420655785118
---
W 6 6 2 000 1420655746108
W 6 6 2 001 1420655755076
W 6 6 2 002 1420655762170
W 6 6 2 003 1420655770729
W 6 6 2 004 1420655777492
W 6 6 2 005 1420655784521
W 6 6 2 006 1420655792499
W 6 6 2 007 1420655796931
W 6 6 2 008 1420655799026
W 6 6 2 009 1420655800310
***
R 6 6 3 000 1420655992624
R 6 6 3 001 1420656002307
R 6 6 3 002 1420656008105
R 6 6 3 003 1420656016872
R 6 6 3 004 1420656026126
---
W 6 6 3 000 1420655978675
W 6 6 3 001 1420655988530
W 6 6 3 002 1420655997802
W 6 6 3 003 1420656005463
W 6 6 3 004 1420656014273
W 6 6 3 005 1420656024016
W 6 6 3 006 1420656030145
W 6 6 3 007 1420656033738
W 6 6 3 008 1420656036039
W 6 6 3 009 1420656037165
***
R 6 8 1 000 1420656218501
R 6 8 1 001 1420656227627
R 6 8 1 002 1420656232463
R 6 8 1 003 1420656241674
R 6 8 1 004 1420656245556
---
W 6 8 1 000 1420656211275
W 6 8 1 001 1420656217445
W 6 8 1 002 1420656224507
W 6 8 1 003 1420656230973
W 6 8 1 004 1420656239150
W 6 8 1 005 1420656243978
W 6 8 1 006 1420656249949
W 6 8 1 007 1420656254079
W 6 8 1 008 1420656255728
W 6 8 1 009 1420656256592
***
R 6 8 2 000 1420656441108
R 6 8 2 001 1420656449874
R 6 8 2 002 1420656454638
R 6 8 2 003 1420656461762
R 6 8 2 004 1420656470040
---
W 6 8 2 000 1420656432144
W 6 8 2 001 1420656439520
W 6 8 2 002 1420656445866
W 6 8 2 003 1420656452832
W 6 8 2 004 1420656461393
W 6 8 2 005 1420656468688
W 6 8 2 006 1420656475737
W 6 8 2 007 1420656479788
W 6 8 2 008 1420656481507
W 6 8 2 009 0
***
R 6 8 3 000 1420656675782
R 6 8 3 001 1420656686798
R 6 8 3 002 1420656696223
R 6 8 3 003 1420656712000
R 6 8 3 004 1420656721831
---
W 6 8 3 000 1420656658745
W 6 8 3 001 1420656671485
W 6 8 3 002 1420656684903
W 6 8 3 003 1420656694717
W 6 8 3 004 1420656707094
W 6 8 3 005 1420656718722
W 6 8 3 006 1420656728302
W 6 8 3 007 1420656731838
W 6 8 3 008 1420656733303
W 6 8 3 009 0
***
R 6 10 1 000 1420656940192
R 6 10 1 002 1420656941598
R 6 10 1 003 1420656947173
R 6 10 1 004 1420656957464
R 6 10 1 005 1420656960478
---
W 6 10 1 000 1420656908486
W 6 10 1 001 1420656919375
W 6 10 1 002 1420656928522
W 6 10 1 003 1420656936943
W 6 10 1 004 1420656944562
W 6 10 1 005 1420656952048
W 6 10 1 006 1420656958821
W 6 10 1 007 1420656966541
W 6 10 1 008 1420656969998
W 6 10 1 009 1420656972291
***
R 6 10 2 000 1420657164850
R 6 10 2 001 1420657166421
R 6 10 2 002 1420657174572
R 6 10 2 003 1420657183103
R 6 10 2 004 1420657189294
---
W 6 10 2 000 1420657151405
W 6 10 2 001 1420657158707
W 6 10 2 002 1420657165706
W 6 10 2 003 1420657173168
W 6 10 2 004 1420657182094
W 6 10 2 005 1420657188367
W 6 10 2 006 1420657195365
W 6 10 2 007 1420657197492
W 6 10 2 008 1420657198807
W 6 10 2 009 1420657200192
***
R 6 10 3 000 1420657382548
R 6 10 3 001 1420657387347
R 6 10 3 002 1420657388685
R 6 10 3 003 1420657390616
R 6 10 3 004 1420657392142
---
W 6 10 3 000 1420657374183
W 6 10 3 001 1420657379828
W 6 10 3 002 1420657383406
W 6 10 3 003 1420657385188
W 6 10 3 004 1420657387323
W 6 10 3 005 1420657388371
W 6 10 3 006 1420657390683
W 6 10 3 007 1420657397304
W 6 10 3 008 1420657399969
W 6 10 3 009 1420657401807
***
R 7 1 1 000 1420657604854
R 7 1 1 001 1420657610231
R 7 1 1 002 1420657615924
R 7 1 1 003 1420657622006
R 7 1 1 004 1420657625861
---
W 7 1 1 000 1420657597193
W 7 1 1 001 1420657603372
W 7 1 1 002 1420657609374
W 7 1 1 003 1420657615280
W 7 1 1 004 1420657620981
W 7 1 1 005 1420657626639
W 7 1 1 006 1420657631688
W 7 1 1 007 1420657636401
W 7 1 1 008 1420657639099
W 7 1 1 009 0
***
R 7 1 2 000 1420657843541
R 7 1 2 001 1420657852411
R 7 1 2 002 1420657860455
R 7 1 2 003 1420657871146
R 7 1 2 004 1420657881480
---
W 7 1 2 000 1420657832674
W 7 1 2 001 1420657839269
W 7 1 2 002 1420657849082
W 7 1 2 003 1420657859219
W 7 1 2 004 1420657868256
W 7 1 2 005 1420657880446
W 7 1 2 006 1420657888451
W 7 1 2 007 1420657892244
W 7 1 2 008 1420657894702
W 7 1 2 009 0
***
R 7 1 3 000 1420658096788
R 7 1 3 001 1420658106599
R 7 1 3 002 1420658119207
R 7 1 3 003 1420658129494
R 7 1 3 004 1420658141324
---
W 7 1 3 000 1420658083922
W 7 1 3 001 1420658097025
W 7 1 3 002 1420658107455
W 7 1 3 003 1420658118342
W 7 1 3 004 1420658130253
W 7 1 3 005 1420658141080
W 7 1 3 006 1420658150228
W 7 1 3 007 1420658152462
W 7 1 3 008 0
W 7 1 3 009 0
***
R 7 2 1 000 1420658357045
R 7 2 1 001 1420658364214
R 7 2 1 002 1420658374453
R 7 2 1 003 1420658385067
R 7 2 1 004 1420658393170
---
W 7 2 1 000 1420658341562
W 7 2 1 001 1420658353593
W 7 2 1 002 1420658363138
W 7 2 1 003 1420658371040
W 7 2 1 004 1420658381986
W 7 2 1 005 1420658390281
W 7 2 1 006 1420658400387
W 7 2 1 007 1420658405165
W 7 2 1 008 1420658407512
W 7 2 1 009 0
***
R 7 2 2 000 1420658626514
R 7 2 2 001 1420658620287
R 7 2 2 002 1420658631013
R 7 2 2 003 1420658637020
R 7 2 2 004 1420658643418
---
W 7 2 2 000 1420658601093
W 7 2 2 001 1420658611127
W 7 2 2 002 1420658619020
W 7 2 2 003 1420658627689
W 7 2 2 004 1420658634848
W 7 2 2 005 1420658642120
W 7 2 2 006 1420658649405
W 7 2 2 007 1420658655399
W 7 2 2 008 1420658657340
W 7 2 2 009 0
***
R 7 2 3 000 1420658852906
R 7 2 3 001 1420658861923
R 7 2 3 002 1420658872594
R 7 2 3 003 1420658883092
R 7 2 3 004 1420658894413
---
W 7 2 3 000 1420658845316
W 7 2 3 001 1420658850846
W 7 2 3 002 1420658860938
W 7 2 3 003 1420658871125
W 7 2 3 004 1420658880616
W 7 2 3 005 1420658890236
W 7 2 3 006 1420658899987
W 7 2 3 007 1420658905194
W 7 2 3 008 1420658907192
W 7 2 3 009 0
***
R 7 4 1 000 1420659108377
R 7 4 1 001 1420659119497
R 7 4 1 002 1420659123529
R 7 4 1 003 1420659130033
R 7 4 1 004 1420659135614
---
W 7 4 1 000 1420659102822
W 7 4 1 001 1420659107715
W 7 4 1 002 1420659114429
W 7 4 1 003 1420659120551
W 7 4 1 004 1420659125728
W 7 4 1 005 1420659132916
W 7 4 1 006 1420659139851
W 7 4 1 007 1420659144692
W 7 4 1 008 1420659147246
W 7 4 1 009 1420659148860
***
R 7 4 2 000 1420659351970
R 7 4 2 001 1420659356866
R 7 4 2 002 1420659362526
R 7 4 2 003 1420659368173
R 7 4 2 004 1420659376460
---
W 7 4 2 000 1420659340291
W 7 4 2 001 1420659347266
W 7 4 2 002 1420659353885
W 7 4 2 003 1420659360446
W 7 4 2 004 1420659366239
W 7 4 2 005 1420659372473
W 7 4 2 006 1420659378358
W 7 4 2 007 1420659384345
W 7 4 2 008 1420659387581
W 7 4 2 009 1420659390020
***
R 7 4 3 000 1420659598684
R 7 4 3 001 1420659609206
R 7 4 3 002 1420659617501
R 7 4 3 003 1420659626159
R 7 4 3 004 1420659636899
---
W 7 4 3 000 1420659586372
W 7 4 3 001 1420659596209
W 7 4 3 002 1420659606161
W 7 4 3 003 1420659615291
W 7 4 3 004 1420659624592
W 7 4 3 005 1420659633964
W 7 4 3 006 1420659643219
W 7 4 3 007 1420659647829
W 7 4 3 008 1420659650235
W 7 4 3 009 0
***
R 7 5 1 000 1420659852764
R 7 5 1 001 1420659855678
R 7 5 1 002 1420659858484
R 7 5 1 003 1420659863069
R 7 5 1 004 1420659865411
---
W 7 5 1 000 1420659842791
W 7 5 1 001 1420659847399
W 7 5 1 002 1420659851942
W 7 5 1 003 1420659855645
W 7 5 1 004 1420659860109
W 7 5 1 005 1420659862412
W 7 5 1 006 1420659866275
W 7 5 1 007 1420659869610
W 7 5 1 008 1420659871761
W 7 5 1 009 1420659875107
***
R 7 5 2 000 1420660084142
R 7 5 2 001 1420660088605
R 7 5 2 002 1420660097338
R 7 5 2 003 1420660104438
R 7 5 2 004 1420660111156
---
W 7 5 2 000 1420660071424
W 7 5 2 001 1420660080649
W 7 5 2 002 1420660088755
W 7 5 2 003 1420660096179
W 7 5 2 004 1420660102735
W 7 5 2 005 1420660109346
W 7 5 2 006 1420660116005
W 7 5 2 007 1420660119764
W 7 5 2 008 1420660122650
W 7 5 2 009 1420660124103
***
R 7 5 3 000 1420660323184
R 7 5 3 001 1420660327536
R 7 5 3 002 1420660330118
R 7 5 3 003 1420660332432
R 7 5 3 004 1420660334736
R 7 5 3 005 1420660334736
---
W 7 5 3 000 1420660315842
W 7 5 3 001 1420660318702
W 7 5 3 002 1420660322549
W 7 5 3 003 1420660325266
W 7 5 3 004 1420660328369
W 7 5 3 005 1420660330218
W 7 5 3 006 1420660331556
W 7 5 3 007 1420660336239
W 7 5 3 008 1420660340228
W 7 5 3 009 1420660344272
***
R 7 6 1 000 1420660555891
R 7 6 1 001 1420660566458
R 7 6 1 002 1420660574403
R 7 6 1 003 1420660583659
R 7 6 1 004 1420660593749
---
W 7 6 1 000 1420660543380
W 7 6 1 001 1420660553056
W 7 6 1 002 1420660561700
W 7 6 1 003 1420660571822
W 7 6 1 004 1420660581165
W 7 6 1 005 1420660590892
W 7 6 1 006 1420660599203
W 7 6 1 007 1420660603058
W 7 6 1 008 1420660604761
W 7 6 1 009 1420660607490
***
R 7 6 2 000 1420660806623
R 7 6 2 001 1420660816947
R 7 6 2 002 1420660823997
R 7 6 2 004 1420660840745
R 7 6 2 005 1420660846887
---
W 7 6 2 000 1420660799536
W 7 6 2 001 1420660805378
W 7 6 2 002 1420660814324
W 7 6 2 003 1420660821092
W 7 6 2 004 1420660830109
W 7 6 2 005 1420660838005
W 7 6 2 006 1420660845870
W 7 6 2 007 1420660852148
W 7 6 2 008 1420660857494
W 7 6 2 009 1420660859655
***
R 7 6 3 000 1420661064599
R 7 6 3 001 1420661069542
R 7 6 3 002 1420661081064
R 7 6 3 003 1420661089246
R 7 6 3 004 1420661096673
---
W 7 6 3 000 1420661052068
W 7 6 3 001 1420661060695
W 7 6 3 002 1420661068534
W 7 6 3 003 1420661077136
W 7 6 3 004 1420661083764
W 7 6 3 005 1420661091828
W 7 6 3 006 1420661100226
W 7 6 3 007 1420661107458
W 7 6 3 008 1420661110760
W 7 6 3 009 1420661113376
***
R 7 8 1 000 1420661317899
R 7 8 1 001 1420661328156
R 7 8 1 002 1420661338933
R 7 8 1 003 1420661348178
R 7 8 1 004 1420661357651
---
W 7 8 1 000 1420661307500
W 7 8 1 001 1420661316394
W 7 8 1 002 1420661326820
W 7 8 1 003 1420661337256
W 7 8 1 004 1420661345890
W 7 8 1 005 1420661355914
W 7 8 1 006 1420661364788
W 7 8 1 007 1420661368673
W 7 8 1 008 1420661370549
W 7 8 1 009 1420661372129
***
R 7 8 2 000 1420661577964
R 7 8 2 001 1420661586978
R 7 8 2 003 1420661617240
R 7 8 2 004 1420661628900
R 7 8 2 005 1420661635846
---
W 7 8 2 000 1420661563253
W 7 8 2 001 1420661577169
W 7 8 2 002 1420661587003
W 7 8 2 003 1420661599670
W 7 8 2 004 1420661614601
W 7 8 2 005 1420661624639
W 7 8 2 006 1420661635116
W 7 8 2 007 1420661643702
W 7 8 2 008 1420661647320
W 7 8 2 009 1420661648652
***
R 7 8 3 000 1420661849649
R 7 8 3 001 1420661856025
R 7 8 3 002 1420661856025
R 7 8 3 003 1420661857537
R 7 8 3 004 1420661866011
---
W 7 8 3 000 1420661840471
W 7 8 3 001 1420661844861
W 7 8 3 002 1420661850979
W 7 8 3 003 1420661853291
W 7 8 3 004 1420661854891
W 7 8 3 005 1420661862652
W 7 8 3 006 1420661864654
W 7 8 3 007 1420661869721
W 7 8 3 008 1420661874014
W 7 8 3 009 1420661877329
***
R 7 10 1 001 1420662097865
R 7 10 1 003 1420662115003
R 7 10 1 004 1420662128035
R 7 10 1 005 1420662140750
R 7 10 1 006 1420662149705
---
W 7 10 1 000 1420662073489
W 7 10 1 001 1420662084123
W 7 10 1 002 1420662092512
W 7 10 1 003 1420662102439
W 7 10 1 004 1420662114364
W 7 10 1 005 1420662125293
W 7 10 1 006 1420662136877
W 7 10 1 007 1420662148922
W 7 10 1 008 1420662157443
W 7 10 1 009 1420662160123
***
R 7 10 2 000 1420662370636
R 7 10 2 001 1420662374125
R 7 10 2 002 1420662380097
R 7 10 2 003 1420662385710
R 7 10 2 004 1420662396181
---
W 7 10 2 000 1420662356264
W 7 10 2 001 1420662362647
W 7 10 2 002 1420662369719
W 7 10 2 003 1420662377001
W 7 10 2 004 1420662384332
W 7 10 2 005 1420662392528
W 7 10 2 006 1420662401060
W 7 10 2 007 1420662406377
W 7 10 2 008 1420662408476
W 7 10 2 009 1420662409552
***
R 7 10 3 000 1420662616789
R 7 10 3 001 1420662624961
R 7 10 3 002 1420662634436
R 7 10 3 003 1420662642239
R 7 10 3 004 1420662649515
---
W 7 10 3 000 1420662604042
W 7 10 3 001 1420662614913
W 7 10 3 002 1420662623265
W 7 10 3 003 1420662631937
W 7 10 3 004 1420662640414
W 7 10 3 005 1420662647697
W 7 10 3 006 1420662656320
W 7 10 3 007 1420662660509
W 7 10 3 008 1420662662575
W 7 10 3 009 1420662664438
***
R 8 1 1 000 1420662888784
R 8 1 1 001 1420662898470
R 8 1 1 002 1420662907184
R 8 1 1 004 1420662928973
R 8 1 1 005 1420662937364
---
W 8 1 1 000 1420662873548
W 8 1 1 001 1420662886513
W 8 1 1 002 1420662897839
W 8 1 1 003 1420662906059
W 8 1 1 004 1420662917106
W 8 1 1 005 1420662925592
W 8 1 1 006 1420662934818
W 8 1 1 007 1420662943651
W 8 1 1 008 1420662952095
W 8 1 1 009 1420662957036
***
R 8 1 2 000 1420663178554
R 8 1 2 001 1420663187710
R 8 1 2 002 1420663200969
R 8 1 2 004 1420663219232
R 8 1 2 005 1420663231001
---
W 8 1 2 000 1420663162860
W 8 1 2 001 1420663173749
W 8 1 2 002 1420663184930
W 8 1 2 003 1420663194606
W 8 1 2 004 1420663206560
W 8 1 2 005 1420663218191
W 8 1 2 006 1420663226572
W 8 1 2 007 1420663235991
W 8 1 2 008 1420663244784
W 8 1 2 009 1420663249381
***
R 8 1 3 000 1420663475474
R 8 1 3 002 1420663502478
R 8 1 3 003 1420663515764
R 8 1 3 004 1420663531222
R 8 1 3 005 1420663540703
---
W 8 1 3 000 1420663462752
W 8 1 3 001 1420663473783
W 8 1 3 002 1420663487471
W 8 1 3 003 1420663500356
W 8 1 3 004 1420663514218
W 8 1 3 005 1420663528149
W 8 1 3 006 1420663539586
W 8 1 3 007 1420663550791
W 8 1 3 008 1420663557662
W 8 1 3 009 1420663561138
***
R 8 2 1 000 1420663780992
R 8 2 1 001 1420663789363
R 8 2 1 002 1420663799916
R 8 2 1 003 1420663807687
R 8 2 1 004 1420663814951
---
W 8 2 1 000 1420663768650
W 8 2 1 001 1420663779614
W 8 2 1 002 1420663787571
W 8 2 1 003 1420663797727
W 8 2 1 004 1420663805505
W 8 2 1 005 1420663812018
W 8 2 1 006 1420663820580
W 8 2 1 007 1420663827538
W 8 2 1 008 1420663830422
W 8 2 1 009 1420663833282
***
R 8 2 2 000 1420664049875
R 8 2 2 001 1420664055651
R 8 2 2 002 1420664060221
R 8 2 2 003 1420664067971
R 8 2 2 004 1420664072021
R 8 2 2 005 1420664072021
---
W 8 2 2 000 1420664040781
W 8 2 2 001 1420664047059
W 8 2 2 002 1420664053807
W 8 2 2 003 1420664057090
W 8 2 2 004 1420664061206
W 8 2 2 005 1420664066430
W 8 2 2 006 1420664069183
W 8 2 2 007 1420664072743
W 8 2 2 008 1420664077204
W 8 2 2 009 1420664083212
***
R 8 2 3 000 1420664384588
R 8 2 3 001 1420664391589
R 8 2 3 002 1420664401427
R 8 2 3 003 1420664410118
R 8 2 3 004 1420664417383
---
W 8 2 3 000 1420664370115
W 8 2 3 001 1420664380117
W 8 2 3 002 1420664388531
W 8 2 3 003 1420664397696
W 8 2 3 004 1420664407375
W 8 2 3 005 1420664416259
W 8 2 3 006 1420664423976
W 8 2 3 007 1420664429296
W 8 2 3 008 1420664433424
W 8 2 3 009 1420664435788
***
R 8 4 1 000 1420664651133
R 8 4 1 001 1420664655179
R 8 4 1 002 1420664659308
R 8 4 1 003 1420664665408
R 8 4 1 004 1420664668149
---
W 8 4 1 000 1420664643480
W 8 4 1 001 1420664647734
W 8 4 1 002 1420664651599
W 8 4 1 003 1420664655592
W 8 4 1 004 1420664658700
W 8 4 1 005 1420664663178
W 8 4 1 006 1420664666438
W 8 4 1 007 1420664672420
W 8 4 1 008 1420664674409
W 8 4 1 009 1420664678655
***
R 8 4 2 000 1420664907559
R 8 4 2 002 1420664941464
R 8 4 2 003 1420664961207
R 8 4 2 004 1420664978330
R 8 4 2 005 1420664998222
---
W 8 4 2 000 1420664889444
W 8 4 2 001 1420664904659
W 8 4 2 002 1420664922079
W 8 4 2 003 1420664940106
W 8 4 2 004 1420664957164
W 8 4 2 005 1420664976516
W 8 4 2 006 1420664994680
W 8 4 2 007 1420665009567
W 8 4 2 008 1420665014158
W 8 4 2 009 1420665016715
***
R 8 4 3 000 1420665240479
R 8 4 3 001 1420665250981
R 8 4 3 002 1420665263267
R 8 4 3 003 1420665269965
R 8 4 3 006 1420665303198
---
W 8 4 3 000 1420665225247
W 8 4 3 001 1420665236912
W 8 4 3 002 1420665245608
W 8 4 3 003 1420665258799
W 8 4 3 004 1420665269493
W 8 4 3 005 1420665280020
W 8 4 3 006 1420665292606
W 8 4 3 007 1420665302999
W 8 4 3 008 1420665313613
W 8 4 3 009 1420665320410
***
R 8 5 1 000 1420665544515
R 8 5 1 001 1420665553119
R 8 5 1 002 1420665558460
R 8 5 1 003 1420665565736
R 8 5 1 004 1420665570971
---
W 8 5 1 000 1420665534466
W 8 5 1 001 1420665541708
W 8 5 1 002 1420665549132
W 8 5 1 003 1420665554712
W 8 5 1 004 1420665560334
W 8 5 1 005 1420665566615
W 8 5 1 006 1420665575101
W 8 5 1 007 1420665580423
W 8 5 1 008 1420665585079
W 8 5 1 009 1420665588906
***
R 8 5 2 000 1420665821563
R 8 5 2 001 1420665836994
R 8 5 2 002 1420665851459
R 8 5 2 003 1420665865493
R 8 5 2 004 1420665882295
---
W 8 5 2 000 1420665801171
W 8 5 2 001 1420665819067
W 8 5 2 002 1420665834116
W 8 5 2 003 1420665849679
W 8 5 2 004 1420665861292
W 8 5 2 005 1420665878015
W 8 5 2 006 1420665890981
W 8 5 2 007 1420665897412
W 8 5 2 008 1420665900716
W 8 5 2 009 1420665902200
***
R 8 5 3 000 1420666132239
R 8 5 3 001 1420666141580
R 8 5 3 002 1420666153279
R 8 5 3 003 1420666166643
R 8 5 3 004 1420666183412
---
W 8 5 3 000 1420666114176
W 8 5 3 001 1420666127099
W 8 5 3 002 1420666140654
W 8 5 3 003 1420666153233
W 8 5 3 004 1420666163913
W 8 5 3 005 1420666173891
W 8 5 3 006 1420666183288
W 8 5 3 007 1420666193507
W 8 5 3 008 1420666198766
W 8 5 3 009 1420666201990
***
R 8 6 1 000 1420666430036
R 8 6 1 001 1420666442168
R 8 6 1 002 1420666449629
R 8 6 1 003 1420666461299
R 8 6 1 004 1420666468814
---
W 8 6 1 000 1420666414822
W 8 6 1 001 1420666427459
W 8 6 1 002 1420666438224
W 8 6 1 003 1420666448683
W 8 6 1 004 1420666457468
W 8 6 1 005 1420666465747
W 8 6 1 006 1420666476983
W 8 6 1 007 1420666482623
W 8 6 1 008 1420666485587
W 8 6 1 009 1420666487359
***
R 8 6 2 000 1420666713026
R 8 6 2 001 1420666718259
R 8 6 2 002 1420666730731
R 8 6 2 003 1420666740781
R 8 6 2 004 1420666751090
---
W 8 6 2 000 1420666697484
W 8 6 2 001 1420666708035
W 8 6 2 002 1420666718143
W 8 6 2 003 1420666728792
W 8 6 2 004 1420666738892
W 8 6 2 005 1420666749525
W 8 6 2 006 1420666761089
W 8 6 2 007 1420666766643
W 8 6 2 008 1420666769164
W 8 6 2 009 1420666770532
***
R 8 6 3 000 1420666996806
R 8 6 3 002 1420667013718
R 8 6 3 003 1420667032531
R 8 6 3 004 1420667037841
R 8 6 3 005 1420667044882
---
W 8 6 3 000 1420666978118
W 8 6 3 001 1420666988988
W 8 6 3 002 1420666999922
W 8 6 3 003 1420667010611
W 8 6 3 004 1420667021020
W 8 6 3 005 1420667033814
W 8 6 3 006 1420667043577
W 8 6 3 007 1420667054624
W 8 6 3 008 1420667060040
W 8 6 3 009 1420667063595
***
R 8 8 1 000 1420667292337
R 8 8 1 001 1420667305120
R 8 8 1 003 1420667328337
R 8 8 1 005 1420667355523
R 8 8 1 006 1420667365336
---
W 8 8 1 000 1420667278543
W 8 8 1 001 1420667289762
W 8 8 1 002 1420667302471
W 8 8 1 003 1420667314930
W 8 8 1 004 1420667327396
W 8 8 1 005 1420667340225
W 8 8 1 006 1420667351876
W 8 8 1 007 1420667364863
W 8 8 1 008 1420667377878
W 8 8 1 009 1420667383092
***
R 8 8 2 000 1420667613848
R 8 8 2 001 1420667633410
R 8 8 2 002 1420667655204
R 8 8 2 003 1420667679557
R 8 8 2 004 1420667693731
---
W 8 8 2 000 1420667594892
W 8 8 2 001 1420667613751
W 8 8 2 002 1420667630426
W 8 8 2 003 1420667654151
W 8 8 2 004 1420667673629
W 8 8 2 005 1420667688839
W 8 8 2 006 1420667704492
W 8 8 2 007 1420667711120
W 8 8 2 008 1420667714200
W 8 8 2 009 1420667715683
***
R 8 8 3 000 1420667933785
R 8 8 3 001 1420667936648
R 8 8 3 002 1420667940940
R 8 8 3 003 1420667950602
R 8 8 3 004 1420667950602
R 8 8 3 005 1420667950602
---
W 8 8 3 000 1420667926464
W 8 8 3 001 1420667929058
W 8 8 3 002 1420667933275
W 8 8 3 003 1420667936718
W 8 8 3 004 1420667943117
W 8 8 3 005 1420667945124
W 8 8 3 006 1420667947337
W 8 8 3 007 1420667949841
W 8 8 3 008 1420667952654
W 8 8 3 009 1420667960390
***
R 8 10 1 000 1420668196574
R 8 10 1 001 1420668202408
R 8 10 1 002 1420668211265
R 8 10 1 003 1420668220429
R 8 10 1 004 1420668229946
---
W 8 10 1 000 1420668181041
W 8 10 1 001 1420668193326
W 8 10 1 002 1420668200345
W 8 10 1 003 1420668209373
W 8 10 1 004 1420668216796
W 8 10 1 005 1420668225448
W 8 10 1 006 1420668235768
W 8 10 1 007 1420668241745
W 8 10 1 008 1420668244693
W 8 10 1 009 1420668245863
***
R 8 10 2 000 1420668471149
R 8 10 2 001 1420668476618
R 8 10 2 002 1420668480650
R 8 10 2 003 1420668484063
R 8 10 2 004 1420668489841
---
W 8 10 2 000 1420668461490
W 8 10 2 001 1420668470078
W 8 10 2 002 1420668472600
W 8 10 2 003 1420668476438
W 8 10 2 004 1420668478986
W 8 10 2 005 1420668485228
W 8 10 2 006 1420668488476
W 8 10 2 007 1420668493849
W 8 10 2 008 1420668498943
W 8 10 2 009 1420668501425
***
R 8 10 3 001 1420668741088
R 8 10 3 002 1420668748964
R 8 10 3 003 1420668758206
R 8 10 3 004 1420668768245
R 8 10 3 005 1420668778780
---
W 8 10 3 000 1420668715051
W 8 10 3 001 1420668728335
W 8 10 3 002 1420668738433
W 8 10 3 003 1420668745340
W 8 10 3 004 1420668754093
W 8 10 3 005 1420668766595
W 8 10 3 006 1420668774495
W 8 10 3 007 1420668783801
W 8 10 3 008 1420668790541
W 8 10 3 009 1420668793587
***
R 9 1 1 000 1420669034887
R 9 1 1 001 1420669042871
R 9 1 1 002 1420669053687
R 9 1 1 003 1420669063859
R 9 1 1 004 1420669074266
---
W 9 1 1 000 1420669025175
W 9 1 1 001 1420669034193
W 9 1 1 002 1420669042935
W 9 1 1 003 1420669052663
W 9 1 1 004 1420669063267
W 9 1 1 005 1420669071593
W 9 1 1 006 1420669080918
W 9 1 1 007 1420669085207
W 9 1 1 008 1420669090370
W 9 1 1 009 1420669093076
***
R 9 1 2 000 1420669331853
R 9 1 2 001 1420669343995
R 9 1 2 002 1420669359986
R 9 1 2 004 1420669388341
R 9 1 2 006 1420669404166
---
W 9 1 2 000 1420669320233
W 9 1 2 001 1420669331277
W 9 1 2 002 1420669341828
W 9 1 2 003 1420669352503
W 9 1 2 004 1420669365259
W 9 1 2 005 1420669375346
W 9 1 2 006 1420669387735
W 9 1 2 007 1420669398711
W 9 1 2 008 1420669409485
W 9 1 2 009 1420669417019
***
R 9 1 3 000 1420669662611
R 9 1 3 001 1420669671111
R 9 1 3 002 1420669676837
R 9 1 3 003 1420669684590
R 9 1 3 004 1420669692027
---
W 9 1 3 000 1420669654182
W 9 1 3 001 1420669661977
W 9 1 3 002 1420669668580
W 9 1 3 003 1420669675515
W 9 1 3 004 1420669682863
W 9 1 3 005 1420669689802
W 9 1 3 006 1420669697532
W 9 1 3 007 1420669703304
W 9 1 3 008 1420669706789
W 9 1 3 009 1420669710830
***
R 9 2 1 000 1420669954937
R 9 2 1 001 1420669962997
R 9 2 1 003 1420669981308
R 9 2 1 004 1420669991657
R 9 2 1 005 1420670002202
---
W 9 2 1 000 1420669942236
W 9 2 1 001 1420669949437
W 9 2 1 002 1420669959005
W 9 2 1 003 1420669969082
W 9 2 1 004 1420669977103
W 9 2 1 005 1420669985202
W 9 2 1 006 1420669993906
W 9 2 1 007 1420670001905
W 9 2 1 008 1420670008599
W 9 2 1 009 1420670014046
***
R 9 2 2 000 1420670258263
R 9 2 2 001 1420670270616
R 9 2 2 002 1420670279559
R 9 2 2 003 1420670290869
R 9 2 2 004 1420670301845
---
W 9 2 2 000 1420670248738
W 9 2 2 001 1420670257663
W 9 2 2 002 1420670269321
W 9 2 2 003 1420670279843
W 9 2 2 004 1420670289779
W 9 2 2 005 1420670301090
W 9 2 2 006 1420670309526
W 9 2 2 007 1420670316989
W 9 2 2 008 1420670322685
W 9 2 2 009 1420670326567
***
R 9 2 3 001 1420670570527
R 9 2 3 002 1420670576912
R 9 2 3 003 1420670584973
R 9 2 3 004 1420670589826
R 9 2 3 005 1420670598363
---
W 9 2 3 000 1420670554272
W 9 2 3 001 1420670561694
W 9 2 3 002 1420670568015
W 9 2 3 003 1420670575085
W 9 2 3 004 1420670583121
W 9 2 3 005 1420670589050
W 9 2 3 006 1420670596349
W 9 2 3 007 1420670603459
W 9 2 3 008 1420670608263
W 9 2 3 009 1420670614032
***
R 9 4 1 000 1420670863784
R 9 4 1 001 1420670867749
R 9 4 1 002 1420670883819
R 9 4 1 003 1420670884834
R 9 4 1 004 1420670894085
---
W 9 4 1 000 1420670845620
W 9 4 1 001 1420670855162
W 9 4 1 002 1420670863543
W 9 4 1 003 1420670869697
W 9 4 1 004 1420670878462
W 9 4 1 005 1420670889809
W 9 4 1 006 1420670899432
W 9 4 1 007 1420670906189
W 9 4 1 008 1420670911060
W 9 4 1 009 1420670915635
***
R 9 4 2 000 1420671148807
R 9 4 2 001 1420671157925
R 9 4 2 002 1420671162068
R 9 4 2 003 1420671163627
R 9 4 2 004 1420671168302
---
W 9 4 2 000 1420671143827
W 9 4 2 001 1420671148527
W 9 4 2 002 1420671153698
W 9 4 2 003 1420671158335
W 9 4 2 004 1420671162607
W 9 4 2 005 1420671165218
W 9 4 2 006 1420671170499
W 9 4 2 007 1420671174264
W 9 4 2 008 1420671177745
W 9 4 2 009 1420671181648
***
R 9 4 3 000 1420671428138
R 9 4 3 001 1420671436762
R 9 4 3 002 1420671442727
R 9 4 3 003 1420671456134
R 9 4 3 004 1420671465989
---
W 9 4 3 000 1420671412416
W 9 4 3 001 1420671423143
W 9 4 3 002 1420671432940
W 9 4 3 003 1420671441868
W 9 4 3 004 1420671453520
W 9 4 3 005 1420671461972
W 9 4 3 006 1420671474465
W 9 4 3 007 1420671482635
W 9 4 3 008 1420671486323
W 9 4 3 009 1420671491014
***
R 9 5 1 000 1420671732179
R 9 5 1 002 1420671746170
R 9 5 1 003 1420671755066
R 9 5 1 004 1420671762188
R 9 5 1 005 1420671767340
---
W 9 5 1 000 1420671721559
W 9 5 1 001 1420671729804
W 9 5 1 002 1420671736118
W 9 5 1 003 1420671743433
W 9 5 1 004 1420671751419
W 9 5 1 005 1420671758275
W 9 5 1 006 1420671765506
W 9 5 1 007 1420671773319
W 9 5 1 008 1420671777297
W 9 5 1 009 1420671781296
***
R 9 5 2 000 1420672025824
R 9 5 2 001 1420672039347
R 9 5 2 002 1420672048619
R 9 5 2 003 1420672060168
R 9 5 2 004 1420672067700
---
W 9 5 2 000 1420672014662
W 9 5 2 001 1420672023224
W 9 5 2 002 1420672034972
W 9 5 2 003 1420672045308
W 9 5 2 004 1420672056376
W 9 5 2 005 1420672064596
W 9 5 2 006 1420672075132
W 9 5 2 007 1420672083716
W 9 5 2 008 1420672089283
W 9 5 2 009 1420672092680
***
R 9 5 3 000 1420672332447
R 9 5 3 001 1420672336975
R 9 5 3 002 1420672342220
R 9 5 3 004 1420672351614
R 9 5 3 005 1420672357191
---
W 9 5 3 000 1420672324553
W 9 5 3 001 1420672330225
W 9 5 3 002 1420672334987
W 9 5 3 003 1420672339365
W 9 5 3 004 1420672344218
W 9 5 3 005 1420672349883
W 9 5 3 006 1420672354143
W 9 5 3 007 1420672359766
W 9 5 3 008 1420672365095
W 9 5 3 009 1420672369080
***
R 9 6 1 000 1420672689277
R 9 6 1 002 1420672675915
R 9 6 1 003 1420672699157
R 9 6 1 004 1420672715474
R 9 6 1 005 1420672735043
---
W 9 6 1 000 1420672604266
W 9 6 1 001 1420672628154
W 9 6 1 002 1420672650741
W 9 6 1 003 1420672671859
W 9 6 1 004 1420672690106
W 9 6 1 005 1420672712413
W 9 6 1 006 1420672733871
W 9 6 1 007 1420672740334
W 9 6 1 008 1420672742940
W 9 6 1 009 1420672744919
***
R 9 6 2 000 1420672989178
R 9 6 2 002 1420673019269
R 9 6 2 003 1420673032080
R 9 6 2 004 1420673043777
R 9 6 2 005 1420673058072
---
R 9 6 3 000 1420701127694
R 9 6 3 001 1420701127694
R 9 6 3 002 1420701128573
R 9 6 3 003 1420701129687
R 9 6 3 004 1420701129687
---
W 9 6 3 000 1420701125436
W 9 6 3 001 1420701126530
W 9 6 3 002 1420701126949
W 9 6 3 003 1420701127823
W 9 6 3 004 1420701128623
W 9 6 3 005 1420701129424
W 9 6 3 006 1420701130070
W 9 6 3 007 1420701130480
W 9 6 3 008 1420701131017
W 9 6 3 009 1420701131705
***
R 9 8 1 000 1420701264065
R 9 8 1 001 1420701264065
R 9 8 1 002 1420701264065
R 9 8 1 003 1420701265241
R 9 8 1 004 1420701266768
R 9 8 1 005 1420701266768
---
W 9 8 1 000 1420701262311
W 9 8 1 001 1420701262922
W 9 8 1 002 1420701263400
W 9 8 1 003 1420701263890
W 9 8 1 004 1420701264696
W 9 8 1 005 1420701265363
W 9 8 1 006 1420701266020
W 9 8 1 007 1420701266839
W 9 8 1 008 1420701267493
W 9 8 1 009 1420701267907
***
