W 50 1 1 000 1421760816861
W 50 1 1 001 1421760818068
W 50 1 1 002 1421760819229
W 50 1 1 003 1421760820320
W 50 1 1 004 1421760821511
W 50 1 1 005 1421760822610
W 50 1 1 006 1421760823836
W 50 1 1 007 1421760824919
W 50 1 1 008 1421760826138
W 50 1 1 009 1421760827209
***
R 50 1 1 000 1421760822242
R 50 1 1 001 1421760824285
R 50 1 1 002 1421760826726
R 50 1 1 003 1421760826726
R 50 1 1 004 1421760829143
---
W 50 1 2 000 1421761073505
W 50 1 2 001 1421761074711
W 50 1 2 002 1421761075814
W 50 1 2 003 1421761077162
W 50 1 2 004 1421761078349
W 50 1 2 005 1421761079589
W 50 1 2 006 1421761080691
W 50 1 2 007 1421761081912
W 50 1 2 008 1421761083177
W 50 1 2 009 1421761084290
***
R 50 1 2 000 1421761079339
R 50 1 2 001 1421761081165
R 50 1 2 002 1421761083766
R 50 1 2 003 1421761083766
R 50 1 2 004 1421761086382
---
W 50 1 3 000 1421761336407
W 50 1 3 001 1421761337565
W 50 1 3 002 1421761338660
W 50 1 3 003 1421761339757
W 50 1 3 004 1421761341263
W 50 1 3 005 1421761342344
W 50 1 3 006 1421761343525
W 50 1 3 007 1421761344599
W 50 1 3 008 1421761345682
W 50 1 3 009 1421761346884
***
R 50 1 3 000 1421761340928
R 50 1 3 001 1421761342997
R 50 1 3 002 1421761345942
R 50 1 3 003 1421761345942
R 50 1 3 004 1421761348825
R 50 1 3 005 1421761348825
---
R 45 1 1 000 1421762711036
R 45 1 1 001 1421762712210
R 45 1 1 002 1421762712998
R 45 1 1 003 1421762714225
R 45 1 1 004 1421762715653
---
W 45 1 1 000 1421762708873
W 45 1 1 001 1421762710110
W 45 1 1 002 1421762711306
W 45 1 1 003 1421762712434
W 45 1 1 004 1421762713572
W 45 1 1 005 1421762714819
W 45 1 1 006 1421762715993
W 45 1 1 007 1421762717132
W 45 1 1 008 1421762718275
W 45 1 1 009 1421762719440
***
R 45 1 2 000 1421763008699
R 45 1 2 001 1421763009956
R 45 1 2 002 1421763010876
R 45 1 2 003 1421763012273
R 45 1 2 004 1421763013636
---
W 45 1 2 000 1421763006627
W 45 1 2 001 1421763007883
W 45 1 2 002 1421763009060
W 45 1 2 003 1421763010165
W 45 1 2 004 1421763011337
W 45 1 2 005 1421763012569
W 45 1 2 006 1421763013731
W 45 1 2 007 1421763014812
W 45 1 2 008 1421763015977
W 45 1 2 009 1421763017136
***
R 45 1 3 000 1421763270965
R 45 1 3 001 1421763272078
R 45 1 3 002 1421763273660
R 45 1 3 003 1421763274420
R 45 1 3 004 1421763275611
---
W 45 1 3 000 1421763269028
W 45 1 3 001 1421763270241
W 45 1 3 002 1421763271388
W 45 1 3 003 1421763272605
W 45 1 3 004 1421763273736
W 45 1 3 005 1421763274853
W 45 1 3 006 1421763276044
W 45 1 3 007 1421763277165
W 45 1 3 008 1421763278301
W 45 1 3 009 1421763279447
***
R 45 2 1 000 1421763564411
R 45 2 1 001 1421763564411
R 45 2 1 002 1421763565709
R 45 2 1 003 1421763565709
R 45 2 1 004 1421763567070
R 45 2 1 005 1421763567070
---
W 45 2 1 000 1421763562308
W 45 2 1 001 1421763563006
W 45 2 1 002 1421763563696
W 45 2 1 003 1421763564379
W 45 2 1 004 1421763565039
W 45 2 1 005 1421763565670
W 45 2 1 006 1421763566320
W 45 2 1 007 1421763566996
W 45 2 1 008 1421763567644
W 45 2 1 009 1421763568295
***
R 45 2 2 000 1421764285424
R 45 2 2 001 1421764285424
R 45 2 2 002 1421764286584
R 45 2 2 003 1421764286584
R 45 2 2 004 1421764287972
R 45 2 2 005 1421764287972
---
W 45 2 2 000 1421764283206
W 45 2 2 001 1421764283974
W 45 2 2 002 1421764284622
W 45 2 2 003 1421764285287
W 45 2 2 004 1421764285933
W 45 2 2 005 1421764286600
W 45 2 2 006 1421764287256
W 45 2 2 007 1421764287872
W 45 2 2 008 1421764288528
W 45 2 2 009 1421764289170
***
R 45 2 3 000 1421764583473
R 45 2 3 001 1421764583473
R 45 2 3 002 1421764584864
R 45 2 3 003 1421764584864
R 45 2 3 004 1421764585670
R 45 2 3 005 1421764585670
---
W 45 2 3 000 1421764581198
W 45 2 3 001 1421764581904
W 45 2 3 002 1421764582483
W 45 2 3 003 1421764583098
W 45 2 3 004 1421764583678
W 45 2 3 005 1421764584302
W 45 2 3 006 1421764584931
W 45 2 3 007 1421764585567
W 45 2 3 008 1421764586248
W 45 2 3 009 1421764586851
***
R 45 4 1 000 1421764876090
R 45 4 1 001 1421764876090
R 45 4 1 002 1421764876090
R 45 4 1 003 1421764877268
R 45 4 1 004 1421764877268
R 45 4 1 005 1421764877268
---
W 45 4 1 000 1421764873967
W 45 4 1 001 1421764874411
W 45 4 1 002 1421764874793
W 45 4 1 003 1421764875167
W 45 4 1 004 1421764875573
W 45 4 1 005 1421764875946
W 45 4 1 006 1421764876270
W 45 4 1 007 1421764876642
W 45 4 1 008 1421764876971
W 45 4 1 009 1421764877303
***
R 45 4 2 000 1421765167050
R 45 4 2 001 1421765167050
R 45 4 2 002 1421765167050
R 45 4 2 003 1421765168456
R 45 4 2 004 1421765168456
R 45 4 2 005 1421765168456
---
W 45 4 2 000 1421765165026
W 45 4 2 001 1421765165516
W 45 4 2 002 1421765165895
W 45 4 2 003 1421765166309
W 45 4 2 004 1421765166708
W 45 4 2 005 1421765167037
W 45 4 2 006 1421765167397
W 45 4 2 007 1421765167739
W 45 4 2 008 1421765168153
W 45 4 2 009 1421765168578
***
R 45 4 3 000 1421765457236
R 45 4 3 001 1421765457236
R 45 4 3 002 1421765457236
R 45 4 3 003 1421765458318
R 45 4 3 004 1421765458318
R 45 4 3 005 1421765458318
---
W 45 4 3 000 1421765455454
W 45 4 3 001 1421765455896
W 45 4 3 002 1421765456285
W 45 4 3 003 1421765456662
W 45 4 3 004 1421765457044
W 45 4 3 005 1421765457405
W 45 4 3 006 1421765457769
W 45 4 3 007 1421765458147
W 45 4 3 008 1421765458479
W 45 4 3 009 1421765458864
***
R 45 5 1 000 1421765748556
R 45 5 1 001 1421765748556
R 45 5 1 002 1421765748556
R 45 5 1 003 1421765749945
R 45 5 1 004 1421765749945
R 45 5 1 005 1421765749945
---
W 45 5 1 000 1421765746554
W 45 5 1 001 1421765746958
W 45 5 1 002 1421765747360
W 45 5 1 003 1421765747724
W 45 5 1 004 1421765748049
W 45 5 1 005 1421765748363
W 45 5 1 006 1421765748784
W 45 5 1 007 1421765749103
W 45 5 1 008 1421765749409
W 45 5 1 009 1421765749762
***
R 45 5 2 000 1421766039203
R 45 5 2 001 1421766039203
R 45 5 2 002 1421766039203
R 45 5 2 003 1421766039203
R 45 5 2 004 1421766039944
R 45 5 2 005 1421766039944
R 45 5 2 006 1421766039944
---
W 45 5 2 000 1421766037061
W 45 5 2 001 1421766037458
W 45 5 2 002 1421766037817
W 45 5 2 003 1421766038102
W 45 5 2 004 1421766038426
W 45 5 2 005 1421766038694
W 45 5 2 006 1421766039008
W 45 5 2 007 1421766039338
W 45 5 2 008 1421766039674
W 45 5 2 009 1421766039959
***
R 45 5 3 000 1421766329699
R 45 5 3 001 1421766329699
R 45 5 3 002 1421766329699
R 45 5 3 003 1421766330479
R 45 5 3 004 1421766330479
R 45 5 3 005 1421766330479
R 45 5 3 006 1421766330479
---
W 45 5 3 000 1421766327459
W 45 5 3 001 1421766327880
W 45 5 3 002 1421766328252
W 45 5 3 003 1421766328594
W 45 5 3 004 1421766328896
W 45 5 3 005 1421766329212
W 45 5 3 006 1421766329478
W 45 5 3 007 1421766329766
W 45 5 3 008 1421766330060
W 45 5 3 009 1421766330369
***
R 45 6 1 000 1421766629000
R 45 6 1 001 1421766629000
R 45 6 1 002 1421766629000
R 45 6 1 003 1421766630114
R 45 6 1 004 1421766630114
R 45 6 1 005 1421766630114
R 45 6 1 006 1421766630114
---
W 45 6 1 000 1421766627213
W 45 6 1 001 1421766627589
W 45 6 1 002 1421766627893
W 45 6 1 003 1421766628222
W 45 6 1 004 1421766628531
W 45 6 1 005 1421766628807
W 45 6 1 006 1421766629074
W 45 6 1 007 1421766629353
W 45 6 1 008 1421766629663
W 45 6 1 009 1421766629938
***
W 45 6 2 000 1421766921420
W 45 6 2 001 1421766921791
W 45 6 2 002 1421766922092
W 45 6 2 003 1421766922429
W 45 6 2 004 1421766922684
W 45 6 2 005 1421766922978
W 45 6 2 006 1421766923266
W 45 6 2 007 1421766923553
W 45 6 2 008 1421766923850
W 45 6 2 009 1421766924110
***
R 45 6 2 000 1421766923191
R 45 6 2 001 1421766923191
R 45 6 2 002 1421766923191
R 45 6 2 003 1421766923191
R 45 6 2 004 1421766924762
R 45 6 2 005 1421766924762
R 45 6 2 006 1421766924762
R 45 6 2 007 1421766924762
---
W 45 6 3 000 1421767217084
W 45 6 3 001 1421767217500
W 45 6 3 002 1421767217795
W 45 6 3 003 1421767218150
W 45 6 3 004 1421767218380
W 45 6 3 005 1421767218679
W 45 6 3 006 1421767218956
W 45 6 3 007 1421767219226
W 45 6 3 008 1421767219507
W 45 6 3 009 1421767219784
***
R 45 6 3 000 1421767219054
R 45 6 3 001 1421767219054
R 45 6 3 002 1421767219054
R 45 6 3 003 1421767219054
R 45 6 3 004 1421767220207
R 45 6 3 005 1421767220207
R 45 6 3 006 1421767220207
R 45 6 3 007 1421767220207
---
W 45 8 1 000 1421767507519
W 45 8 1 001 1421767507840
W 45 8 1 002 1421767508115
W 45 8 1 003 1421767508356
W 45 8 1 004 1421767508608
W 45 8 1 005 1421767508861
W 45 8 1 006 1421767509073
W 45 8 1 007 1421767509261
W 45 8 1 008 1421767509499
W 45 8 1 009 1421767509703
***
R 45 8 1 000 1421767509448
R 45 8 1 001 1421767509448
R 45 8 1 002 1421767509448
R 45 8 1 003 1421767509448
R 45 8 1 004 1421767510243
R 45 8 1 005 1421767510243
R 45 8 1 006 1421767510243
R 45 8 1 007 1421767510243
R 45 8 1 008 1421767510243
---
R 45 8 2 000 1421767800240
R 45 8 2 001 1421767800240
R 45 8 2 002 1421767800240
R 45 8 2 003 1421767800240
R 45 8 2 004 1421767800240
---
W 45 8 2 000 1421767798201
W 45 8 2 001 1421767798565
W 45 8 2 002 1421767798777
W 45 8 2 003 1421767799032
W 45 8 2 004 1421767799277
W 45 8 2 005 1421767799534
W 45 8 2 006 1421767799741
W 45 8 2 007 1421767799932
W 45 8 2 008 1421767800205
W 45 8 2 009 1421767800435
***
R 45 8 3 000 1421768089354
R 45 8 3 001 1421768089354
R 45 8 3 002 1421768089354
R 45 8 3 003 1421768089354
R 45 8 3 004 1421768089354
---
W 45 8 3 000 1421768087355
W 45 8 3 001 1421768087712
W 45 8 3 002 1421768087937
W 45 8 3 003 1421768088184
W 45 8 3 004 1421768088388
W 45 8 3 005 1421768088583
W 45 8 3 006 1421768088817
W 45 8 3 007 1421768089016
W 45 8 3 008 1421768089255
W 45 8 3 009 1421768089502
***
R 45 10 1 000 1421768386722
R 45 10 1 001 1421768386722
R 45 10 1 002 1421768386722
R 45 10 1 003 1421768386722
R 45 10 1 004 1421768386722
---
W 45 10 1 000 1421768384890
W 45 10 1 001 1421768385213
W 45 10 1 002 1421768385430
W 45 10 1 003 1421768385678
W 45 10 1 004 1421768385901
W 45 10 1 005 1421768386112
W 45 10 1 006 1421768386375
W 45 10 1 007 1421768386588
W 45 10 1 008 1421768386752
W 45 10 1 009 1421768386984
***
R 45 10 2 000 1421768686841
R 45 10 2 001 1421768686841
R 45 10 2 002 1421768686841
R 45 10 2 003 1421768686841
R 45 10 2 004 1421768686841
---
W 45 10 2 000 1421768685034
W 45 10 2 001 1421768685355
W 45 10 2 002 1421768685551
W 45 10 2 003 1421768685789
W 45 10 2 004 1421768686006
W 45 10 2 005 1421768686223
W 45 10 2 006 1421768686463
W 45 10 2 007 1421768686681
W 45 10 2 008 1421768686894
W 45 10 2 009 1421768687181
***
R 45 10 3 000 1421768978728
R 45 10 3 001 1421768978728
R 45 10 3 002 1421768978728
R 45 10 3 003 1421768978728
R 45 10 3 004 1421768978728
---
W 45 10 3 000 1421768976811
W 45 10 3 001 1421768977118
W 45 10 3 002 1421768977331
W 45 10 3 003 1421768977563
W 45 10 3 004 1421768977808
W 45 10 3 005 1421768977987
W 45 10 3 006 1421768978189
W 45 10 3 007 1421768978386
W 45 10 3 008 1421768978586
W 45 10 3 009 1421768978782
***
R 40 1 1 000 1421769260981
R 40 1 1 001 1421769262385
R 40 1 1 002 1421769263266
R 40 1 1 003 1421769264253
R 40 1 1 004 1421769265299
---
W 40 1 1 000 1421769259227
W 40 1 1 001 1421769260433
W 40 1 1 002 1421769261512
W 40 1 1 003 1421769262574
W 40 1 1 004 1421769263659
W 40 1 1 005 1421769264748
W 40 1 1 006 1421769265892
W 40 1 1 007 1421769267047
W 40 1 1 008 1421769268230
W 40 1 1 009 1421769269464
***
R 40 1 2 000 1421769534403
R 40 1 2 001 1421769535410
R 40 1 2 002 1421769536350
R 40 1 2 003 1421769537667
R 40 1 2 004 1421769538643
---
W 40 1 2 000 1421769532292
W 40 1 2 001 1421769533485
W 40 1 2 002 1421769534644
W 40 1 2 003 1421769535719
W 40 1 2 004 1421769536840
W 40 1 2 005 1421769537978
W 40 1 2 006 1421769539164
W 40 1 2 007 1421769540324
W 40 1 2 008 1421769541461
W 40 1 2 009 1421769542604
***
R 40 1 3 000 1421769794738
R 40 1 3 001 1421769795705
R 40 1 3 002 1421769796711
R 40 1 3 003 1421769797962
R 40 1 3 004 1421769798937
---
W 40 1 3 000 1421769792788
W 40 1 3 001 1421769793973
W 40 1 3 002 1421769795126
W 40 1 3 003 1421769796229
W 40 1 3 004 1421769797308
W 40 1 3 005 1421769798421
W 40 1 3 006 1421769799651
W 40 1 3 007 1421769800800
W 40 1 3 008 1421769801974
W 40 1 3 009 1421769803121
***
R 40 2 1 000 1421770063845
R 40 2 1 001 1421770063845
R 40 2 1 002 1421770065237
R 40 2 1 003 1421770065237
R 40 2 1 004 1421770066186
R 40 2 1 005 1421770066186
---
W 40 2 1 000 1421770061973
W 40 2 1 001 1421770062692
W 40 2 1 002 1421770063314
W 40 2 1 003 1421770063971
W 40 2 1 004 1421770064588
W 40 2 1 005 1421770065190
W 40 2 1 006 1421770065821
W 40 2 1 007 1421770066443
W 40 2 1 008 1421770067072
W 40 2 1 009 1421770067688
***
R 40 2 2 000 1421770341288
R 40 2 2 001 1421770341288
R 40 2 2 002 1421770342270
R 40 2 2 003 1421770342270
R 40 2 2 004 1421770343619
R 40 2 2 005 1421770343619
---
W 40 2 2 000 1421770339405
W 40 2 2 001 1421770340087
W 40 2 2 002 1421770340675
W 40 2 2 003 1421770341363
W 40 2 2 004 1421770341946
W 40 2 2 005 1421770342550
W 40 2 2 006 1421770343199
W 40 2 2 007 1421770343773
W 40 2 2 008 1421770344403
W 40 2 2 009 1421770345106
***
R 40 2 3 000 1421770620447
R 40 2 3 001 1421770620447
R 40 2 3 002 1421770621734
R 40 2 3 003 1421770621734
R 40 2 3 004 1421770622603
R 40 2 3 005 1421770622603
---
W 40 2 3 000 1421770618526
W 40 2 3 001 1421770619214
W 40 2 3 002 1421770619813
W 40 2 3 003 1421770620376
W 40 2 3 004 1421770621002
W 40 2 3 005 1421770621603
W 40 2 3 006 1421770622210
W 40 2 3 007 1421770622838
W 40 2 3 008 1421770623461
W 40 2 3 009 1421770624099
***
R 40 4 1 000 1421770900831
R 40 4 1 001 1421770900831
R 40 4 1 002 1421770900831
R 40 4 1 003 1421770901860
R 40 4 1 004 1421770901860
R 40 4 1 005 1421770901860
---
W 40 4 1 000 1421770898975
W 40 4 1 001 1421770899435
W 40 4 1 002 1421770899810
W 40 4 1 003 1421770900178
W 40 4 1 004 1421770900550
W 40 4 1 005 1421770900925
W 40 4 1 006 1421770901245
W 40 4 1 007 1421770901604
W 40 4 1 008 1421770901938
W 40 4 1 009 1421770902333
***
R 40 4 2 000 1421771175819
R 40 4 2 001 1421771175819
R 40 4 2 002 1421771175819
R 40 4 2 003 1421771176860
R 40 4 2 004 1421771176860
R 40 4 2 005 1421771176860
---
W 40 4 2 000 1421771173763
W 40 4 2 001 1421771174192
W 40 4 2 002 1421771174523
W 40 4 2 003 1421771174911
W 40 4 2 004 1421771175309
W 40 4 2 005 1421771175676
W 40 4 2 006 1421771176017
W 40 4 2 007 1421771176335
W 40 4 2 008 1421771176650
W 40 4 2 009 1421771176994
***
R 40 4 3 000 1421771453193
R 40 4 3 001 1421771453193
R 40 4 3 002 1421771453193
R 40 4 3 003 1421771454296
R 40 4 3 004 1421771454296
R 40 4 3 005 1421771454296
---
W 40 4 3 000 1421771451426
W 40 4 3 001 1421771451869
W 40 4 3 002 1421771452202
W 40 4 3 003 1421771452594
W 40 4 3 004 1421771452992
W 40 4 3 005 1421771453311
W 40 4 3 006 1421771453673
W 40 4 3 007 1421771454061
W 40 4 3 008 1421771454376
W 40 4 3 009 1421771454765
***
R 40 5 1 000 1421771729590
R 40 5 1 001 1421771729590
R 40 5 1 002 1421771729590
R 40 5 1 003 1421771729590
R 40 5 1 004 1421771730355
R 40 5 1 005 1421771730355
R 40 5 1 006 1421771730355
---
W 40 5 1 000 1421771727589
W 40 5 1 001 1421771727982
W 40 5 1 002 1421771728299
W 40 5 1 003 1421771728587
W 40 5 1 004 1421771728909
W 40 5 1 005 1421771729212
W 40 5 1 006 1421771729531
W 40 5 1 007 1421771729832
W 40 5 1 008 1421771730132
W 40 5 1 009 1421771730446
***
R 40 5 2 000 1421772006896
R 40 5 2 001 1421772006896
R 40 5 2 002 1421772006896
R 40 5 2 003 1421772007713
R 40 5 2 004 1421772007713
R 40 5 2 005 1421772007713
---
W 40 5 2 000 1421772004709
W 40 5 2 001 1421772005142
W 40 5 2 002 1421772005487
W 40 5 2 003 1421772005840
W 40 5 2 004 1421772006271
W 40 5 2 005 1421772006701
W 40 5 2 006 1421772007038
W 40 5 2 007 1421772007382
W 40 5 2 008 1421772007734
W 40 5 2 009 1421772008021
***
R 40 5 3 000 1421772278361
R 40 5 3 001 1421772278361
R 40 5 3 002 1421772278361
R 40 5 3 003 1421772278361
R 40 5 3 004 1421772279483
R 40 5 3 005 1421772279483
R 40 5 3 006 1421772279483
R 40 5 3 007 1421772279483
---
W 40 5 3 000 1421772276509
W 40 5 3 001 1421772276913
W 40 5 3 002 1421772277233
W 40 5 3 003 1421772277557
W 40 5 3 004 1421772277844
W 40 5 3 005 1421772278159
W 40 5 3 006 1421772278459
W 40 5 3 007 1421772278786
W 40 5 3 008 1421772279060
W 40 5 3 009 1421772279390
***
W 40 6 1 000 1421772547874
W 40 6 1 001 1421772548228
W 40 6 1 002 1421772548539
W 40 6 1 003 1421772548835
W 40 6 1 004 1421772549128
W 40 6 1 005 1421772549365
W 40 6 1 006 1421772549639
W 40 6 1 007 1421772549952
W 40 6 1 008 1421772550225
W 40 6 1 009 1421772550491
***
R 40 6 1 000 1421772549858
R 40 6 1 001 1421772549858
R 40 6 1 002 1421772549858
R 40 6 1 003 1421772549858
R 40 6 1 004 1421772550918
R 40 6 1 005 1421772550918
R 40 6 1 006 1421772550918
R 40 6 1 007 1421772550918
---
W 40 6 2 000 1421772822026
W 40 6 2 001 1421772822441
W 40 6 2 002 1421772822672
W 40 6 2 003 1421772822988
W 40 6 2 004 1421772823253
W 40 6 2 005 1421772823531
W 40 6 2 006 1421772823784
W 40 6 2 007 1421772824069
W 40 6 2 008 1421772824335
W 40 6 2 009 1421772824604
***
R 40 6 2 000 1421772824198
R 40 6 2 001 1421772824198
R 40 6 2 002 1421772824198
R 40 6 2 003 1421772824198
R 40 6 2 004 1421772825224
R 40 6 2 005 1421772825224
R 40 6 2 006 1421772825224
R 40 6 2 007 1421772825224
---
W 40 6 3 000 1421773100230
W 40 6 3 001 1421773100670
W 40 6 3 002 1421773100964
W 40 6 3 003 1421773101245
W 40 6 3 004 1421773101525
W 40 6 3 005 1421773101880
W 40 6 3 006 1421773102109
W 40 6 3 007 1421773102399
W 40 6 3 008 1421773102674
W 40 6 3 009 1421773102909
***
R 40 6 3 000 1421773102151
R 40 6 3 001 1421773102151
R 40 6 3 002 1421773102151
R 40 6 3 003 1421773102151
R 40 6 3 004 1421773103531
R 40 6 3 005 1421773103531
R 40 6 3 006 1421773103531
R 40 6 3 007 1421773103531
---
W 40 8 1 000 1421821265650
W 40 8 1 001 1421821265969
W 40 8 1 002 1421821266223
W 40 8 1 003 1421821266441
W 40 8 1 004 1421821266659
W 40 8 1 005 1421821266946
W 40 8 1 006 1421821267156
W 40 8 1 007 1421821267403
W 40 8 1 008 1421821267637
W 40 8 1 009 1421821267871
***
R 40 8 1 000 1421821267424
R 40 8 1 001 1421821267424
R 40 8 1 002 1421821267424
R 40 8 1 003 1421821267424
R 40 8 1 005 1421821268583
R 40 8 1 006 1421821268583
R 40 8 1 007 1421821268583
R 40 8 1 008 1421821268583
---
W 40 8 2 000 1421821541770
W 40 8 2 001 1421821542085
W 40 8 2 002 1421821542324
W 40 8 2 003 1421821542552
W 40 8 2 004 1421821542823
W 40 8 2 005 1421821543082
W 40 8 2 006 1421821543364
W 40 8 2 007 1421821543575
W 40 8 2 008 1421821543823
W 40 8 2 009 1421821544024
***
R 40 8 2 000 1421821543906
R 40 8 2 001 1421821543906
R 40 8 2 002 1421821543906
R 40 8 2 003 1421821543906
R 40 8 2 005 1421821544711
R 40 8 2 006 1421821544711
R 40 8 2 007 1421821544711
R 40 8 2 008 1421821544711
---
W 40 8 3 000 1421821825344
W 40 8 3 001 1421821825701
W 40 8 3 002 1421821825961
W 40 8 3 003 1421821826294
W 40 8 3 004 1421821826580
W 40 8 3 005 1421821826905
W 40 8 3 006 1421821827175
W 40 8 3 007 1421821827442
W 40 8 3 008 1421821827674
W 40 8 3 009 1421821827915
***
R 40 8 3 000 1421821827570
R 40 8 3 001 1421821827570
R 40 8 3 002 1421821827570
R 40 8 3 003 1421821827570
R 40 8 3 004 1421821828373
R 40 8 3 005 1421821828373
R 40 8 3 006 1421821828373
R 40 8 3 007 1421821828373
---
W 40 10 1 000 1421822096011
W 40 10 1 001 1421822096361
W 40 10 1 002 1421822096629
W 40 10 1 003 1421822096802
W 40 10 1 004 1421822096991
W 40 10 1 005 1421822097300
W 40 10 1 006 1421822097639
W 40 10 1 007 1421822097899
W 40 10 1 008 1421822098115
W 40 10 1 009 1421822098363
***
R 40 10 1 000 1421822098077
R 40 10 1 001 1421822098077
R 40 10 1 002 1421822098077
R 40 10 1 003 1421822098077
R 40 10 1 005 1421822099257
R 40 10 1 006 1421822099257
R 40 10 1 007 1421822099257
---
R 40 10 2 000 1421822371811
R 40 10 2 001 1421822371811
R 40 10 2 002 1421822371811
R 40 10 2 003 1421822371811
R 40 10 2 004 1421822371811
---
W 40 10 2 000 1421822369752
W 40 10 2 001 1421822370057
W 40 10 2 002 1421822370230
W 40 10 2 003 1421822370401
W 40 10 2 004 1421822370635
W 40 10 2 005 1421822370837
W 40 10 2 006 1421822371088
W 40 10 2 007 1421822371260
W 40 10 2 008 1421822371429
W 40 10 2 009 1421822371644
***
W 40 10 3 000 1421822643220
W 40 10 3 001 1421822643508
W 40 10 3 002 1421822643681
W 40 10 3 003 1421822643852
W 40 10 3 004 1421822644063
W 40 10 3 005 1421822644258
W 40 10 3 006 1421822644441
W 40 10 3 007 1421822644613
W 40 10 3 008 1421822644804
W 40 10 3 009 1421822644973
***
R 40 10 3 000 1421822645162
R 40 10 3 001 1421822645162
R 40 10 3 002 1421822645162
R 40 10 3 003 1421822645162
R 40 10 3 004 1421822645162
R 40 10 3 005 1421822645162
---
R 38 1 1 000 1421822924417
R 38 1 1 001 1421822925289
R 38 1 1 002 1421822926564
R 38 1 1 003 1421822927491
R 38 1 1 004 1421822928775
---
W 38 1 1 000 1421822922559
W 38 1 1 001 1421822923745
W 38 1 1 002 1421822924868
W 38 1 1 003 1421822925955
W 38 1 1 004 1421822927071
W 38 1 1 005 1421822928203
W 38 1 1 006 1421822929281
W 38 1 1 007 1421822930432
W 38 1 1 008 1421822931564
W 38 1 1 009 1421822932701
***
R 38 1 2 000 1421823195093
R 38 1 2 001 1421823196018
R 38 1 2 002 1421823197449
R 38 1 2 003 1421823198847
R 38 1 2 004 1421823199766
---
W 38 1 2 000 1421823193284
W 38 1 2 001 1421823194511
W 38 1 2 002 1421823195589
W 38 1 2 003 1421823196712
W 38 1 2 004 1421823197861
W 38 1 2 005 1421823198955
W 38 1 2 006 1421823200075
W 38 1 2 007 1421823201283
W 38 1 2 008 1421823202424
W 38 1 2 009 1421823203573
***
R 38 2 1 000 1421823492793
R 38 2 1 001 1421823492793
R 38 2 1 002 1421823494151
R 38 2 1 003 1421823494151
R 38 2 1 004 1421823495578
R 38 2 1 005 1421823495578
---
W 38 2 1 000 1421823490966
W 38 2 1 001 1421823491661
W 38 2 1 002 1421823492321
W 38 2 1 003 1421823492948
W 38 2 1 004 1421823493683
W 38 2 1 005 1421823494279
W 38 2 1 006 1421823494910
W 38 2 1 007 1421823495537
W 38 2 1 008 1421823496231
W 38 2 1 009 1421823496821
***
R 38 4 1 000 1421823765206
R 38 4 1 001 1421823765206
R 38 4 1 002 1421823765206
R 38 4 1 003 1421823766367
R 38 4 1 004 1421823766367
R 38 4 1 005 1421823766367
---
W 38 4 1 000 1421823763138
W 38 4 1 001 1421823763575
W 38 4 1 002 1421823763953
W 38 4 1 003 1421823764324
W 38 4 1 004 1421823764737
W 38 4 1 005 1421823765146
W 38 4 1 006 1421823765481
W 38 4 1 007 1421823765833
W 38 4 1 008 1421823766221
W 38 4 1 009 1421823766565
***
R 38 5 1 000 1421824035699
R 38 5 1 001 1421824035699
R 38 5 1 002 1421824035699
R 38 5 1 004 1421824036477
R 38 5 1 005 1421824036477
R 38 5 1 006 1421824036477
---
W 38 5 1 000 1421824033723
W 38 5 1 001 1421824034111
W 38 5 1 002 1421824034437
W 38 5 1 003 1421824034820
W 38 5 1 004 1421824035167
W 38 5 1 005 1421824035487
W 38 5 1 006 1421824035757
W 38 5 1 007 1421824036066
W 38 5 1 008 1421824036347
W 38 5 1 009 1421824036658
***
W 38 6 1 000 1421824301186
W 38 6 1 001 1421824301575
W 38 6 1 002 1421824301816
W 38 6 1 003 1421824302071
W 38 6 1 004 1421824302377
W 38 6 1 005 1421824302662
W 38 6 1 006 1421824302922
W 38 6 1 007 1421824303187
W 38 6 1 008 1421824303455
W 38 6 1 009 1421824303687
***
R 38 6 1 000 1421824303148
R 38 6 1 001 1421824303148
R 38 6 1 002 1421824303148
R 38 6 1 003 1421824303148
R 38 6 1 004 1421824304218
R 38 6 1 005 1421824304218
R 38 6 1 006 1421824304218
R 38 6 1 007 1421824304218
---
R 38 8 1 000 1421824572779
R 38 8 1 001 1421824572779
R 38 8 1 002 1421824572779
R 38 8 1 003 1421824572779
R 38 8 1 004 1421824572779
---
W 38 8 1 000 1421824571005
W 38 8 1 001 1421824571321
W 38 8 1 002 1421824571591
W 38 8 1 003 1421824571816
W 38 8 1 004 1421824572020
W 38 8 1 005 1421824572227
W 38 8 1 006 1421824572482
W 38 8 1 007 1421824572700
W 38 8 1 008 1421824572917
W 38 8 1 009 1421824573179
***
W 38 10 1 000 1421824842822
W 38 10 1 001 1421824843170
W 38 10 1 002 1421824843436
W 38 10 1 003 1421824843689
W 38 10 1 004 1421824844037
W 38 10 1 005 1421824844270
W 38 10 1 006 1421824844456
W 38 10 1 007 1421824844638
W 38 10 1 008 1421824844885
W 38 10 1 009 1421824845085
***
R 38 10 1 000 1421824844944
R 38 10 1 001 1421824844944
R 38 10 1 002 1421824844944
R 38 10 1 003 1421824844944
R 38 10 1 004 1421824845813
R 38 10 1 005 1421824845813
R 38 10 1 006 1421824845813
R 38 10 1 007 1421824845813
R 38 10 1 008 1421824845813
---
R 36 1 1 000 1421825116724
R 36 1 1 001 1421825117995
R 36 1 1 002 1421825119201
R 36 1 1 003 1421825120130
R 36 1 1 004 1421825121334
---
W 36 1 1 000 1421825115014
W 36 1 1 001 1421825116228
W 36 1 1 002 1421825117455
W 36 1 1 003 1421825118573
W 36 1 1 004 1421825119698
W 36 1 1 005 1421825120812
W 36 1 1 006 1421825121963
W 36 1 1 007 1421825123110
W 36 1 1 008 1421825124228
W 36 1 1 009 1421825125390
***
R 36 2 1 000 1421825373150
R 36 2 1 001 1421825373150
R 36 2 1 002 1421825374414
R 36 2 1 003 1421825374414
R 36 2 1 004 1421825375950
R 36 2 1 005 1421825375950
---
W 36 2 1 000 1421825371584
W 36 2 1 001 1421825372297
W 36 2 1 002 1421825372904
W 36 2 1 003 1421825373528
W 36 2 1 004 1421825374167
W 36 2 1 005 1421825374773
W 36 2 1 006 1421825375385
W 36 2 1 007 1421825375964
W 36 2 1 008 1421825376608
W 36 2 1 009 1421825377200
***
R 36 4 1 000 1421825632551
R 36 4 1 001 1421825632551
R 36 4 1 002 1421825632551
R 36 4 1 003 1421825633722
R 36 4 1 004 1421825633722
R 36 4 1 005 1421825633722
---
W 36 4 1 000 1421825630780
W 36 4 1 001 1421825631231
W 36 4 1 002 1421825631557
W 36 4 1 003 1421825631910
W 36 4 1 004 1421825632271
W 36 4 1 005 1421825632666
W 36 4 1 006 1421825633058
W 36 4 1 007 1421825633378
W 36 4 1 008 1421825633706
W 36 4 1 009 1421825634088
***
R 36 5 1 000 1421825893891
R 36 5 1 001 1421825893891
R 36 5 1 002 1421825893891
R 36 5 1 003 1421825893891
R 36 5 1 004 1421825894923
R 36 5 1 005 1421825894923
R 36 5 1 006 1421825894923
R 36 5 1 007 1421825894923
---
W 36 5 1 000 1421825892006
W 36 5 1 001 1421825892435
W 36 5 1 002 1421825892745
W 36 5 1 003 1421825893028
W 36 5 1 004 1421825893332
W 36 5 1 005 1421825893614
W 36 5 1 006 1421825893900
W 36 5 1 007 1421825894250
W 36 5 1 008 1421825894548
W 36 5 1 009 1421825894834
***
R 36 6 1 000 1421826156442
R 36 6 1 001 1421826156442
R 36 6 1 002 1421826156442
R 36 6 1 003 1421826156442
R 36 6 1 004 1421826157445
R 36 6 1 005 1421826157445
R 36 6 1 006 1421826157445
---
W 36 6 1 000 1421826154751
W 36 6 1 001 1421826155181
W 36 6 1 002 1421826155472
W 36 6 1 003 1421826155767
W 36 6 1 004 1421826156080
W 36 6 1 005 1421826156358
W 36 6 1 006 1421826156641
W 36 6 1 007 1421826156984
W 36 6 1 008 1421826157233
W 36 6 1 009 1421826157509
***
R 36 8 1 000 1421826421251
R 36 8 1 001 1421826421251
R 36 8 1 002 1421826421251
R 36 8 1 003 1421826421251
R 36 8 1 004 1421826421251
---
W 36 8 1 000 1421826419447
W 36 8 1 001 1421826419784
W 36 8 1 002 1421826420025
W 36 8 1 003 1421826420228
W 36 8 1 004 1421826420468
W 36 8 1 005 1421826420718
W 36 8 1 006 1421826420976
W 36 8 1 007 1421826421240
W 36 8 1 008 1421826421508
W 36 8 1 009 1421826421786
***
W 36 10 1 000 1421826683567
W 36 10 1 001 1421826683962
W 36 10 1 002 1421826684196
W 36 10 1 003 1421826684437
W 36 10 1 004 1421826684678
W 36 10 1 005 1421826684916
W 36 10 1 006 1421826685180
W 36 10 1 007 1421826685363
W 36 10 1 008 1421826685570
W 36 10 1 009 1421826685774
***
R 36 10 1 000 1421826685665
R 36 10 1 001 1421826685665
R 36 10 1 002 1421826685665
R 36 10 1 003 1421826685665
R 36 10 1 004 1421826686302
R 36 10 1 005 1421826686302
R 36 10 1 006 1421826686302
R 36 10 1 007 1421826686302
R 36 10 1 008 1421826686302
---
R 34 1 1 000 1421826943680
R 34 1 1 001 1421826945068
R 34 1 1 002 1421826946091
R 34 1 1 003 1421826947144
R 34 1 1 004 1421826948476
---
W 34 1 1 000 1421826942092
W 34 1 1 001 1421826943249
W 34 1 1 002 1421826944398
W 34 1 1 003 1421826945489
W 34 1 1 004 1421826946652
W 34 1 1 005 1421826947812
W 34 1 1 006 1421826948976
W 34 1 1 007 1421826950116
W 34 1 1 008 1421826951252
W 34 1 1 009 1421826952383
***
R 34 2 1 000 1421827195539
R 34 2 1 001 1421827195539
R 34 2 1 002 1421827196650
R 34 2 1 003 1421827196650
R 34 2 1 004 1421827197630
R 34 2 1 005 1421827197630
---
W 34 2 1 000 1421827193765
W 34 2 1 001 1421827194446
W 34 2 1 002 1421827195031
W 34 2 1 003 1421827195596
W 34 2 1 004 1421827196172
W 34 2 1 005 1421827196777
W 34 2 1 006 1421827197393
W 34 2 1 007 1421827197971
W 34 2 1 008 1421827198593
W 34 2 1 009 1421827199214
***
R 34 4 1 000 1421827440201
R 34 4 1 001 1421827440201
R 34 4 1 002 1421827440201
R 34 4 1 003 1421827441337
R 34 4 1 004 1421827441337
R 34 4 1 005 1421827441337
---
W 34 4 1 000 1421827438519
W 34 4 1 001 1421827438963
W 34 4 1 002 1421827439373
W 34 4 1 003 1421827439745
W 34 4 1 004 1421827440075
W 34 4 1 005 1421827440427
W 34 4 1 006 1421827440751
W 34 4 1 007 1421827441083
W 34 4 1 008 1421827441474
W 34 4 1 009 1421827441849
***
R 34 5 1 000 1421827688764
R 34 5 1 001 1421827688764
R 34 5 1 002 1421827688764
R 34 5 1 003 1421827688764
R 34 5 1 004 1421827689961
R 34 5 1 005 1421827689961
R 34 5 1 006 1421827689961
R 34 5 1 007 1421827689961
---
W 34 5 1 000 1421827687003
W 34 5 1 001 1421827687396
W 34 5 1 002 1421827687721
W 34 5 1 003 1421827688003
W 34 5 1 004 1421827688301
W 34 5 1 005 1421827688616
W 34 5 1 006 1421827688928
W 34 5 1 007 1421827689212
W 34 5 1 008 1421827689512
W 34 5 1 009 1421827689856
***
W 34 6 1 000 1421827930784
W 34 6 1 001 1421827931176
W 34 6 1 002 1421827931500
W 34 6 1 003 1421827931793
W 34 6 1 004 1421827932084
W 34 6 1 005 1421827932377
W 34 6 1 006 1421827932668
W 34 6 1 007 1421827932974
W 34 6 1 008 1421827933277
W 34 6 1 009 1421827933575
***
R 34 6 1 000 1421827932815
R 34 6 1 001 1421827932815
R 34 6 1 002 1421827932815
R 34 6 1 003 1421827932815
R 34 6 1 004 1421827933982
R 34 6 1 005 1421827933982
R 34 6 1 006 1421827933982
R 34 6 1 007 1421827933982
---
W 34 8 1 000 1421828184436
W 34 8 1 001 1421828184792
W 34 8 1 002 1421828185011
W 34 8 1 003 1421828185278
W 34 8 1 004 1421828185538
W 34 8 1 005 1421828185816
W 34 8 1 006 1421828186079
W 34 8 1 007 1421828186300
W 34 8 1 008 1421828186548
W 34 8 1 009 1421828186790
***
R 34 8 1 000 1421828186194
R 34 8 1 001 1421828186194
R 34 8 1 002 1421828186194
R 34 8 1 003 1421828186194
R 34 8 1 004 1421828187351
R 34 8 1 005 1421828187351
R 34 8 1 006 1421828187351
R 34 8 1 007 1421828187351
---
R 34 10 1 000 1421828438053
R 34 10 1 001 1421828438053
R 34 10 1 002 1421828438053
R 34 10 1 003 1421828438053
R 34 10 1 004 1421828438053
---
W 34 10 1 000 1421828436220
W 34 10 1 001 1421828436533
W 34 10 1 002 1421828436745
W 34 10 1 003 1421828436966
W 34 10 1 004 1421828437153
W 34 10 1 005 1421828437336
W 34 10 1 006 1421828437573
W 34 10 1 007 1421828437814
W 34 10 1 008 1421828438010
W 34 10 1 009 1421828438197
***
R 32 1 1 000 1421828670615
R 32 1 1 001 1421828671656
R 32 1 1 002 1421828672773
R 32 1 1 003 1421828673821
R 32 1 1 004 1421828675088
---
W 32 1 1 000 1421828668957
W 32 1 1 001 1421828670103
W 32 1 1 002 1421828671190
W 32 1 1 003 1421828672267
W 32 1 1 004 1421828673364
W 32 1 1 005 1421828674553
W 32 1 1 006 1421828675722
W 32 1 1 007 1421828676869
W 32 1 1 008 1421828677996
W 32 1 1 009 1421828679148
***
R 32 2 1 000 1421829795785
R 32 2 1 001 1421829795785
R 32 2 1 002 1421829797199
R 32 2 1 003 1421829797199
R 32 2 1 004 1421829798407
R 32 2 1 005 1421829798407
---
W 32 2 1 000 1421829794213
W 32 2 1 001 1421829794900
W 32 2 1 002 1421829795509
W 32 2 1 003 1421829796112
W 32 2 1 004 1421829796677
W 32 2 1 005 1421829797311
W 32 2 1 006 1421829797941
W 32 2 1 007 1421829798530
W 32 2 1 008 1421829799151
W 32 2 1 009 1421829799744
***
R 32 4 1 000 1421830019498
R 32 4 1 001 1421830019498
R 32 4 1 002 1421830019498
R 32 4 1 003 1421830020463
R 32 4 1 004 1421830020463
R 32 4 1 005 1421830020463
---
W 32 4 1 000 1421830017724
W 32 4 1 001 1421830018184
W 32 4 1 002 1421830018554
W 32 4 1 003 1421830018886
W 32 4 1 004 1421830019228
W 32 4 1 005 1421830019584
W 32 4 1 006 1421830019926
W 32 4 1 007 1421830020319
W 32 4 1 008 1421830020686
W 32 4 1 009 1421830021079
***
R 32 5 1 000 1421830241238
R 32 5 1 001 1421830241238
R 32 5 1 002 1421830241238
R 32 5 1 003 1421830241238
R 32 5 1 004 1421830242402
R 32 5 1 005 1421830242402
R 32 5 1 006 1421830242402
R 32 5 1 007 1421830242402
---
W 32 5 1 000 1421830239412
W 32 5 1 001 1421830239809
W 32 5 1 002 1421830240086
W 32 5 1 003 1421830240395
W 32 5 1 004 1421830240692
W 32 5 1 005 1421830240994
W 32 5 1 006 1421830241308
W 32 5 1 007 1421830241608
W 32 5 1 008 1421830241993
W 32 5 1 009 1421830242299
***
W 32 6 1 000 1421830458813
W 32 6 1 001 1421830459163
W 32 6 1 002 1421830459449
W 32 6 1 003 1421830459716
W 32 6 1 004 1421830459946
W 32 6 1 005 1421830460244
W 32 6 1 006 1421830460478
W 32 6 1 007 1421830460740
W 32 6 1 008 1421830461016
W 32 6 1 009 1421830461325
***
R 32 6 1 000 1421830460543
R 32 6 1 001 1421830460543
R 32 6 1 002 1421830460543
R 32 6 1 003 1421830460543
R 32 6 1 004 1421830461854
R 32 6 1 005 1421830461854
R 32 6 1 006 1421830461854
R 32 6 1 007 1421830461854
---
R 32 8 1 000 1421830680930
R 32 8 1 001 1421830680930
R 32 8 1 002 1421830680930
R 32 8 1 003 1421830680930
R 32 8 1 004 1421830680930
---
W 32 8 1 000 1421830679191
W 32 8 1 001 1421830679497
W 32 8 1 002 1421830679694
W 32 8 1 003 1421830679887
W 32 8 1 004 1421830680129
W 32 8 1 005 1421830680357
W 32 8 1 006 1421830680570
W 32 8 1 007 1421830680769
W 32 8 1 008 1421830681012
W 32 8 1 009 1421830681260
***
R 32 10 1 000 1421830906295
R 32 10 1 001 1421830906295
R 32 10 1 002 1421830906295
R 32 10 1 003 1421830906295
R 32 10 1 004 1421830906295
---
W 32 10 1 000 1421830904330
W 32 10 1 001 1421830904646
W 32 10 1 002 1421830904826
W 32 10 1 003 1421830905024
W 32 10 1 004 1421830905220
W 32 10 1 005 1421830905394
W 32 10 1 006 1421830905615
W 32 10 1 007 1421830905793
W 32 10 1 008 1421830906007
W 32 10 1 009 1421830906186
***
R 30 1 1 000 1421831128409
R 30 1 1 001 1421831129477
R 30 1 1 002 1421831130794
R 30 1 1 003 1421831131686
R 30 1 1 004 1421831132785
---
W 30 1 1 000 1421831126667
W 30 1 1 001 1421831127860
W 30 1 1 002 1421831128934
W 30 1 1 003 1421831130024
W 30 1 1 004 1421831131135
W 30 1 1 005 1421831132234
W 30 1 1 006 1421831133317
W 30 1 1 007 1421831134483
W 30 1 1 008 1421831135644
W 30 1 1 009 1421831136781
***
R 30 2 1 000 1421831341839
R 30 2 1 001 1421831341839
R 30 2 1 002 1421831343253
R 30 2 1 003 1421831343253
R 30 2 1 004 1421831344515
R 30 2 1 005 1421831344515
---
W 30 2 1 000 1421831340329
W 30 2 1 001 1421831341079
W 30 2 1 002 1421831341709
W 30 2 1 003 1421831342290
W 30 2 1 004 1421831342918
W 30 2 1 005 1421831343552
W 30 2 1 006 1421831344146
W 30 2 1 007 1421831344832
W 30 2 1 008 1421831345460
W 30 2 1 009 1421831346086
***
R 30 4 1 000 1421831520641
R 30 4 1 001 1421831520641
R 30 4 1 002 1421831520641
R 30 4 1 003 1421831521634
R 30 4 1 004 1421831521634
R 30 4 1 005 1421831521634
---
W 30 4 1 000 1421831518817
W 30 4 1 001 1421831519324
W 30 4 1 002 1421831519653
W 30 4 1 003 1421831519987
W 30 4 1 004 1421831520356
W 30 4 1 005 1421831520741
W 30 4 1 006 1421831521135
W 30 4 1 007 1421831521531
W 30 4 1 008 1421831521890
W 30 4 1 009 1421831522286
***
R 30 5 1 000 1421831681796
R 30 5 1 001 1421831681796
R 30 5 1 002 1421831681796
R 30 5 1 003 1421831681796
R 30 5 1 004 1421831682675
R 30 5 1 005 1421831682675
R 30 5 1 006 1421831682675
---
W 30 5 1 000 1421831680057
W 30 5 1 001 1421831680491
W 30 5 1 002 1421831680795
W 30 5 1 003 1421831681133
W 30 5 1 004 1421831681437
W 30 5 1 005 1421831681702
W 30 5 1 006 1421831681973
W 30 5 1 007 1421831682280
W 30 5 1 008 1421831682605
W 30 5 1 009 1421831682945
***
W 30 6 1 000 1421831846844
W 30 6 1 001 1421831847231
W 30 6 1 002 1421831847513
W 30 6 1 003 1421831847808
W 30 6 1 004 1421831848057
W 30 6 1 005 1421831848370
W 30 6 1 006 1421831848619
W 30 6 1 007 1421831848887
W 30 6 1 008 1421831849175
W 30 6 1 009 1421831849506
***
R 30 6 1 000 1421831848732
R 30 6 1 001 1421831848732
R 30 6 1 002 1421831848732
R 30 6 1 003 1421831848732
R 30 6 1 004 1421831850132
R 30 6 1 005 1421831850132
R 30 6 1 006 1421831850132
R 30 6 1 007 1421831850132
---
R 30 8 1 000 1421832012380
R 30 8 1 001 1421832012380
R 30 8 1 002 1421832012380
R 30 8 1 003 1421832012380
R 30 8 1 004 1421832012380
---
W 30 8 1 000 1421832010804
W 30 8 1 001 1421832011114
W 30 8 1 002 1421832011350
W 30 8 1 003 1421832011569
W 30 8 1 004 1421832011800
W 30 8 1 005 1421832011997
W 30 8 1 006 1421832012227
W 30 8 1 007 1421832012439
W 30 8 1 008 1421832012722
W 30 8 1 009 1421832012948
***
R 30 10 1 000 1421832178933
R 30 10 1 001 1421832178933
R 30 10 1 002 1421832178933
R 30 10 1 003 1421832178933
R 30 10 1 004 1421832178933
---
W 30 10 1 000 1421832177050
W 30 10 1 001 1421832177376
W 30 10 1 002 1421832177576
W 30 10 1 003 1421832177777
W 30 10 1 004 1421832177962
W 30 10 1 005 1421832178171
W 30 10 1 006 1421832178378
W 30 10 1 007 1421832178560
W 30 10 1 008 1421832178740
W 30 10 1 009 1421832178943
***
R 25 1 1 000 1421832331750
R 25 1 1 001 1421832333010
R 25 1 1 002 1421832333912
R 25 1 1 003 1421832335192
R 25 1 1 004 1421832336068
---
W 25 1 1 000 1421832330202
W 25 1 1 001 1421832331404
W 25 1 1 002 1421832332521
W 25 1 1 003 1421832333590
W 25 1 1 004 1421832334692
W 25 1 1 005 1421832335795
W 25 1 1 006 1421832336907
W 25 1 1 007 1421832338011
W 25 1 1 008 1421832339147
W 25 1 1 009 1421832340272
***
R 25 2 1 000 1421832479673
R 25 2 1 001 1421832479673
R 25 2 1 002 1421832480856
R 25 2 1 003 1421832480856
R 25 2 1 004 1421832482173
R 25 2 1 005 1421832482173
---
W 25 2 1 000 1421832478075
W 25 2 1 001 1421832478753
W 25 2 1 002 1421832479335
W 25 2 1 003 1421832479934
W 25 2 1 004 1421832480516
W 25 2 1 005 1421832481133
W 25 2 1 006 1421832481706
W 25 2 1 007 1421832482298
W 25 2 1 008 1421832482919
W 25 2 1 009 1421832483567
***
R 25 4 1 000 1421832628978
R 25 4 1 001 1421832628978
R 25 4 1 002 1421832628978
R 25 4 1 003 1421832630078
R 25 4 1 004 1421832630078
R 25 4 1 005 1421832630078
R 25 4 1 006 1421832630078
---
W 25 4 1 000 1421832627330
W 25 4 1 001 1421832627818
W 25 4 1 002 1421832628162
W 25 4 1 003 1421832628488
W 25 4 1 004 1421832628797
W 25 4 1 005 1421832629135
W 25 4 1 006 1421832629447
W 25 4 1 007 1421832629758
W 25 4 1 008 1421832630109
W 25 4 1 009 1421832630479
***
W 25 5 1 000 1421832770414
W 25 5 1 001 1421832770791
W 25 5 1 002 1421832771069
W 25 5 1 003 1421832771368
W 25 5 1 004 1421832771654
W 25 5 1 005 1421832771972
W 25 5 1 006 1421832772236
W 25 5 1 007 1421832772514
W 25 5 1 008 1421832772775
W 25 5 1 009 1421832773065
***
R 25 5 1 000 1421832771935
R 25 5 1 001 1421832771935
R 25 5 1 002 1421832771935
R 25 5 1 003 1421832771935
R 25 5 1 004 1421832773344
R 25 5 1 005 1421832773344
R 25 5 1 006 1421832773344
R 25 5 1 007 1421832773344
---
R 25 6 1 000 1421832916936
R 25 6 1 001 1421832916936
R 25 6 1 002 1421832916936
R 25 6 1 003 1421832916936
R 25 6 1 004 1421832917723
R 25 6 1 005 1421832917723
R 25 6 1 006 1421832917723
R 25 6 1 007 1421832917723
---
W 25 6 1 000 1421832915144
W 25 6 1 001 1421832915512
W 25 6 1 002 1421832915747
W 25 6 1 003 1421832916014
W 25 6 1 004 1421832916311
W 25 6 1 005 1421832916568
W 25 6 1 006 1421832916812
W 25 6 1 007 1421832917097
W 25 6 1 008 1421832917368
W 25 6 1 009 1421832917644
***
R 25 8 1 000 1421833062965
R 25 8 1 001 1421833062965
R 25 8 1 002 1421833062965
R 25 8 1 003 1421833062965
R 25 8 1 004 1421833062965
---
W 25 8 1 000 1421833061033
W 25 8 1 001 1421833061370
W 25 8 1 002 1421833061565
W 25 8 1 003 1421833061803
W 25 8 1 004 1421833062000
W 25 8 1 005 1421833062212
W 25 8 1 006 1421833062430
W 25 8 1 007 1421833062681
W 25 8 1 008 1421833062931
W 25 8 1 009 1421833063156
***
R 25 10 1 000 1421833207961
R 25 10 1 001 1421833207961
R 25 10 1 002 1421833207961
R 25 10 1 003 1421833207961
R 25 10 1 004 1421833207961
R 25 10 1 005 1421833207961
---
W 25 10 1 000 1421833206249
W 25 10 1 001 1421833206540
W 25 10 1 002 1421833206745
W 25 10 1 003 1421833206908
W 25 10 1 004 1421833207074
W 25 10 1 005 1421833207237
W 25 10 1 006 1421833207417
W 25 10 1 007 1421833207613
W 25 10 1 008 1421833207824
W 25 10 1 009 1421833208002
***
R 20 1 1 000 1421833341482
R 20 1 1 001 1421833342655
R 20 1 1 002 1421833343740
R 20 1 1 003 1421833344744
R 20 1 1 004 1421833345825
---
W 20 1 1 000 1421833339945
W 20 1 1 001 1421833341098
W 20 1 1 002 1421833342215
W 20 1 1 003 1421833343350
W 20 1 1 004 1421833344441
W 20 1 1 005 1421833345547
W 20 1 1 006 1421833346627
W 20 1 1 007 1421833347764
W 20 1 1 008 1421833348898
W 20 1 1 009 1421833350043
***
R 20 2 1 000 1421833468628
R 20 2 1 001 1421833468628
R 20 2 1 002 1421833469694
R 20 2 1 003 1421833469694
R 20 2 1 004 1421833470874
R 20 2 1 005 1421833470874
---
W 20 2 1 000 1421833467069
W 20 2 1 001 1421833467740
W 20 2 1 002 1421833468319
W 20 2 1 003 1421833468928
W 20 2 1 004 1421833469539
W 20 2 1 005 1421833470108
W 20 2 1 006 1421833470721
W 20 2 1 007 1421833471324
W 20 2 1 008 1421833471981
W 20 2 1 009 1421833472624
***
R 20 4 1 000 1421833596974
R 20 4 1 001 1421833596974
R 20 4 1 002 1421833596974
R 20 4 1 003 1421833597923
R 20 4 1 004 1421833597923
R 20 4 1 005 1421833597923
R 20 4 1 006 1421833597923
---
W 20 4 1 000 1421833595586
W 20 4 1 001 1421833596013
W 20 4 1 002 1421833596327
W 20 4 1 003 1421833596658
W 20 4 1 004 1421833597018
W 20 4 1 005 1421833597356
W 20 4 1 006 1421833597675
W 20 4 1 007 1421833597990
W 20 4 1 008 1421833598358
W 20 4 1 009 1421833598742
***
R 20 5 1 000 1421833724128
R 20 5 1 001 1421833724128
R 20 5 1 002 1421833724128
R 20 5 1 003 1421833724128
R 20 5 1 004 1421833725358
R 20 5 1 005 1421833725358
R 20 5 1 006 1421833725358
R 20 5 1 007 1421833725358
---
W 20 5 1 000 1421833722729
W 20 5 1 001 1421833723101
W 20 5 1 002 1421833723390
W 20 5 1 003 1421833723672
W 20 5 1 004 1421833723943
W 20 5 1 005 1421833724239
W 20 5 1 006 1421833724534
W 20 5 1 007 1421833724837
W 20 5 1 008 1421833725133
W 20 5 1 009 1421833725465
***
R 20 6 1 000 1421833850616
R 20 6 1 001 1421833850616
R 20 6 1 002 1421833850616
R 20 6 1 003 1421833850616
R 20 6 1 004 1421833851791
R 20 6 1 005 1421833851791
R 20 6 1 006 1421833851791
R 20 6 1 007 1421833851791
---
W 20 6 1 000 1421833849252
W 20 6 1 001 1421833849605
W 20 6 1 002 1421833849849
W 20 6 1 003 1421833850097
W 20 6 1 004 1421833850362
W 20 6 1 005 1421833850670
W 20 6 1 006 1421833850916
W 20 6 1 007 1421833851158
W 20 6 1 008 1421833851426
W 20 6 1 009 1421833851707
***
R 20 8 1 000 1421833978695
R 20 8 1 001 1421833978695
R 20 8 1 002 1421833978695
R 20 8 1 003 1421833978695
R 20 8 1 004 1421833978695
---
W 20 8 1 000 1421833977055
W 20 8 1 001 1421833977392
W 20 8 1 002 1421833977639
W 20 8 1 003 1421833977847
W 20 8 1 004 1421833978070
W 20 8 1 005 1421833978277
W 20 8 1 006 1421833978512
W 20 8 1 007 1421833978700
W 20 8 1 008 1421833978924
W 20 8 1 009 1421833979153
***
R 20 10 1 000 1421834104031
R 20 10 1 001 1421834104031
R 20 10 1 002 1421834104031
R 20 10 1 003 1421834104031
R 20 10 1 004 1421834104031
R 20 10 1 005 1421834104031
---
W 20 10 1 000 1421834102402
W 20 10 1 001 1421834102711
W 20 10 1 002 1421834102885
W 20 10 1 003 1421834103055
W 20 10 1 004 1421834103254
W 20 10 1 005 1421834103447
W 20 10 1 006 1421834103629
W 20 10 1 007 1421834103816
W 20 10 1 008 1421834103996
W 20 10 1 009 1421834104196
***
R 15 1 1 000 1421834211385
R 15 1 1 001 1421834212542
R 15 1 1 002 1421834213396
R 15 1 1 003 1421834214577
R 15 1 1 004 1421834215717
---
W 15 1 1 000 1421834209888
W 15 1 1 001 1421834211064
W 15 1 1 002 1421834212179
W 15 1 1 003 1421834213250
W 15 1 1 004 1421834214343
W 15 1 1 005 1421834215459
W 15 1 1 006 1421834216542
W 15 1 1 007 1421834217663
W 15 1 1 008 1421834218772
W 15 1 1 009 1421834219898
***
R 15 2 1 000 1421834315669
R 15 2 1 001 1421834315669
R 15 2 1 002 1421834316931
R 15 2 1 003 1421834316931
R 15 2 1 004 1421834318022
R 15 2 1 005 1421834318022
---
W 15 2 1 000 1421834314183
W 15 2 1 001 1421834314859
W 15 2 1 002 1421834315446
W 15 2 1 003 1421834316045
W 15 2 1 004 1421834316624
W 15 2 1 005 1421834317207
W 15 2 1 006 1421834317800
W 15 2 1 007 1421834318412
W 15 2 1 008 1421834319015
W 15 2 1 009 1421834319626
***
R 15 4 1 000 1421834417666
R 15 4 1 001 1421834417666
R 15 4 1 002 1421834417666
R 15 4 1 003 1421834418472
R 15 4 1 004 1421834418472
R 15 4 1 005 1421834418472
---
W 15 4 1 000 1421834416143
W 15 4 1 001 1421834416572
W 15 4 1 002 1421834416904
W 15 4 1 003 1421834417231
W 15 4 1 004 1421834417573
W 15 4 1 005 1421834417928
W 15 4 1 006 1421834418254
W 15 4 1 007 1421834418599
W 15 4 1 008 1421834418960
W 15 4 1 009 1421834419317
***
R 15 5 1 000 1421834516901
R 15 5 1 001 1421834516901
R 15 5 1 002 1421834516901
R 15 5 1 003 1421834516901
R 15 5 1 004 1421834518090
R 15 5 1 005 1421834518090
R 15 5 1 006 1421834518090
R 15 5 1 007 1421834518090
---
W 15 5 1 000 1421834515481
W 15 5 1 001 1421834515870
W 15 5 1 002 1421834516164
W 15 5 1 003 1421834516466
W 15 5 1 004 1421834516752
W 15 5 1 005 1421834517034
W 15 5 1 006 1421834517340
W 15 5 1 007 1421834517633
W 15 5 1 008 1421834517921
W 15 5 1 009 1421834518207
***
W 15 6 1 000 1421834615242
W 15 6 1 001 1421834615597
W 15 6 1 002 1421834615858
W 15 6 1 003 1421834616113
W 15 6 1 004 1421834616364
W 15 6 1 005 1421834616625
W 15 6 1 006 1421834616894
W 15 6 1 007 1421834617134
W 15 6 1 008 1421834617378
W 15 6 1 009 1421834617651
***
R 15 6 1 000 1421834616817
R 15 6 1 001 1421834616817
R 15 6 1 002 1421834616817
R 15 6 1 003 1421834616817
R 15 6 1 004 1421834617982
R 15 6 1 005 1421834617982
R 15 6 1 006 1421834617982
R 15 6 1 007 1421834617982
---
R 15 8 1 000 1421834718939
R 15 8 1 001 1421834718939
R 15 8 1 002 1421834718939
R 15 8 1 003 1421834718939
R 15 8 1 004 1421834718939
---
W 15 8 1 000 1421834717357
W 15 8 1 001 1421834717670
W 15 8 1 002 1421834717881
W 15 8 1 003 1421834718108
W 15 8 1 004 1421834718331
W 15 8 1 005 1421834718541
W 15 8 1 006 1421834718752
W 15 8 1 007 1421834718990
W 15 8 1 008 1421834719221
W 15 8 1 009 1421834719439
***
R 15 10 1 000 1421834819108
R 15 10 1 001 1421834819108
R 15 10 1 002 1421834819108
R 15 10 1 003 1421834819108
R 15 10 1 004 1421834819108
R 15 10 1 005 1421834819108
---
W 15 10 1 000 1421834817710
W 15 10 1 001 1421834818051
W 15 10 1 002 1421834818223
W 15 10 1 003 1421834818407
W 15 10 1 004 1421834818574
W 15 10 1 005 1421834818767
W 15 10 1 006 1421834818941
W 15 10 1 007 1421834819124
W 15 10 1 008 1421834819341
W 15 10 1 009 1421834819550
***
R 10 1 1 000 1421834901514
R 10 1 1 001 1421834902674
R 10 1 1 002 1421834903759
R 10 1 1 003 1421834904918
R 10 1 1 004 1421834906047
---
W 10 1 1 000 1421834900227
W 10 1 1 001 1421834901394
W 10 1 1 002 1421834902473
W 10 1 1 003 1421834903553
W 10 1 1 004 1421834904707
W 10 1 1 005 1421834905788
W 10 1 1 006 1421834906874
W 10 1 1 007 1421834908002
W 10 1 1 008 1421834909116
W 10 1 1 009 1421834910243
***
R 10 2 1 000 1421834985384
R 10 2 1 001 1421834985384
R 10 2 1 002 1421834986499
R 10 2 1 003 1421834986499
R 10 2 1 004 1421834987595
R 10 2 1 005 1421834987595
---
W 10 2 1 000 1421834983886
W 10 2 1 001 1421834984563
W 10 2 1 002 1421834985178
W 10 2 1 003 1421834985763
W 10 2 1 004 1421834986351
W 10 2 1 005 1421834986933
W 10 2 1 006 1421834987507
W 10 2 1 007 1421834988103
W 10 2 1 008 1421834988708
W 10 2 1 009 1421834989320
***
R 10 4 1 000 1421835066522
R 10 4 1 001 1421835066522
R 10 4 1 002 1421835066522
R 10 4 1 003 1421835067545
R 10 4 1 004 1421835067545
R 10 4 1 005 1421835067545
---
W 10 4 1 000 1421835065035
W 10 4 1 001 1421835065444
W 10 4 1 002 1421835065778
W 10 4 1 003 1421835066122
W 10 4 1 004 1421835066480
W 10 4 1 005 1421835066820
W 10 4 1 006 1421835067159
W 10 4 1 007 1421835067505
W 10 4 1 008 1421835067842
W 10 4 1 009 1421835068211
***
R 10 5 1 000 1421835146470
R 10 5 1 001 1421835146470
R 10 5 1 002 1421835146470
R 10 5 1 003 1421835146470
R 10 5 1 004 1421835147607
R 10 5 1 005 1421835147607
R 10 5 1 006 1421835147607
R 10 5 1 007 1421835147607
---
W 10 5 1 000 1421835145026
W 10 5 1 001 1421835145419
W 10 5 1 002 1421835145713
W 10 5 1 003 1421835145981
W 10 5 1 004 1421835146264
W 10 5 1 005 1421835146552
W 10 5 1 006 1421835146841
W 10 5 1 007 1421835147141
W 10 5 1 008 1421835147410
W 10 5 1 009 1421835147690
***
R 10 6 1 000 1421835226906
R 10 6 1 001 1421835226906
R 10 6 1 002 1421835226906
R 10 6 1 003 1421835226906
R 10 6 1 004 1421835227952
R 10 6 1 005 1421835227952
R 10 6 1 006 1421835227952
R 10 6 1 007 1421835227952
---
W 10 6 1 000 1421835225385
W 10 6 1 001 1421835225754
W 10 6 1 002 1421835225990
W 10 6 1 003 1421835226236
W 10 6 1 004 1421835226512
W 10 6 1 005 1421835226782
W 10 6 1 006 1421835227033
W 10 6 1 007 1421835227272
W 10 6 1 008 1421835227521
W 10 6 1 009 1421835227799
***
R 10 8 1 000 1421835306758
R 10 8 1 001 1421835306758
R 10 8 1 002 1421835306758
R 10 8 1 003 1421835306758
R 10 8 1 004 1421835306758
---
W 10 8 1 000 1421835305295
W 10 8 1 001 1421835305595
W 10 8 1 002 1421835305820
W 10 8 1 003 1421835306011
W 10 8 1 004 1421835306220
W 10 8 1 005 1421835306421
W 10 8 1 006 1421835306633
W 10 8 1 007 1421835306841
W 10 8 1 008 1421835307078
W 10 8 1 009 1421835307316
***
R 10 10 1 000 1421835386145
R 10 10 1 001 1421835386145
R 10 10 1 002 1421835386145
R 10 10 1 003 1421835386145
R 10 10 1 004 1421835386145
R 10 10 1 005 1421835386145
---
W 10 10 1 000 1421835384802
W 10 10 1 001 1421835385090
W 10 10 1 002 1421835385253
W 10 10 1 003 1421835385419
W 10 10 1 004 1421835385596
W 10 10 1 005 1421835385792
W 10 10 1 006 1421835385960
W 10 10 1 007 1421835386130
W 10 10 1 008 1421835386321
W 10 10 1 009 1421835386549
***
R 5 1 1 000 1421835450267
R 5 1 1 001 1421835451362
R 5 1 1 002 1421835452376
R 5 1 1 003 1421835453475
R 5 1 1 004 1421835454533
---
W 5 1 1 000 1421835448926
W 5 1 1 001 1421835450073
W 5 1 1 002 1421835451160
W 5 1 1 003 1421835452257
W 5 1 1 004 1421835453327
W 5 1 1 005 1421835454423
W 5 1 1 006 1421835455526
W 5 1 1 007 1421835456640
W 5 1 1 008 1421835457746
W 5 1 1 009 0
***
R 5 2 1 000 1421835515575
R 5 2 1 001 1421835515575
R 5 2 1 002 1421835516673
R 5 2 1 003 1421835516673
R 5 2 1 004 1421835517967
R 5 2 1 005 1421835517967
---
W 5 2 1 000 1421835514211
W 5 2 1 001 1421835514870
W 5 2 1 002 1421835515453
W 5 2 1 003 1421835516033
W 5 2 1 004 1421835516620
W 5 2 1 005 1421835517196
W 5 2 1 006 1421835517779
W 5 2 1 007 1421835518361
W 5 2 1 008 1421835518974
W 5 2 1 009 1421835519591
***
R 5 4 1 000 1421835578305
R 5 4 1 001 1421835578305
R 5 4 1 002 1421835578305
R 5 4 1 003 1421835578305
R 5 4 1 004 1421835579374
R 5 4 1 005 1421835579374
R 5 4 1 006 1421835579374
---
W 5 4 1 000 1421835576904
W 5 4 1 001 1421835577311
W 5 4 1 002 1421835577640
W 5 4 1 003 1421835577960
W 5 4 1 004 1421835578302
W 5 4 1 005 1421835578639
W 5 4 1 006 1421835578969
W 5 4 1 007 1421835579300
W 5 4 1 008 1421835579619
W 5 4 1 009 1421835579983
***
R 5 5 1 000 1421835639687
R 5 5 1 001 1421835639687
R 5 5 1 002 1421835639687
R 5 5 1 003 1421835639687
R 5 5 1 004 1421835640776
R 5 5 1 005 1421835640776
R 5 5 1 006 1421835640776
R 5 5 1 007 1421835640776
---
W 5 5 1 000 1421835638383
W 5 5 1 001 1421835638743
W 5 5 1 002 1421835639009
W 5 5 1 003 1421835639318
W 5 5 1 004 1421835639603
W 5 5 1 005 1421835639907
W 5 5 1 006 1421835640193
W 5 5 1 007 1421835640492
W 5 5 1 008 1421835640763
W 5 5 1 009 1421835641056
***
R 5 6 1 000 1421835701489
R 5 6 1 001 1421835701489
R 5 6 1 002 1421835701489
R 5 6 1 003 1421835701489
R 5 6 1 004 1421835702520
R 5 6 1 005 1421835702520
R 5 6 1 006 1421835702520
R 5 6 1 007 1421835702520
---
W 5 6 1 000 1421835700219
W 5 6 1 001 1421835700572
W 5 6 1 002 1421835700807
W 5 6 1 003 1421835701054
W 5 6 1 004 1421835701314
W 5 6 1 005 1421835701568
W 5 6 1 006 1421835701817
W 5 6 1 007 1421835702082
W 5 6 1 008 1421835702348
W 5 6 1 009 1421835702584
***
R 5 8 1 000 1421835763270
R 5 8 1 001 1421835763270
R 5 8 1 002 1421835763270
R 5 8 1 003 1421835763270
R 5 8 1 004 1421835763270
---
W 5 8 1 000 1421835761871
W 5 8 1 001 1421835762178
W 5 8 1 002 1421835762406
W 5 8 1 003 1421835762615
W 5 8 1 004 1421835762807
W 5 8 1 005 1421835763019
W 5 8 1 006 1421835763223
W 5 8 1 007 1421835763445
W 5 8 1 008 1421835763680
W 5 8 1 009 1421835763933
***
R 5 10 1 000 1421835823597
R 5 10 1 001 1421835823597
R 5 10 1 002 1421835823597
R 5 10 1 003 1421835823597
R 5 10 1 004 1421835823597
R 5 10 1 005 1421835823597
---
W 5 10 1 000 1421835822194
W 5 10 1 001 1421835822473
W 5 10 1 002 1421835822656
W 5 10 1 003 1421835822847
W 5 10 1 004 1421835823029
W 5 10 1 005 1421835823213
W 5 10 1 006 1421835823401
W 5 10 1 007 1421835823664
W 5 10 1 008 1421835823865
W 5 10 1 009 1421835824072
***
R 1 1 1 000 1421835869914
R 1 1 1 001 1421835870945
R 1 1 1 002 1421835871938
R 1 1 1 003 1421835872993
R 1 1 1 004 1421835874247
---
W 1 1 1 000 1421835868594
W 1 1 1 001 1421835869726
W 1 1 1 002 1421835870797
W 1 1 1 003 1421835871885
W 1 1 1 004 1421835872968
W 1 1 1 005 1421835874056
W 1 1 1 006 0
W 1 1 1 007 0
W 1 1 1 008 0
W 1 1 1 009 0
***
R 1 2 1 000 1421835918199
R 1 2 1 001 1421835918199
R 1 2 1 002 1421835919220
R 1 2 1 003 1421835919220
R 1 2 1 004 1421835920519
R 1 2 1 005 1421835920519
---
W 1 2 1 000 1421835916847
W 1 2 1 001 1421835917490
W 1 2 1 002 1421835918074
W 1 2 1 003 1421835918638
W 1 2 1 004 1421835919224
W 1 2 1 005 1421835919796
W 1 2 1 006 1421835920385
W 1 2 1 007 1421835920963
W 1 2 1 008 0
W 1 2 1 009 0
***
R 1 4 1 000 1421835964487
R 1 4 1 001 1421835964487
R 1 4 1 002 1421835964487
R 1 4 1 003 1421835965515
R 1 4 1 004 1421835965515
R 1 4 1 005 1421835965515
---
W 1 4 1 000 1421835963239
W 1 4 1 001 1421835963639
W 1 4 1 002 1421835963976
W 1 4 1 003 1421835964310
W 1 4 1 004 1421835964636
W 1 4 1 005 1421835964974
W 1 4 1 006 1421835965304
W 1 4 1 007 1421835965654
W 1 4 1 008 1421835966005
W 1 4 1 009 0
***
R 1 5 1 000 1421836009667
R 1 5 1 001 1421836009667
R 1 5 1 002 1421836009667
R 1 5 1 003 1421836009667
R 1 5 1 004 1421836010709
R 1 5 1 005 1421836010709
R 1 5 1 006 1421836010709
R 1 5 1 007 1421836010709
---
W 1 5 1 000 1421836008256
W 1 5 1 001 1421836008604
W 1 5 1 002 1421836008907
W 1 5 1 003 1421836009188
W 1 5 1 004 1421836009475
W 1 5 1 005 1421836009768
W 1 5 1 006 1421836010056
W 1 5 1 007 1421836010339
W 1 5 1 008 1421836010618
W 1 5 1 009 1421836010890
***
R 1 6 1 000 1421836054770
R 1 6 1 001 1421836054770
R 1 6 1 002 1421836054770
R 1 6 1 003 1421836054770
R 1 6 1 004 1421836055827
R 1 6 1 005 1421836055827
R 1 6 1 006 1421836055827
R 1 6 1 007 1421836055827
R 1 6 1 008 1421836055827
---
W 1 6 1 000 1421836053380
W 1 6 1 001 1421836053684
W 1 6 1 002 1421836053934
W 1 6 1 003 1421836054183
W 1 6 1 004 1421836054437
W 1 6 1 005 1421836054684
W 1 6 1 006 1421836054916
W 1 6 1 007 1421836055169
W 1 6 1 008 1421836055402
W 1 6 1 009 1421836055641
***
R 1 8 1 000 1421836099782
R 1 8 1 001 1421836099782
R 1 8 1 002 1421836099782
R 1 8 1 003 1421836099782
R 1 8 1 004 1421836099782
---
W 1 8 1 000 1421836098351
W 1 8 1 001 1421836098625
W 1 8 1 002 1421836098840
W 1 8 1 003 1421836099053
W 1 8 1 004 1421836099264
W 1 8 1 005 1421836099474
W 1 8 1 006 1421836099670
W 1 8 1 007 1421836099872
W 1 8 1 008 1421836100110
W 1 8 1 009 1421836100343
***
R 1 10 1 000 1421836144358
R 1 10 1 001 1421836144358
R 1 10 1 002 1421836144358
R 1 10 1 003 1421836144358
R 1 10 1 004 1421836144358
R 1 10 1 005 1421836144358
---
W 1 10 1 000 1421836143132
W 1 10 1 001 1421836143382
W 1 10 1 002 1421836143573
W 1 10 1 003 1421836143764
W 1 10 1 004 1421836143935
W 1 10 1 005 1421836144111
W 1 10 1 006 1421836144295
W 1 10 1 007 1421836144482
W 1 10 1 008 1421836144682
W 1 10 1 009 1421836144888
***
