R 1 1 1 001 1417624769156
R 1 1 1 002 1417624770157
R 1 1 1 003 1417624771160
R 1 1 1 004 1417624772191
R 1 1 1 005 1417624773187
---
W 1 1 1 000 1417624766820
W 1 1 1 001 1417624767894
W 1 1 1 002 1417624768922
W 1 1 1 003 1417624769940
W 1 1 1 004 1417624770959
W 1 1 1 005 1417624771984
W 1 1 1 006 1417624773006
W 1 1 1 007 0
W 1 1 1 008 0
W 1 1 1 009 0
***
R 1 1 2 001 1417624835496
R 1 1 2 002 1417624836510
R 1 1 2 003 1417624837507
R 1 1 2 004 1417624838512
R 1 1 2 005 1417624839521
---
W 1 1 2 000 1417624833146
W 1 1 2 001 1417624834232
W 1 1 2 002 1417624835250
W 1 1 2 003 1417624836273
W 1 1 2 004 1417624837291
W 1 1 2 005 1417624838311
W 1 1 2 006 1417624839333
W 1 1 2 007 0
W 1 1 2 008 0
W 1 1 2 009 0
***
R 1 1 3 001 1417624901830
R 1 1 3 002 1417624902835
R 1 1 3 003 1417624903842
R 1 1 3 004 1417624904836
R 1 1 3 005 1417624905857
---
W 1 1 3 000 1417624899203
W 1 1 3 001 1417624900568
W 1 1 3 002 1417624901590
W 1 1 3 003 1417624902610
W 1 1 3 004 1417624903630
W 1 1 3 005 1417624904653
W 1 1 3 006 1417624905675
W 1 1 3 007 0
W 1 1 3 008 0
W 1 1 3 009 0
***
R 1 2 1 001 1417624967462
R 1 2 1 002 1417624968465
R 1 2 1 003 1417624968465
R 1 2 1 004 1417624969478
R 1 2 1 005 1417624969478
---
W 1 2 1 000 1417624966135
W 1 2 1 001 1417624966721
W 1 2 1 002 1417624967241
W 1 2 1 003 1417624967766
W 1 2 1 004 1417624968289
W 1 2 1 005 1417624968811
W 1 2 1 006 1417624969333
W 1 2 1 007 1417624969855
W 1 2 1 008 0
W 1 2 1 009 0
***
R 1 2 2 001 1417625031062
R 1 2 2 002 1417625032057
R 1 2 2 003 1417625032057
R 1 2 2 004 1417625033079
R 1 2 2 005 1417625033079
---
W 1 2 2 000 1417625029744
W 1 2 2 001 1417625030324
W 1 2 2 002 1417625030848
W 1 2 2 003 1417625031373
W 1 2 2 004 1417625031898
W 1 2 2 005 1417625032424
W 1 2 2 006 1417625032947
W 1 2 2 007 1417625033471
W 1 2 2 008 0
W 1 2 2 009 0
***
R 1 2 3 001 1417625094672
R 1 2 3 002 1417625095698
R 1 2 3 003 1417625095698
R 1 2 3 004 1417625096710
R 1 2 3 005 1417625096710
---
W 1 2 3 000 1417625093364
W 1 2 3 001 1417625093950
W 1 2 3 002 1417625094480
W 1 2 3 003 1417625095012
W 1 2 3 004 1417625095541
W 1 2 3 005 1417625096072
W 1 2 3 006 1417625096600
W 1 2 3 007 1417625097128
W 1 2 3 008 0
W 1 2 3 009 0
***
R 1 4 1 001 1417625158263
R 1 4 1 002 1417625158263
R 1 4 1 003 1417625158263
R 1 4 1 004 1417625159290
R 1 4 1 005 1417625159290
R 1 4 1 006 1417625159290
R 1 4 1 007 1417625159290
---
W 1 4 1 000 1417625156968
W 1 4 1 001 1417625157307
W 1 4 1 002 1417625157585
W 1 4 1 003 1417625157858
W 1 4 1 004 1417625158135
W 1 4 1 005 1417625158413
W 1 4 1 006 1417625158691
W 1 4 1 007 1417625158966
W 1 4 1 008 1417625159242
W 1 4 1 009 1417625159520
***
R 1 4 2 001 1417625220847
R 1 4 2 002 1417625220847
R 1 4 2 003 1417625220847
R 1 4 2 004 1417625221835
R 1 4 2 005 1417625221835
R 1 4 2 006 1417625221835
R 1 4 2 007 1417625221835
---
W 1 4 2 000 1417625219530
W 1 4 2 001 1417625219866
W 1 4 2 002 1417625220143
W 1 4 2 003 1417625220417
W 1 4 2 004 1417625220691
W 1 4 2 005 1417625220967
W 1 4 2 006 1417625221243
W 1 4 2 007 1417625221516
W 1 4 2 008 1417625221792
W 1 4 2 009 1417625222073
***
R 1 4 3 001 1417625283371
R 1 4 3 002 1417625283371
R 1 4 3 003 1417625283371
R 1 4 3 004 1417625284361
R 1 4 3 005 1417625284361
R 1 4 3 006 1417625284361
R 1 4 3 007 1417625284361
---
W 1 4 3 000 1417625282058
W 1 4 3 001 1417625282396
W 1 4 3 002 1417625282674
W 1 4 3 003 1417625282954
W 1 4 3 004 1417625283234
W 1 4 3 005 1417625283512
W 1 4 3 006 1417625283792
W 1 4 3 007 1417625284069
W 1 4 3 008 1417625284340
W 1 4 3 009 1417625284618
***
R 1 6 1 001 1417625345893
R 1 6 1 002 1417625345893
R 1 6 1 003 1417625345893
R 1 6 1 004 1417625345893
R 1 6 1 005 1417625345893
R 1 6 1 006 1417625345893
---
W 1 6 1 000 1417625344075
W 1 6 1 001 1417625344601
W 1 6 1 002 1417625344799
W 1 6 1 003 1417625344987
W 1 6 1 004 1417625345175
W 1 6 1 005 1417625345370
W 1 6 1 006 1417625345566
W 1 6 1 007 1417625345762
W 1 6 1 008 1417625345952
W 1 6 1 009 1417625346149
***
R 1 6 2 001 1417625407366
R 1 6 2 002 1417625407366
R 1 6 2 003 1417625407366
R 1 6 2 004 1417625407366
R 1 6 2 005 1417625407366
---
W 1 6 2 000 1417625406106
W 1 6 2 001 1417625406357
W 1 6 2 002 1417625406547
W 1 6 2 003 1417625406731
W 1 6 2 004 1417625406924
W 1 6 2 005 1417625407115
W 1 6 2 006 1417625407309
W 1 6 2 007 1417625407503
W 1 6 2 008 1417625407694
W 1 6 2 009 1417625407883
***
R 1 6 3 001 1417625468974
R 1 6 3 002 1417625468974
R 1 6 3 003 1417625468974
R 1 6 3 004 1417625468974
R 1 6 3 005 1417625468974
---
W 1 6 3 000 1417625467654
W 1 6 3 001 1417625467910
W 1 6 3 002 1417625468104
W 1 6 3 003 1417625468299
W 1 6 3 004 1417625468493
W 1 6 3 005 1417625468685
W 1 6 3 006 1417625468873
W 1 6 3 007 1417625469068
W 1 6 3 008 1417625469262
W 1 6 3 009 1417625469458
***
R 1 8 1 001 1417625530563
R 1 8 1 002 1417625530563
R 1 8 1 003 1417625530563
R 1 8 1 004 1417625530563
R 1 8 1 005 1417625530563
R 1 8 1 006 1417625530563
---
W 1 8 1 000 1417625529256
W 1 8 1 001 1417625529454
W 1 8 1 002 1417625529624
W 1 8 1 003 1417625529775
W 1 8 1 004 1417625529927
W 1 8 1 005 1417625530079
W 1 8 1 006 1417625530227
W 1 8 1 007 1417625530379
W 1 8 1 008 1417625530527
W 1 8 1 009 1417625530677
***
R 1 8 2 001 1417625591854
R 1 8 2 002 1417625591854
R 1 8 2 003 1417625591854
R 1 8 2 004 1417625591854
R 1 8 2 005 1417625591854
R 1 8 2 006 1417625591854
---
W 1 8 2 000 1417625590570
W 1 8 2 001 1417625590787
W 1 8 2 002 1417625590940
W 1 8 2 003 1417625591093
W 1 8 2 004 1417625591239
W 1 8 2 005 1417625591386
W 1 8 2 006 1417625591537
W 1 8 2 007 1417625591690
W 1 8 2 008 1417625591842
W 1 8 2 009 1417625591999
***
R 1 8 3 001 1417625652927
R 1 8 3 002 1417625652927
R 1 8 3 003 1417625652927
R 1 8 3 004 1417625652927
R 1 8 3 005 1417625652927
R 1 8 3 006 1417625652927
---
W 1 8 3 000 1417625651576
W 1 8 3 001 1417625651784
W 1 8 3 002 1417625651940
W 1 8 3 003 1417625652091
W 1 8 3 004 1417625652242
W 1 8 3 005 1417625652395
W 1 8 3 006 1417625652540
W 1 8 3 007 1417625652694
W 1 8 3 008 1417625652844
W 1 8 3 009 1417625652994
***
W 1 10 1 000 1417625712861
W 1 10 1 001 1417625713040
W 1 10 1 002 1417625713166
W 1 10 1 003 1417625713282
W 1 10 1 004 1417625713401
W 1 10 1 005 1417625713522
W 1 10 1 006 1417625713650
W 1 10 1 007 1417625713774
W 1 10 1 008 1417625713899
W 1 10 1 009 1417625714016
***
R 1 10 1 001 1417625714165
R 1 10 1 002 1417625714165
R 1 10 1 003 1417625714165
R 1 10 1 004 1417625714165
R 1 10 1 005 1417625714165
R 1 10 1 006 1417625714165
R 1 10 1 007 1417625714165
R 1 10 1 008 1417625714165
---
W 1 10 2 000 1417625773597
W 1 10 2 001 1417625773783
W 1 10 2 002 1417625773922
W 1 10 2 003 1417625774044
W 1 10 2 004 1417625774160
W 1 10 2 005 1417625774294
W 1 10 2 006 1417625774416
W 1 10 2 007 1417625774534
W 1 10 2 008 1417625774658
W 1 10 2 009 1417625774792
***
R 1 10 2 001 1417625774917
R 1 10 2 002 1417625774917
R 1 10 2 003 1417625774917
R 1 10 2 004 1417625774917
R 1 10 2 005 1417625774917
R 1 10 2 006 1417625774917
R 1 10 2 007 1417625774917
---
R 1 10 3 001 1417625835910
R 1 10 3 002 1417625835910
R 1 10 3 003 1417625835910
R 1 10 3 004 1417625835910
R 1 10 3 005 1417625835910
R 1 10 3 006 1417625835910
R 1 10 3 007 1417625835910
R 1 10 3 008 1417625835910
---
W 1 10 3 000 1417625834641
W 1 10 3 001 1417625834820
W 1 10 3 002 1417625834940
W 1 10 3 003 1417625835065
W 1 10 3 004 1417625835182
W 1 10 3 005 1417625835302
W 1 10 3 006 1417625835433
W 1 10 3 007 1417625835550
W 1 10 3 008 1417625835670
W 1 10 3 009 1417625835799
***
R 2 1 1 000 1417625898968
R 2 1 1 001 1417625899970
R 2 1 1 002 1417625900976
R 2 1 1 003 1417625901986
R 2 1 1 004 1417625903007
---
W 2 1 1 000 1417625897773
W 2 1 1 001 1417625898828
W 2 1 1 002 1417625899859
W 2 1 1 003 1417625900878
W 2 1 1 004 1417625901900
W 2 1 1 005 1417625902926
W 2 1 1 006 1417625903945
W 2 1 1 007 0
W 2 1 1 008 0
W 2 1 1 009 0
***
R 2 1 2 000 1417625967188
R 2 1 2 001 1417625968208
R 2 1 2 002 1417625969210
R 2 1 2 003 1417625970465
R 2 1 2 004 1417625971463
---
W 2 1 2 000 1417625966060
W 2 1 2 001 1417625967121
W 2 1 2 002 1417625968152
W 2 1 2 003 1417625969183
W 2 1 2 004 1417625970216
W 2 1 2 005 1417625971246
W 2 1 2 006 1417625972272
W 2 1 2 007 0
W 2 1 2 008 0
W 2 1 2 009 0
***
R 2 1 3 000 1417626035617
R 2 1 3 001 1417626036635
R 2 1 3 002 1417626037658
R 2 1 3 003 1417626038660
R 2 1 3 004 1417626039676
---
W 2 1 3 000 1417626034305
W 2 1 3 001 1417626035361
W 2 1 3 002 1417626036382
W 2 1 3 003 1417626037407
W 2 1 3 004 1417626038429
W 2 1 3 005 1417626039450
W 2 1 3 006 1417626040478
W 2 1 3 007 0
W 2 1 3 008 0
W 2 1 3 009 0
***
R 2 2 1 000 1417626103578
R 2 2 1 001 1417626103578
R 2 2 1 002 1417626104550
R 2 2 1 003 1417626104550
R 2 2 1 004 1417626105564
R 2 2 1 005 1417626105564
---
W 2 2 1 000 1417626102280
W 2 2 1 001 1417626102835
W 2 2 1 002 1417626103361
W 2 2 1 003 1417626103884
W 2 2 1 004 1417626104411
W 2 2 1 005 1417626104936
W 2 2 1 006 1417626105458
W 2 2 1 007 1417626105983
W 2 2 1 008 1417626106503
W 2 2 1 009 0
***
R 2 2 2 000 1417626169693
R 2 2 2 001 1417626169693
R 2 2 2 002 1417626170686
R 2 2 2 003 1417626170686
R 2 2 2 004 1417626171695
R 2 2 2 005 1417626171695
---
W 2 2 2 000 1417626168453
W 2 2 2 001 1417626169007
W 2 2 2 002 1417626169529
W 2 2 2 003 1417626170050
W 2 2 2 004 1417626170577
W 2 2 2 005 1417626171103
W 2 2 2 006 1417626171628
W 2 2 2 007 1417626172155
W 2 2 2 008 1417626172680
W 2 2 2 009 0
***
R 2 2 3 000 1417626235578
R 2 2 3 001 1417626235578
R 2 2 3 002 1417626236600
R 2 2 3 003 1417626236600
R 2 2 3 004 1417626237603
R 2 2 3 005 1417626237603
---
W 2 2 3 000 1417626234278
W 2 2 3 001 1417626234831
W 2 2 3 002 1417626235353
W 2 2 3 003 1417626235882
W 2 2 3 004 1417626236412
W 2 2 3 005 1417626236935
W 2 2 3 006 1417626237460
W 2 2 3 007 1417626237986
W 2 2 3 008 1417626238507
W 2 2 3 009 0
***
R 2 4 1 000 1417626301727
R 2 4 1 001 1417626301727
R 2 4 1 002 1417626301727
R 2 4 1 003 1417626301727
R 2 4 1 004 1417626302733
R 2 4 1 005 1417626302733
R 2 4 1 006 1417626302733
R 2 4 1 007 1417626302733
---
W 2 4 1 000 1417626300483
W 2 4 1 001 1417626300794
W 2 4 1 002 1417626301072
W 2 4 1 003 1417626301344
W 2 4 1 004 1417626301617
W 2 4 1 005 1417626301895
W 2 4 1 006 1417626302170
W 2 4 1 007 1417626302445
W 2 4 1 008 1417626302717
W 2 4 1 009 1417626303029
***
R 2 4 2 000 1417626366285
R 2 4 2 001 1417626366285
R 2 4 2 002 1417626366285
R 2 4 2 003 1417626366285
R 2 4 2 004 1417626367288
R 2 4 2 005 1417626367288
R 2 4 2 006 1417626367288
R 2 4 2 007 1417626367288
---
W 2 4 2 000 1417626365036
W 2 4 2 001 1417626365353
W 2 4 2 002 1417626365633
W 2 4 2 003 1417626365911
W 2 4 2 004 1417626366189
W 2 4 2 005 1417626366470
W 2 4 2 006 1417626366743
W 2 4 2 007 1417626367020
W 2 4 2 008 1417626367303
W 2 4 2 009 1417626367586
***
R 2 4 3 000 1417626430888
R 2 4 3 001 1417626430888
R 2 4 3 002 1417626430888
R 2 4 3 003 1417626430888
R 2 4 3 004 1417626431886
R 2 4 3 005 1417626431886
R 2 4 3 006 1417626431886
R 2 4 3 007 1417626431886
---
W 2 4 3 000 1417626429658
W 2 4 3 001 1417626429965
W 2 4 3 002 1417626430243
W 2 4 3 003 1417626430524
W 2 4 3 004 1417626430795
W 2 4 3 005 1417626431074
W 2 4 3 006 1417626431352
W 2 4 3 007 1417626431629
W 2 4 3 008 1417626431903
W 2 4 3 009 1417626432181
***
R 2 6 1 000 1417626495462
R 2 6 1 001 1417626495462
R 2 6 1 002 1417626495462
R 2 6 1 003 1417626495462
R 2 6 1 004 1417626495462
R 2 6 1 005 1417626495462
---
W 2 6 1 000 1417626494217
W 2 6 1 001 1417626494449
W 2 6 1 002 1417626494644
W 2 6 1 003 1417626494831
W 2 6 1 004 1417626495020
W 2 6 1 005 1417626495211
W 2 6 1 006 1417626495403
W 2 6 1 007 1417626495599
W 2 6 1 008 1417626495787
W 2 6 1 009 1417626495985
***
R 2 6 2 000 1417626559169
R 2 6 2 001 1417626559169
R 2 6 2 002 1417626559169
R 2 6 2 003 1417626559169
R 2 6 2 004 1417626559169
R 2 6 2 005 1417626559169
---
W 2 6 2 000 1417626557949
W 2 6 2 001 1417626558179
W 2 6 2 002 1417626558367
W 2 6 2 003 1417626558556
W 2 6 2 004 1417626558747
W 2 6 2 005 1417626558937
W 2 6 2 006 1417626559129
W 2 6 2 007 1417626559327
W 2 6 2 008 1417626559524
W 2 6 2 009 1417626559716
***
R 2 6 3 000 1417626622701
R 2 6 3 001 1417626622701
R 2 6 3 002 1417626622701
R 2 6 3 003 1417626622701
R 2 6 3 004 1417626622701
R 2 6 3 005 1417626622701
---
W 2 6 3 000 1417626621390
W 2 6 3 001 1417626621638
W 2 6 3 002 1417626621831
W 2 6 3 003 1417626622021
W 2 6 3 004 1417626622212
W 2 6 3 005 1417626622405
W 2 6 3 006 1417626622600
W 2 6 3 007 1417626622795
W 2 6 3 008 1417626622991
W 2 6 3 009 1417626623187
***
R 2 8 1 000 1417626686155
R 2 8 1 001 1417626686155
R 2 8 1 002 1417626686155
R 2 8 1 003 1417626686155
R 2 8 1 004 1417626686155
R 2 8 1 005 1417626686155
R 2 8 1 006 1417626686155
---
W 2 8 1 000 1417626684940
W 2 8 1 001 1417626685123
W 2 8 1 002 1417626685273
W 2 8 1 003 1417626685426
W 2 8 1 004 1417626685571
W 2 8 1 005 1417626685721
W 2 8 1 006 1417626685871
W 2 8 1 007 1417626686023
W 2 8 1 008 1417626686171
W 2 8 1 009 1417626686328
***
R 2 8 2 000 1417626749766
R 2 8 2 001 1417626749766
R 2 8 2 002 1417626749766
R 2 8 2 003 1417626749766
R 2 8 2 004 1417626749766
R 2 8 2 005 1417626749766
R 2 8 2 006 1417626749766
---
W 2 8 2 000 1417626748571
W 2 8 2 001 1417626748755
W 2 8 2 002 1417626748907
W 2 8 2 003 1417626749054
W 2 8 2 004 1417626749205
W 2 8 2 005 1417626749354
W 2 8 2 006 1417626749512
W 2 8 2 007 1417626749664
W 2 8 2 008 1417626749814
W 2 8 2 009 1417626749968
***
R 2 8 3 000 1417626812840
R 2 8 3 001 1417626812840
R 2 8 3 002 1417626812840
R 2 8 3 003 1417626812840
R 2 8 3 004 1417626812840
R 2 8 3 005 1417626812840
R 2 8 3 006 1417626812840
---
W 2 8 3 000 1417626811548
W 2 8 3 001 1417626811730
W 2 8 3 002 1417626811880
W 2 8 3 003 1417626812030
W 2 8 3 004 1417626812183
W 2 8 3 005 1417626812330
W 2 8 3 006 1417626812482
W 2 8 3 007 1417626812632
W 2 8 3 008 1417626812785
W 2 8 3 009 1417626812930
***
W 2 10 1 000 1417626875141
W 2 10 1 001 1417626875294
W 2 10 1 002 1417626875422
W 2 10 1 003 1417626875538
W 2 10 1 004 1417626875662
W 2 10 1 005 1417626875786
W 2 10 1 006 1417626875900
W 2 10 1 007 1417626876022
W 2 10 1 008 1417626876146
W 2 10 1 009 1417626876265
***
R 2 10 1 000 1417626876425
R 2 10 1 001 1417626876425
R 2 10 1 002 1417626876425
R 2 10 1 003 1417626876425
R 2 10 1 004 1417626876425
R 2 10 1 005 1417626876425
R 2 10 1 006 1417626876425
R 2 10 1 007 1417626876425
R 2 10 1 008 1417626876425
---
R 2 10 2 000 1417626939961
R 2 10 2 001 1417626939961
R 2 10 2 002 1417626939961
R 2 10 2 003 1417626939961
R 2 10 2 004 1417626939961
R 2 10 2 005 1417626939961
R 2 10 2 006 1417626939961
R 2 10 2 007 1417626939961
R 2 10 2 008 1417626939961
---
W 2 10 2 000 1417626938746
W 2 10 2 001 1417626938901
W 2 10 2 002 1417626939030
W 2 10 2 003 1417626939167
W 2 10 2 004 1417626939284
W 2 10 2 005 1417626939413
W 2 10 2 006 1417626939532
W 2 10 2 007 1417626939647
W 2 10 2 008 1417626939763
W 2 10 2 009 1417626939882
***
W 2 10 3 000 1417627002222
W 2 10 3 001 1417627002380
W 2 10 3 002 1417627002514
W 2 10 3 003 1417627002647
W 2 10 3 004 1417627002766
W 2 10 3 005 1417627002885
W 2 10 3 006 1417627003025
W 2 10 3 007 1417627003155
W 2 10 3 008 1417627003276
W 2 10 3 009 1417627003395
***
R 2 10 3 000 1417627003525
R 2 10 3 001 1417627003525
R 2 10 3 002 1417627003525
R 2 10 3 003 1417627003525
R 2 10 3 004 1417627003525
R 2 10 3 005 1417627003525
R 2 10 3 006 1417627003525
R 2 10 3 007 1417627003525
---
R 5 1 1 000 1417627072897
R 5 1 1 001 1417627073880
R 5 1 1 002 1417627074887
R 5 1 1 003 1417627075914
R 5 1 1 004 1417627076932
---
W 5 1 1 000 1417627071693
W 5 1 1 001 1417627072776
W 5 1 1 002 1417627073808
W 5 1 1 003 1417627074832
W 5 1 1 004 1417627075863
W 5 1 1 005 1417627076891
W 5 1 1 006 1417627077918
W 5 1 1 007 1417627078937
W 5 1 1 008 0
W 5 1 1 009 0
***
R 5 1 2 000 1417627148634
R 5 1 2 001 1417627149649
R 5 1 2 002 1417627150892
R 5 1 2 003 1417627151903
R 5 1 2 004 1417627152922
---
W 5 1 2 000 1417627147490
W 5 1 2 001 1417627148569
W 5 1 2 002 1417627149597
W 5 1 2 003 1417627150632
W 5 1 2 004 1417627151660
W 5 1 2 005 1417627152685
W 5 1 2 006 1417627153713
W 5 1 2 007 1417627154733
W 5 1 2 008 1417627155753
W 5 1 2 009 0
***
R 5 1 3 000 1417627224836
R 5 1 3 001 1417627225862
R 5 1 3 002 1417627226889
R 5 1 3 003 1417627227879
R 5 1 3 004 1417627228886
---
W 5 1 3 000 1417627223591
W 5 1 3 001 1417627224676
W 5 1 3 002 1417627225717
W 5 1 3 003 1417627226753
W 5 1 3 004 1417627227788
W 5 1 3 005 1417627228809
W 5 1 3 006 1417627229836
W 5 1 3 007 1417627230862
W 5 1 3 008 0
W 5 1 3 009 0
***
R 5 2 1 000 1417627301044
R 5 2 1 001 1417627301044
R 5 2 1 002 1417627302376
R 5 2 1 003 1417627302376
R 5 2 1 004 1417627303362
R 5 2 1 005 1417627303362
---
W 5 2 1 000 1417627299938
W 5 2 1 001 1417627300528
W 5 2 1 002 1417627301051
W 5 2 1 003 1417627301612
W 5 2 1 004 1417627302137
W 5 2 1 005 1417627302720
W 5 2 1 006 1417627303246
W 5 2 1 007 1417627303773
W 5 2 1 008 1417627304306
W 5 2 1 009 1417627304850
***
R 5 2 2 000 1417627374982
R 5 2 2 001 1417627374982
R 5 2 2 002 1417627376004
R 5 2 2 003 1417627376004
R 5 2 2 004 1417627377022
R 5 2 2 005 1417627377022
---
W 5 2 2 000 1417627373667
W 5 2 2 001 1417627374251
W 5 2 2 002 1417627374774
W 5 2 2 003 1417627375305
W 5 2 2 004 1417627375833
W 5 2 2 005 1417627376434
W 5 2 2 006 1417627376960
W 5 2 2 007 1417627377488
W 5 2 2 008 1417627378017
W 5 2 2 009 1417627378551
***
R 5 2 3 000 1417627448594
R 5 2 3 001 1417627448594
R 5 2 3 002 1417627449870
R 5 2 3 003 1417627449870
R 5 2 3 004 1417627450884
R 5 2 3 005 1417627450884
---
W 5 2 3 000 1417627447476
W 5 2 3 001 1417627448082
W 5 2 3 002 1417627448612
W 5 2 3 003 1417627449149
W 5 2 3 004 1417627449672
W 5 2 3 005 1417627450199
W 5 2 3 006 1417627450749
W 5 2 3 007 1417627451277
W 5 2 3 008 1417627451813
W 5 2 3 009 1417627452339
***
R 5 4 1 000 1417627522259
R 5 4 1 001 1417627522259
R 5 4 1 002 1417627522259
R 5 4 1 003 1417627522259
R 5 4 1 004 1417627523328
R 5 4 1 005 1417627523328
R 5 4 1 006 1417627523328
R 5 4 1 007 1417627523328
---
W 5 4 1 000 1417627520937
W 5 4 1 001 1417627521278
W 5 4 1 002 1417627521558
W 5 4 1 003 1417627521835
W 5 4 1 004 1417627522110
W 5 4 1 005 1417627522408
W 5 4 1 006 1417627522684
W 5 4 1 007 1417627522965
W 5 4 1 008 1417627523248
W 5 4 1 009 1417627523526
***
R 5 4 2 000 1417627594657
R 5 4 2 001 1417627594657
R 5 4 2 002 1417627594657
R 5 4 2 003 1417627594657
R 5 4 2 004 1417627595906
R 5 4 2 005 1417627595906
R 5 4 2 006 1417627595906
R 5 4 2 007 1417627595906
---
W 5 4 2 000 1417627593418
W 5 4 2 001 1417627593766
W 5 4 2 002 1417627594046
W 5 4 2 003 1417627594326
W 5 4 2 004 1417627594605
W 5 4 2 005 1417627594904
W 5 4 2 006 1417627595186
W 5 4 2 007 1417627595459
W 5 4 2 008 1417627595737
W 5 4 2 009 1417627596051
***
R 5 4 3 000 1417627667252
R 5 4 3 001 1417627667252
R 5 4 3 002 1417627667252
R 5 4 3 003 1417627667252
R 5 4 3 004 1417627668536
R 5 4 3 005 1417627668536
R 5 4 3 006 1417627668536
R 5 4 3 007 1417627668536
---
W 5 4 3 000 1417627666099
W 5 4 3 001 1417627666435
W 5 4 3 002 1417627666713
W 5 4 3 003 1417627666994
W 5 4 3 004 1417627667275
W 5 4 3 005 1417627667601
W 5 4 3 006 1417627667878
W 5 4 3 007 1417627668166
W 5 4 3 008 1417627668440
W 5 4 3 009 1417627668728
***
R 5 6 1 000 1417627739900
R 5 6 1 001 1417627739900
R 5 6 1 002 1417627739900
R 5 6 1 003 1417627739900
R 5 6 1 004 1417627739900
---
W 5 6 1 000 1417627738673
W 5 6 1 001 1417627738921
W 5 6 1 002 1417627739121
W 5 6 1 003 1417627739323
W 5 6 1 004 1417627739521
W 5 6 1 005 1417627739727
W 5 6 1 006 1417627739939
W 5 6 1 007 1417627740131
W 5 6 1 008 1417627740324
W 5 6 1 009 1417627740521
***
R 5 6 2 000 1417627811285
R 5 6 2 001 1417627811285
R 5 6 2 002 1417627811285
R 5 6 2 003 1417627811285
R 5 6 2 004 1417627811285
---
W 5 6 2 000 1417627809979
W 5 6 2 001 1417627810231
W 5 6 2 002 1417627810422
W 5 6 2 003 1417627810614
W 5 6 2 004 1417627810814
W 5 6 2 005 1417627811013
W 5 6 2 006 1417627811238
W 5 6 2 007 1417627811438
W 5 6 2 008 1417627811630
W 5 6 2 009 1417627811822
***
R 5 6 3 000 1417627882880
R 5 6 3 001 1417627882880
R 5 6 3 002 1417627882880
R 5 6 3 003 1417627882880
R 5 6 3 004 1417627882880
---
W 5 6 3 000 1417627881623
W 5 6 3 001 1417627881874
W 5 6 3 002 1417627882061
W 5 6 3 003 1417627882257
W 5 6 3 004 1417627882460
W 5 6 3 005 1417627882673
W 5 6 3 006 1417627882897
W 5 6 3 007 1417627883092
W 5 6 3 008 1417627883288
W 5 6 3 009 1417627883490
***
R 5 8 1 000 1417627954425
R 5 8 1 001 1417627954425
R 5 8 1 002 1417627954425
R 5 8 1 003 1417627954425
R 5 8 1 004 1417627954425
R 5 8 1 005 1417627954425
R 5 8 1 006 1417627954425
---
W 5 8 1 000 1417627953245
W 5 8 1 001 1417627953466
W 5 8 1 002 1417627953619
W 5 8 1 003 1417627953771
W 5 8 1 004 1417627953923
W 5 8 1 005 1417627954073
W 5 8 1 006 1417627954254
W 5 8 1 007 1417627954399
W 5 8 1 008 1417627954584
W 5 8 1 009 1417627954736
***
R 5 8 2 000 1417628025150
R 5 8 2 001 1417628025150
R 5 8 2 002 1417628025150
R 5 8 2 003 1417628025150
R 5 8 2 004 1417628025150
R 5 8 2 005 1417628025150
R 5 8 2 006 1417628025150
---
W 5 8 2 000 1417628023959
W 5 8 2 001 1417628024177
W 5 8 2 002 1417628024336
W 5 8 2 003 1417628024498
W 5 8 2 004 1417628024650
W 5 8 2 005 1417628024798
W 5 8 2 006 1417628024955
W 5 8 2 007 1417628025112
W 5 8 2 008 1417628025300
W 5 8 2 009 1417628025446
***
R 5 8 3 000 1417628097090
R 5 8 3 001 1417628097090
R 5 8 3 002 1417628097090
R 5 8 3 003 1417628097090
R 5 8 3 004 1417628097090
R 5 8 3 005 1417628097090
---
W 5 8 3 000 1417628095682
W 5 8 3 001 1417628095906
W 5 8 3 002 1417628096079
W 5 8 3 003 1417628096242
W 5 8 3 004 1417628096411
W 5 8 3 005 1417628096579
W 5 8 3 006 1417628096775
W 5 8 3 007 1417628097007
W 5 8 3 008 1417628097187
W 5 8 3 009 1417628097370
***
R 5 10 1 000 1417628168558
R 5 10 1 001 1417628168558
R 5 10 1 002 1417628168558
R 5 10 1 003 1417628168558
R 5 10 1 004 1417628168558
R 5 10 1 005 1417628168558
R 5 10 1 006 1417628168558
---
W 5 10 1 000 1417628167342
W 5 10 1 001 1417628167615
W 5 10 1 002 1417628167763
W 5 10 1 003 1417628167896
W 5 10 1 004 1417628168029
W 5 10 1 005 1417628168156
W 5 10 1 006 1417628168296
W 5 10 1 007 1417628168430
W 5 10 1 008 1417628168570
W 5 10 1 009 1417628168695
***
R 5 10 2 000 1417628240538
R 5 10 2 001 1417628240538
R 5 10 2 002 1417628240538
R 5 10 2 003 1417628240538
R 5 10 2 004 1417628240538
R 5 10 2 005 1417628240538
R 5 10 2 006 1417628240538
R 5 10 2 007 1417628240538
---
W 5 10 2 000 1417628239157
W 5 10 2 001 1417628239344
W 5 10 2 002 1417628239472
W 5 10 2 003 1417628239596
W 5 10 2 004 1417628239731
W 5 10 2 005 1417628239872
W 5 10 2 006 1417628240024
W 5 10 2 007 1417628240161
W 5 10 2 008 1417628240305
W 5 10 2 009 1417628240455
***
R 5 10 3 000 1417628312257
R 5 10 3 001 1417628312257
R 5 10 3 002 1417628312257
R 5 10 3 003 1417628312257
R 5 10 3 004 1417628312257
R 5 10 3 005 1417628312257
R 5 10 3 006 1417628312257
---
W 5 10 3 000 1417628310904
W 5 10 3 001 1417628311132
W 5 10 3 002 1417628311298
W 5 10 3 003 1417628311437
W 5 10 3 004 1417628311581
W 5 10 3 005 1417628311765
W 5 10 3 006 1417628311916
W 5 10 3 007 1417628312081
W 5 10 3 008 1417628312310
W 5 10 3 009 1417628312448
***
R 10 1 1 000 1417628395335
R 10 1 1 001 1417628396406
R 10 1 1 002 1417628397907
R 10 1 1 003 1417628398755
R 10 1 1 004 1417628399793
---
W 10 1 1 000 1417628393921
W 10 1 1 001 1417628395221
W 10 1 1 002 1417628396394
W 10 1 1 003 1417628397485
W 10 1 1 004 1417628398593
W 10 1 1 005 1417628399618
W 10 1 1 006 1417628400643
W 10 1 1 007 1417628401689
W 10 1 1 008 1417628402744
W 10 1 1 009 1417628403795
***
R 10 1 2 000 1417628485876
R 10 1 2 001 1417628486706
R 10 1 2 002 1417628487790
R 10 1 2 003 1417628488936
R 10 1 2 004 1417628490010
---
W 10 1 2 000 1417628484275
W 10 1 2 001 1417628485408
W 10 1 2 002 1417628486455
W 10 1 2 003 1417628487476
W 10 1 2 004 1417628488514
W 10 1 2 005 1417628489572
W 10 1 2 006 1417628490625
W 10 1 2 007 1417628491660
W 10 1 2 008 1417628492724
W 10 1 2 009 1417628493745
***
R 10 1 3 000 1417628575993
R 10 1 3 001 1417628577357
R 10 1 3 002 1417628578478
R 10 1 3 003 1417628579613
R 10 1 3 004 1417628580222
---
W 10 1 3 000 1417628574386
W 10 1 3 001 1417628575710
W 10 1 3 002 1417628576750
W 10 1 3 003 1417628577843
W 10 1 3 004 1417628578919
W 10 1 3 005 1417628580035
W 10 1 3 006 1417628581068
W 10 1 3 007 1417628582101
W 10 1 3 008 1417628583168
W 10 1 3 009 1417628584218
***
R 10 2 1 000 1417628665549
R 10 2 1 001 1417628665549
R 10 2 1 002 1417628666680
R 10 2 1 003 1417628666680
R 10 2 1 004 1417628667553
R 10 2 1 005 1417628667553
---
W 10 2 1 000 1417628664026
W 10 2 1 001 1417628664697
W 10 2 1 002 1417628665232
W 10 2 1 003 1417628665817
W 10 2 1 004 1417628666347
W 10 2 1 005 1417628666887
W 10 2 1 006 1417628667436
W 10 2 1 007 1417628667987
W 10 2 1 008 1417628668577
W 10 2 1 009 1417628669145
***
R 10 2 2 000 1417628753094
R 10 2 2 001 1417628753094
R 10 2 2 002 1417628754251
R 10 2 2 003 1417628754251
R 10 2 2 004 1417628755649
R 10 2 2 005 1417628755649
---
W 10 2 2 000 1417628751724
W 10 2 2 001 1417628752441
W 10 2 2 002 1417628752965
W 10 2 2 003 1417628753597
W 10 2 2 004 1417628754123
W 10 2 2 005 1417628754696
W 10 2 2 006 1417628755246
W 10 2 2 007 1417628755814
W 10 2 2 008 1417628756346
W 10 2 2 009 1417628756913
***
R 10 2 3 000 1417628840602
R 10 2 3 001 1417628840602
R 10 2 3 002 1417628841710
R 10 2 3 003 1417628841710
R 10 2 3 004 1417628842908
R 10 2 3 005 1417628842908
---
W 10 2 3 000 1417628838967
W 10 2 3 001 1417628839768
W 10 2 3 002 1417628840310
W 10 2 3 003 1417628840942
W 10 2 3 004 1417628841479
W 10 2 3 005 1417628842036
W 10 2 3 006 1417628842572
W 10 2 3 007 1417628843134
W 10 2 3 008 1417628843675
W 10 2 3 009 1417628844227
***
R 10 4 1 000 1417628929135
R 10 4 1 001 1417628929135
R 10 4 1 002 1417628929135
R 10 4 1 003 1417628929135
R 10 4 1 004 1417628930491
R 10 4 1 005 1417628930491
R 10 4 1 006 1417628930491
R 10 4 1 007 1417628930491
---
W 10 4 1 000 1417628927346
W 10 4 1 001 1417628927965
W 10 4 1 002 1417628928244
W 10 4 1 003 1417628928522
W 10 4 1 004 1417628928825
W 10 4 1 005 1417628929175
W 10 4 1 006 1417628929470
W 10 4 1 007 1417628929761
W 10 4 1 008 1417628930053
W 10 4 1 009 1417628930330
***
R 10 4 2 000 1417629016725
R 10 4 2 001 1417629016725
R 10 4 2 002 1417629016725
R 10 4 2 003 1417629016725
R 10 4 2 004 1417629017973
R 10 4 2 005 1417629017973
R 10 4 2 006 1417629017973
R 10 4 2 007 1417629017973
---
W 10 4 2 000 1417629014915
W 10 4 2 001 1417629015332
W 10 4 2 002 1417629015619
W 10 4 2 003 1417629015899
W 10 4 2 004 1417629016181
W 10 4 2 005 1417629016573
W 10 4 2 006 1417629016864
W 10 4 2 007 1417629017149
W 10 4 2 008 1417629017449
W 10 4 2 009 1417629017781
***
R 10 4 3 000 1417629103800
R 10 4 3 001 1417629103800
R 10 4 3 002 1417629103800
R 10 4 3 003 1417629103800
R 10 4 3 004 1417629105293
R 10 4 3 005 1417629105293
R 10 4 3 006 1417629105293
R 10 4 3 007 1417629105293
---
W 10 4 3 000 1417629102085
W 10 4 3 001 1417629102520
W 10 4 3 002 1417629102812
W 10 4 3 003 1417629103096
W 10 4 3 004 1417629103410
W 10 4 3 005 1417629103732
W 10 4 3 006 1417629104023
W 10 4 3 007 1417629104313
W 10 4 3 008 1417629104606
W 10 4 3 009 1417629104961
***
R 10 6 1 000 1417629191444
R 10 6 1 001 1417629191444
R 10 6 1 002 1417629191444
R 10 6 1 003 1417629191444
R 10 6 1 004 1417629191444
---
W 10 6 1 000 1417629189647
W 10 6 1 001 1417629189965
W 10 6 1 002 1417629190188
W 10 6 1 003 1417629190405
W 10 6 1 004 1417629190597
W 10 6 1 005 1417629190804
W 10 6 1 006 1417629191121
W 10 6 1 007 1417629191324
W 10 6 1 008 1417629191556
W 10 6 1 009 1417629191755
***
R 10 6 2 000 1417629278337
R 10 6 2 001 1417629278337
R 10 6 2 002 1417629278337
R 10 6 2 003 1417629278337
R 10 6 2 004 1417629278337
---
W 10 6 2 000 1417629276058
W 10 6 2 001 1417629276755
W 10 6 2 002 1417629276955
W 10 6 2 003 1417629277159
W 10 6 2 004 1417629277366
W 10 6 2 005 1417629277567
W 10 6 2 006 1417629277934
W 10 6 2 007 1417629278145
W 10 6 2 008 1417629278342
W 10 6 2 009 1417629278634
***
R 10 6 3 000 1417629364646
R 10 6 3 001 1417629364646
R 10 6 3 002 1417629364646
R 10 6 3 003 1417629364646
R 10 6 3 004 1417629364646
---
W 10 6 3 000 1417629362863
W 10 6 3 001 1417629363160
W 10 6 3 002 1417629363384
W 10 6 3 003 1417629363619
W 10 6 3 004 1417629363813
W 10 6 3 005 1417629364040
W 10 6 3 006 1417629364248
W 10 6 3 007 1417629364544
W 10 6 3 008 1417629364838
W 10 6 3 009 1417629365050
***
R 10 8 1 000 1417629451581
R 10 8 1 001 1417629451581
R 10 8 1 002 1417629451581
R 10 8 1 003 1417629451581
R 10 8 1 004 1417629451581
R 10 8 1 005 1417629451581
---
W 10 8 1 000 1417629449578
W 10 8 1 001 1417629450057
W 10 8 1 002 1417629450228
W 10 8 1 003 1417629450386
W 10 8 1 004 1417629450550
W 10 8 1 005 1417629450757
W 10 8 1 006 1417629450958
W 10 8 1 007 1417629451216
W 10 8 1 008 1417629451455
W 10 8 1 009 1417629451623
***
R 10 8 2 000 1417629537861
R 10 8 2 001 1417629537861
R 10 8 2 002 1417629537861
R 10 8 2 003 1417629537861
R 10 8 2 004 1417629537861
R 10 8 2 005 1417629537861
---
W 10 8 2 000 1417629536064
W 10 8 2 001 1417629536447
W 10 8 2 002 1417629536592
W 10 8 2 003 1417629536746
W 10 8 2 004 1417629536907
W 10 8 2 005 1417629537088
W 10 8 2 006 1417629537254
W 10 8 2 007 1417629537434
W 10 8 2 008 1417629537656
W 10 8 2 009 1417629537968
***
R 10 8 3 000 1417629624389
R 10 8 3 001 1417629624389
R 10 8 3 002 1417629624389
R 10 8 3 003 1417629624389
R 10 8 3 004 1417629624389
---
W 10 8 3 000 1417629622340
W 10 8 3 001 1417629622838
W 10 8 3 002 1417629623004
W 10 8 3 003 1417629623165
W 10 8 3 004 1417629623329
W 10 8 3 005 1417629623491
W 10 8 3 006 1417629623688
W 10 8 3 007 1417629624037
W 10 8 3 008 1417629624229
W 10 8 3 009 1417629624396
***
R 10 10 1 000 1417629710445
R 10 10 1 001 1417629710445
R 10 10 1 002 1417629710445
R 10 10 1 003 1417629710445
R 10 10 1 004 1417629710445
R 10 10 1 005 1417629710445
---
W 10 10 1 000 1417629708760
W 10 10 1 001 1417629709175
W 10 10 1 002 1417629709319
W 10 10 1 003 1417629709458
W 10 10 1 004 1417629709611
W 10 10 1 005 1417629709750
W 10 10 1 006 1417629709890
W 10 10 1 007 1417629710058
W 10 10 1 008 1417629710224
W 10 10 1 009 1417629710450
***
R 10 10 2 000 1417629797000
R 10 10 2 001 1417629797000
R 10 10 2 002 1417629797000
R 10 10 2 003 1417629797000
R 10 10 2 004 1417629797000
R 10 10 2 005 1417629797000
---
W 10 10 2 000 1417629795252
W 10 10 2 001 1417629795669
W 10 10 2 002 1417629795853
W 10 10 2 003 1417629795994
W 10 10 2 004 1417629796122
W 10 10 2 005 1417629796268
W 10 10 2 006 1417629796413
W 10 10 2 007 1417629796610
W 10 10 2 008 1417629796852
W 10 10 2 009 1417629797110
***
R 10 10 3 000 1417629883832
R 10 10 3 001 1417629883832
R 10 10 3 002 1417629883832
R 10 10 3 003 1417629883832
R 10 10 3 004 1417629883832
R 10 10 3 005 1417629883832
R 10 10 3 006 1417629883832
---
W 10 10 3 000 1417629882082
W 10 10 3 001 1417629882464
W 10 10 3 002 1417629882602
W 10 10 3 003 1417629882737
W 10 10 3 004 1417629882865
W 10 10 3 005 1417629883014
W 10 10 3 006 1417629883297
W 10 10 3 007 1417629883453
W 10 10 3 008 1417629883700
W 10 10 3 009 1417629883963
***
R 20 1 1 000 1417629995514
R 20 1 1 001 1417629996755
R 20 1 1 002 1417629998042
R 20 1 1 003 1417629999117
R 20 1 1 004 1417630000548
---
W 20 1 1 000 1417629992824
W 20 1 1 001 1417629994280
W 20 1 1 002 1417629995528
W 20 1 1 003 1417629996629
W 20 1 1 004 1417629998006
W 20 1 1 005 1417629999472
W 20 1 1 006 1417630001172
W 20 1 1 007 1417630002428
W 20 1 1 008 1417630003493
W 20 1 1 009 1417630004564
***
R 20 1 2 000 1417630111081
R 20 1 2 001 1417630113217
R 20 1 2 002 1417630114342
R 20 1 2 003 1417630114718
R 20 1 2 004 1417630116485
---
W 20 1 2 000 1417630107870
W 20 1 2 001 1417630109704
W 20 1 2 002 1417630110741
W 20 1 2 003 1417630112401
W 20 1 2 004 1417630113513
W 20 1 2 005 1417630115017
W 20 1 2 006 1417630116156
W 20 1 2 007 1417630117804
W 20 1 2 008 1417630118851
W 20 1 2 009 1417630119957
***
R 20 1 3 000 1417630234826
R 20 1 3 001 1417630235857
R 20 1 3 002 1417630237840
R 20 1 3 003 1417630239118
R 20 1 3 004 1417630240810
---
W 20 1 3 000 1417630232667
W 20 1 3 001 1417630234130
W 20 1 3 002 1417630235346
W 20 1 3 003 1417630236394
W 20 1 3 004 1417630237791
W 20 1 3 005 1417630239313
W 20 1 3 006 1417630240497
W 20 1 3 007 1417630241595
W 20 1 3 008 1417630242980
W 20 1 3 009 1417630244218
***
R 20 2 1 000 1417630362672
R 20 2 1 001 1417630362672
R 20 2 1 002 1417630363776
R 20 2 1 003 1417630365533
R 20 2 1 004 1417630365533
---
W 20 2 1 000 1417630359529
W 20 2 1 001 1417630360719
W 20 2 1 002 1417630361398
W 20 2 1 003 1417630362378
W 20 2 1 004 1417630363469
W 20 2 1 005 1417630364300
W 20 2 1 006 1417630364878
W 20 2 1 007 1417630365836
W 20 2 1 008 1417630366459
W 20 2 1 009 1417630367345
***
R 20 2 2 000 1417630490304
R 20 2 2 001 1417630491653
R 20 2 2 002 1417630491653
R 20 2 2 003 1417630493959
R 20 2 2 004 1417630493959
R 20 2 2 005 1417630493959
---
W 20 2 2 000 1417630485955
W 20 2 2 001 1417630488506
W 20 2 2 002 1417630489648
W 20 2 2 003 1417630490349
W 20 2 2 004 1417630491233
W 20 2 2 005 1417630492562
W 20 2 2 006 1417630493233
W 20 2 2 007 1417630494970
W 20 2 2 008 1417630495795
W 20 2 2 009 1417630497067
***
R 20 2 3 000 1417630617785
R 20 2 3 001 1417630617785
R 20 2 3 002 1417630618877
R 20 2 3 003 1417630620935
R 20 2 3 004 1417630621978
R 20 2 3 005 1417630621978
---
W 20 2 3 000 1417630614841
W 20 2 3 001 1417630615753
W 20 2 3 002 1417630616284
W 20 2 3 003 1417630617505
W 20 2 3 004 1417630618774
W 20 2 3 005 1417630619777
W 20 2 3 006 1417630620903
W 20 2 3 007 1417630622551
W 20 2 3 008 1417630623084
W 20 2 3 009 1417630623667
***
R 20 4 1 000 1417630743663
R 20 4 1 001 1417630743663
R 20 4 1 002 1417630743663
R 20 4 1 003 1417630745889
R 20 4 1 004 1417630745889
---
W 20 4 1 000 1417630741021
W 20 4 1 001 1417630741895
W 20 4 1 002 1417630742302
W 20 4 1 003 1417630742613
W 20 4 1 004 1417630743680
W 20 4 1 005 1417630744479
W 20 4 1 006 1417630745497
W 20 4 1 007 1417630746913
W 20 4 1 008 1417630747206
W 20 4 1 009 1417630747681
***
R 20 4 2 000 1417630868673
R 20 4 2 001 1417630868673
R 20 4 2 002 1417630870373
R 20 4 2 003 1417630870373
R 20 4 2 004 1417630872190
---
W 20 4 2 000 1417630866599
W 20 4 2 001 1417630867424
W 20 4 2 002 1417630867963
W 20 4 2 003 1417630868446
W 20 4 2 004 1417630868749
W 20 4 2 005 1417630870004
W 20 4 2 006 1417630870980
W 20 4 2 007 1417630871625
W 20 4 2 008 1417630872466
W 20 4 2 009 1417630872967
***
W 20 4 3 000 1417630993063
W 20 4 3 001 1417630994596
W 20 4 3 002 1417630994889
W 20 4 3 003 1417630995296
W 20 4 3 004 1417630996263
W 20 4 3 005 1417630997279
W 20 4 3 006 1417630997902
W 20 4 3 007 1417630998287
W 20 4 3 008 1417630998688
W 20 4 3 009 1417630999380
***
R 20 4 3 000 1417630996208
R 20 4 3 001 1417630996208
R 20 4 3 002 1417630996208
R 20 4 3 003 1417630998896
R 20 4 3 004 1417630999789
R 20 4 3 005 1417630999789
---
W 20 6 1 000 1417631121384
W 20 6 1 001 1417631122150
W 20 6 1 002 1417631122410
W 20 6 1 003 1417631122606
W 20 6 1 004 1417631122844
W 20 6 1 005 1417631123115
W 20 6 1 006 1417631123307
W 20 6 1 007 1417631123518
W 20 6 1 008 1417631123713
W 20 6 1 009 1417631124090
***
R 20 6 1 000 1417631123443
R 20 6 1 001 1417631123443
R 20 6 1 002 1417631123443
R 20 6 1 003 1417631123443
R 20 6 1 004 1417631125792
R 20 6 1 005 1417631125792
R 20 6 1 006 1417631125792
R 20 6 1 007 1417631125792
R 20 6 1 008 1417631125792
---
R 20 6 2 000 1417631250073
R 20 6 2 001 1417631250073
R 20 6 2 002 1417631250073
R 20 6 2 003 1417631250073
R 20 6 2 004 1417631251693
R 20 6 2 005 1417631251693
---
W 20 6 2 000 1417631246291
W 20 6 2 001 1417631247492
W 20 6 2 002 1417631247789
W 20 6 2 003 1417631248046
W 20 6 2 004 1417631248364
W 20 6 2 005 1417631249047
W 20 6 2 006 1417631250166
W 20 6 2 007 1417631251280
W 20 6 2 008 1417631251520
W 20 6 2 009 1417631252183
***
R 20 6 3 000 1417631376507
R 20 6 3 001 1417631376507
R 20 6 3 002 1417631376507
R 20 6 3 003 1417631377499
R 20 6 3 004 1417631377499
---
W 20 6 3 000 1417631372895
W 20 6 3 001 1417631373777
W 20 6 3 002 1417631373997
W 20 6 3 003 1417631374422
W 20 6 3 004 1417631374930
W 20 6 3 005 1417631375716
W 20 6 3 006 1417631376474
W 20 6 3 007 1417631377448
W 20 6 3 008 1417631378003
W 20 6 3 009 1417631378272
***
R 20 8 1 000 1417631501988
R 20 8 1 001 1417631501988
R 20 8 1 002 1417631501988
R 20 8 1 003 1417631501988
R 20 8 1 004 1417631502602
R 20 8 1 005 1417631502602
---
W 20 8 1 000 1417631498236
W 20 8 1 001 1417631499280
W 20 8 1 002 1417631499438
W 20 8 1 003 1417631499775
W 20 8 1 004 1417631499948
W 20 8 1 005 1417631500304
W 20 8 1 006 1417631500948
W 20 8 1 007 1417631501409
W 20 8 1 008 1417631501702
W 20 8 1 009 1417631502033
***
R 20 8 2 000 1417631627161
R 20 8 2 001 1417631627161
R 20 8 2 002 1417631627161
R 20 8 2 003 1417631627161
R 20 8 2 004 1417631628671
R 20 8 2 005 1417631628671
---
W 20 8 2 000 1417631623560
W 20 8 2 001 1417631624669
W 20 8 2 002 1417631624830
W 20 8 2 003 1417631625214
W 20 8 2 004 1417631625484
W 20 8 2 005 1417631625999
W 20 8 2 006 1417631626822
W 20 8 2 007 1417631627314
W 20 8 2 008 1417631627690
W 20 8 2 009 1417631628482
***
R 20 8 3 000 1417631753792
R 20 8 3 001 1417631753792
R 20 8 3 002 1417631753792
R 20 8 3 003 1417631754899
R 20 8 3 004 1417631754899
R 20 8 3 005 1417631754899
---
W 20 8 3 000 1417631750951
W 20 8 3 001 1417631751819
W 20 8 3 002 1417631752049
W 20 8 3 003 1417631752488
W 20 8 3 004 1417631753147
W 20 8 3 005 1417631753705
W 20 8 3 006 1417631753950
W 20 8 3 007 1417631754456
W 20 8 3 008 1417631754821
W 20 8 3 009 1417631755333
***
R 20 10 1 000 1417631881161
R 20 10 1 001 1417631881161
R 20 10 1 002 1417631881161
R 20 10 1 003 1417631882802
R 20 10 1 004 1417631882802
---
W 20 10 1 000 1417631877217
W 20 10 1 001 1417631878606
W 20 10 1 002 1417631879059
W 20 10 1 003 1417631879448
W 20 10 1 004 1417631880186
W 20 10 1 005 1417631880953
W 20 10 1 006 1417631881553
W 20 10 1 007 1417631882271
W 20 10 1 008 1417631882549
W 20 10 1 009 1417631883422
***
R 20 10 2 000 1417632006291
R 20 10 2 001 1417632006291
R 20 10 2 002 1417632006291
R 20 10 2 003 1417632006291
R 20 10 2 004 1417632006291
---
W 20 10 2 000 1417632002732
W 20 10 2 001 1417632003715
W 20 10 2 002 1417632003851
W 20 10 2 003 1417632004010
W 20 10 2 004 1417632004300
W 20 10 2 005 1417632004586
W 20 10 2 006 1417632005179
W 20 10 2 007 1417632005863
W 20 10 2 008 1417632006302
W 20 10 2 009 1417632007081
***
R 20 10 3 000 1417632130919
R 20 10 3 001 1417632130919
R 20 10 3 002 1417632130919
R 20 10 3 003 1417632130919
R 20 10 3 004 1417632130919
R 20 10 3 005 1417632130919
R 20 10 3 006 1417632130919
---
W 20 10 3 000 1417632129053
W 20 10 3 001 1417632129676
W 20 10 3 002 1417632129831
W 20 10 3 003 1417632129984
W 20 10 3 004 1417632130143
W 20 10 3 005 1417632130398
W 20 10 3 006 1417632130531
W 20 10 3 007 1417632130657
W 20 10 3 008 1417632130917
W 20 10 3 009 1417632131057
***
R 30 1 1 000 1417633352056
R 30 1 1 001 1417633354446
R 30 1 1 002 1417633355564
R 30 1 1 003 1417633360564
R 30 1 1 004 1417633361466
---
W 30 1 1 000 1417633347131
W 30 1 1 001 1417633349251
W 30 1 1 002 1417633350768
W 30 1 1 003 1417633352572
W 30 1 1 004 1417633354649
W 30 1 1 005 1417633356482
W 30 1 1 006 1417633358576
W 30 1 1 007 1417633361084
W 30 1 1 008 1417633363994
W 30 1 1 009 1417633366648
***
R 30 1 2 000 1417633549049
R 30 1 2 001 1417633550975
R 30 1 2 002 1417633553169
R 30 1 2 003 1417633554039
R 30 1 2 004 1417633556422
---
W 30 1 2 000 1417633542235
W 30 1 2 001 1417633545343
W 30 1 2 002 1417633546876
W 30 1 2 003 1417633548671
W 30 1 2 004 1417633550106
W 30 1 2 005 1417633552600
W 30 1 2 006 1417633554385
W 30 1 2 007 1417633556133
W 30 1 2 008 1417633557247
W 30 1 2 009 1417633559507
***
R 30 1 3 000 1417633739140
R 30 1 3 001 1417633740652
R 30 1 3 002 1417633743164
R 30 1 3 003 1417633744160
R 30 1 3 004 1417633744160
---
W 30 1 3 000 1417633729676
W 30 1 3 001 1417633734716
W 30 1 3 002 1417633736414
W 30 1 3 003 1417633738198
W 30 1 3 004 1417633740301
W 30 1 3 005 1417633743240
W 30 1 3 006 1417633745547
W 30 1 3 007 1417633747799
W 30 1 3 008 1417633750011
W 30 1 3 009 1417633751223
***
R 30 2 1 000 1417633933450
R 30 2 1 001 1417633933450
R 30 2 1 002 1417633934763
R 30 2 1 003 1417633937081
R 30 2 1 005 1417633943579
---
W 30 2 1 000 1417633926993
W 30 2 1 001 1417633928525
W 30 2 1 002 1417633929156
W 30 2 1 003 1417633930908
W 30 2 1 004 1417633933249
W 30 2 1 005 1417633937633
W 30 2 1 006 1417633939842
W 30 2 1 007 1417633942383
W 30 2 1 008 1417633944712
W 30 2 1 009 1417633947476
***
R 30 2 2 000 1417634147327
R 30 2 2 001 1417634147327
R 30 2 2 002 1417634150447
R 30 2 2 003 1417634150447
R 30 2 2 004 1417634151461
---
W 30 2 2 000 1417634133019
W 30 2 2 001 1417634143118
W 30 2 2 002 1417634144119
W 30 2 2 003 1417634145739
W 30 2 2 004 1417634146360
W 30 2 2 005 1417634147504
W 30 2 2 006 1417634149386
W 30 2 2 007 1417634151264
W 30 2 2 008 1417634152354
W 30 2 2 009 1417634154184
***
R 30 2 3 000 1417634339524
R 30 2 3 001 1417634341037
R 30 2 3 002 1417634342762
R 30 2 3 003 1417634342762
R 30 2 3 004 1417634347167
---
W 30 2 3 000 1417634327910
W 30 2 3 001 1417634336111
W 30 2 3 002 1417634338177
W 30 2 3 003 1417634339709
W 30 2 3 004 1417634340820
W 30 2 3 005 1417634342444
W 30 2 3 006 1417634344612
W 30 2 3 007 1417634346695
W 30 2 3 008 1417634348269
W 30 2 3 009 1417634348962
***
R 30 4 1 000 1417634631514
R 30 4 1 001 1417634634630
R 30 4 1 002 1417634634630
R 30 4 1 003 1417634639267
R 30 4 1 004 1417634640023
---
W 30 4 1 000 1417634624617
W 30 4 1 001 1417634628351
W 30 4 1 002 1417634629128
W 30 4 1 003 1417634630823
W 30 4 1 004 1417634634515
W 30 4 1 005 1417634636327
W 30 4 1 006 1417634636870
W 30 4 1 007 1417634638701
W 30 4 1 008 1417634640900
W 30 4 1 009 1417634642427
***
R 30 4 2 000 1417634835647
R 30 4 2 001 1417634835647
R 30 4 2 002 1417634835647
R 30 4 2 003 1417634838398
R 30 4 2 004 1417634838398
---
W 30 4 2 000 1417634831016
W 30 4 2 001 1417634832188
W 30 4 2 002 1417634832759
W 30 4 2 003 1417634833051
W 30 4 2 004 1417634833763
W 30 4 2 005 1417634834426
W 30 4 2 006 1417634836564
W 30 4 2 007 1417634837160
W 30 4 2 008 1417634837615
W 30 4 2 009 1417634838310
***
R 30 4 3 000 1417635031217
R 30 4 3 001 1417635031217
R 30 4 3 002 1417635035402
R 30 4 3 003 1417635035402
R 30 4 3 004 1417635037336
---
W 30 4 3 000 1417635024885
W 30 4 3 001 1417635027432
W 30 4 3 002 1417635027806
W 30 4 3 003 1417635029156
W 30 4 3 004 1417635030353
W 30 4 3 005 1417635032170
W 30 4 3 006 1417635033520
W 30 4 3 007 1417635034666
W 30 4 3 008 1417635035191
W 30 4 3 009 1417635036375
***
W 30 6 1 000 1417635222066
W 30 6 1 001 1417635224603
W 30 6 1 002 1417635224995
W 30 6 1 003 1417635225194
W 30 6 1 004 1417635225397
W 30 6 1 005 1417635225803
W 30 6 1 006 1417635226593
W 30 6 1 007 1417635228455
W 30 6 1 008 1417635229472
W 30 6 1 009 1417635229836
***
R 30 6 1 000 1417635228217
R 30 6 1 001 1417635228217
R 30 6 1 002 1417635228217
R 30 6 1 003 1417635228217
R 30 6 1 004 1417635232874
R 30 6 1 005 1417635232874
---
W 30 6 2 000 1417635419073
W 30 6 2 001 1417635420792
W 30 6 2 002 1417635421004
W 30 6 2 003 1417635422187
W 30 6 2 004 1417635424906
W 30 6 2 005 1417635425580
W 30 6 2 006 1417635426421
W 30 6 2 007 1417635427939
W 30 6 2 008 1417635428687
W 30 6 2 009 1417635429781
***
R 30 6 2 000 1417635424911
R 30 6 2 001 1417635424911
R 30 6 2 002 1417635425943
R 30 6 2 003 1417635430309
R 30 6 2 004 1417635430309
R 30 6 2 005 1417635430309
---
R 30 6 3 000 1417635628303
R 30 6 3 001 1417635628303
R 30 6 3 002 1417635632673
R 30 6 3 004 1417635633570
R 30 6 3 005 1417635633570
---
W 30 6 3 000 1417635619335
W 30 6 3 001 1417635624148
W 30 6 3 002 1417635624838
W 30 6 3 003 1417635626754
W 30 6 3 004 1417635628040
W 30 6 3 005 1417635629055
W 30 6 3 006 1417635629879
W 30 6 3 007 1417635631914
W 30 6 3 008 1417635633015
W 30 6 3 009 1417635635483
***
R 30 8 1 000 1417635827269
R 30 8 1 001 1417635827269
R 30 8 1 002 1417635830639
R 30 8 1 003 1417635833257
R 30 8 1 004 1417635833257
R 30 8 1 005 1417635833257
---
W 30 8 1 000 1417635818723
W 30 8 1 001 1417635822680
W 30 8 1 002 1417635823298
W 30 8 1 003 1417635826310
W 30 8 1 004 1417635828094
W 30 8 1 005 1417635828442
W 30 8 1 006 1417635828943
W 30 8 1 007 1417635830800
W 30 8 1 008 1417635832327
W 30 8 1 009 1417635833043
***
R 30 8 2 000 1417636031296
R 30 8 2 001 1417636031296
R 30 8 2 002 1417636031296
R 30 8 2 003 1417636031296
R 30 8 2 004 1417636031296
---
W 30 8 2 000 1417636025145
W 30 8 2 001 1417636027974
W 30 8 2 002 1417636028137
W 30 8 2 003 1417636028397
W 30 8 2 004 1417636028552
W 30 8 2 005 1417636028776
W 30 8 2 006 1417636029709
W 30 8 2 007 1417636030091
W 30 8 2 008 1417636031292
W 30 8 2 009 1417636033164
***
R 30 8 3 000 1417636217612
R 30 8 3 001 1417636218531
R 30 8 3 002 1417636218531
R 30 8 3 003 1417636221243
R 30 8 3 004 1417636221243
R 30 8 3 005 1417636221243
---
W 30 8 3 000 1417636210571
W 30 8 3 001 1417636213777
W 30 8 3 002 1417636214937
W 30 8 3 003 1417636215544
W 30 8 3 004 1417636216515
W 30 8 3 005 1417636217169
W 30 8 3 006 1417636218562
W 30 8 3 007 1417636220010
W 30 8 3 008 1417636221871
W 30 8 3 009 1417636222878
***
R 30 10 1 000 1417636410561
R 30 10 1 001 1417636410561
R 30 10 1 002 1417636410561
R 30 10 1 003 1417636411687
R 30 10 1 004 1417636411687
---
W 30 10 1 000 1417636405399
W 30 10 1 001 1417636406600
W 30 10 1 002 1417636407007
W 30 10 1 003 1417636407445
W 30 10 1 004 1417636408210
W 30 10 1 005 1417636409167
W 30 10 1 006 1417636410051
W 30 10 1 007 1417636410331
W 30 10 1 008 1417636411058
W 30 10 1 009 1417636412225
***
R 30 10 2 000 1417636608296
R 30 10 2 001 1417636609242
R 30 10 2 002 1417636609242
R 30 10 2 003 1417636609242
R 30 10 2 004 1417636611295
R 30 10 2 005 1417636611295
---
W 30 10 2 000 1417636600921
W 30 10 2 001 1417636603219
W 30 10 2 002 1417636605108
W 30 10 2 003 1417636606599
W 30 10 2 004 1417636606854
W 30 10 2 005 1417636607212
W 30 10 2 006 1417636607742
W 30 10 2 007 1417636609347
W 30 10 2 008 1417636611097
W 30 10 2 009 1417636613014
***
W 30 10 3 000 1417636804573
W 30 10 3 001 1417636806341
W 30 10 3 002 1417636806782
W 30 10 3 003 1417636807822
W 30 10 3 004 1417636808811
W 30 10 3 005 1417636809221
W 30 10 3 006 1417636810048
W 30 10 3 007 1417636811847
W 30 10 3 008 1417636814152
W 30 10 3 009 1417636815196
***
R 30 10 3 000 1417636810056
R 30 10 3 001 1417636810056
R 30 10 3 003 1417636813911
R 30 10 3 004 1417636813911
R 30 10 3 005 1417636816654
---
W 40 1 1 000 1417637045343
W 40 1 1 001 1417637052807
W 40 1 1 002 1417637069508
W 40 1 1 003 1417637088071
W 40 1 1 004 1417637107558
W 40 1 1 005 1417637127366
W 40 1 1 006 1417637147660
W 40 1 1 007 1417637169475
W 40 1 1 008 1417637174655
W 40 1 1 009 1417637177923
***
W 40 1 2 000 1417637399753
W 40 1 2 001 1417637423521
W 40 1 2 002 1417637442263
W 40 1 2 003 1417637464866
W 40 1 2 004 1417637485954
W 40 1 2 005 1417637503109
W 40 1 2 006 1417637523273
W 40 1 2 007 1417637529570
W 40 1 2 008 1417637532208
W 40 1 2 009 1417637534278
***
W 40 1 3 000 1417637824008
W 40 1 3 001 1417637852915
W 40 1 3 002 1417637880776
W 40 1 3 003 1417637907820
W 40 1 3 004 1417637941274
W 40 1 3 005 1417637949998
W 40 1 3 006 1417637951795
W 40 1 3 007 1417637953779
W 40 1 3 008 1417637955813
W 40 1 3 009 1417637957331
***
R 40 1 3 004 1417637951439
R 40 1 3 005 1417637954510
R 40 1 3 006 1417637955007
R 40 1 3 007 1417637957110
R 40 1 3 008 1417637959586
---
W 40 2 1 000 1417638210885
W 40 2 1 001 1417638231634
W 40 2 1 002 1417638261791
W 40 2 1 003 1417638303542
W 40 2 1 004 1417638345123
W 40 2 1 005 1417638348685
W 40 2 1 006 1417638349313
W 40 2 1 007 1417638350687
W 40 2 1 008 1417638352342
W 40 2 1 009 1417638354782
***
R 40 2 1 004 1417638351645
R 40 2 1 005 1417638353497
R 40 2 1 006 1417638354180
R 40 2 1 007 1417638354180
R 40 2 1 008 1417638357496
---
R 40 2 2 000 1417638648603
R 40 2 2 001 1417638655590
R 40 2 2 003 1417638679697
R 40 2 2 006 1417638713888
R 40 2 2 007 1417638726104
---
W 40 2 2 000 1417638645346
W 40 2 2 001 1417638647095
W 40 2 2 002 1417638656241
W 40 2 2 003 1417638668898
W 40 2 2 004 1417638680447
W 40 2 2 005 1417638692694
W 40 2 2 006 1417638704088
W 40 2 2 007 1417638713347
W 40 2 2 008 1417638724704
W 40 2 2 009 1417638727915
***
R 40 2 3 000 1417639044834
R 40 2 3 001 1417639055634
R 40 2 3 003 1417639077286
R 40 2 3 004 1417639087827
R 40 2 3 006 1417639107042
---
W 40 2 3 000 1417639041704
W 40 2 3 001 1417639045552
W 40 2 3 002 1417639057895
W 40 2 3 003 1417639066399
W 40 2 3 004 1417639076128
W 40 2 3 005 1417639085986
W 40 2 3 006 1417639095434
W 40 2 3 007 1417639106382
W 40 2 3 008 1417639108675
W 40 2 3 009 1417639110926
***
R 40 4 1 000 1417639424488
R 40 4 1 001 1417639430387
R 40 4 1 004 1417639459046
R 40 4 1 006 1417639478501
R 40 4 1 007 1417639490744
---
W 40 4 1 000 1417639421185
W 40 4 1 001 1417639422344
W 40 4 1 002 1417639430345
W 40 4 1 003 1417639439052
W 40 4 1 004 1417639449202
W 40 4 1 005 1417639459457
W 40 4 1 006 1417639469457
W 40 4 1 007 1417639479401
W 40 4 1 008 1417639490606
W 40 4 1 009 1417639499236
***
R 40 4 2 000 1417639810590
R 40 4 2 001 1417639820541
R 40 4 2 002 1417639829132
R 40 4 2 007 1417639880131
R 40 4 2 009 1417639897132
---
W 40 4 2 000 1417639807556
W 40 4 2 001 1417639808837
W 40 4 2 002 1417639820701
W 40 4 2 003 1417639828994
W 40 4 2 004 1417639837332
W 40 4 2 005 1417639847445
W 40 4 2 006 1417639858184
W 40 4 2 007 1417639867637
W 40 4 2 008 1417639877493
W 40 4 2 009 1417639888381
***
W 40 4 3 000 1417640216398
W 40 4 3 001 1417640217554
W 40 4 3 002 1417640225150
W 40 4 3 003 1417640235793
W 40 4 3 004 1417640243653
W 40 4 3 005 1417640255338
W 40 4 3 006 1417640265405
W 40 4 3 007 1417640275807
W 40 4 3 008 1417640286092
W 40 4 3 009 1417640297351
***
R 40 6 1 000 1417640662550
R 40 6 1 001 1417640671490
R 40 6 1 003 1417640691235
R 40 6 1 004 1417640702790
R 40 6 1 005 1417640711748
---
W 40 6 1 000 1417640659084
W 40 6 1 001 1417640660601
W 40 6 1 002 1417640670805
W 40 6 1 003 1417640680822
W 40 6 1 004 1417640691606
W 40 6 1 005 1417640702350
W 40 6 1 006 1417640712216
W 40 6 1 007 1417640717063
W 40 6 1 008 1417640722017
W 40 6 1 009 1417640724668
***
R 40 6 2 000 1417641032706
R 40 6 2 001 1417641039109
R 40 6 2 002 1417641049012
R 40 6 2 003 1417641061562
R 40 6 2 004 1417641073956
---
W 40 6 2 000 1417641029024
W 40 6 2 001 1417641030128
W 40 6 2 002 1417641039528
W 40 6 2 003 1417641049829
W 40 6 2 004 1417641061291
W 40 6 2 005 1417641073731
W 40 6 2 006 1417641075982
W 40 6 2 007 1417641082235
W 40 6 2 008 1417641083933
W 40 6 2 009 1417641085539
***
R 40 6 3 000 1417641401261
R 40 6 3 002 1417641420011
R 40 6 3 003 1417641428560
R 40 6 3 005 1417641451925
R 40 6 3 006 1417641464113
---
W 40 6 3 000 1417641398104
W 40 6 3 001 1417641399527
W 40 6 3 002 1417641409742
W 40 6 3 003 1417641418030
W 40 6 3 004 1417641429184
W 40 6 3 005 1417641442132
W 40 6 3 006 1417641452388
W 40 6 3 007 1417641463083
W 40 6 3 008 1417641465784
W 40 6 3 009 1417641466349
***
W 40 8 1 000 1417641785483
W 40 8 1 001 1417641786650
W 40 8 1 002 1417641795824
W 40 8 1 003 1417641805621
W 40 8 1 004 1417641818068
W 40 8 1 005 1417641830129
W 40 8 1 006 1417641841806
W 40 8 1 007 1417641852410
W 40 8 1 008 1417641863213
W 40 8 1 009 1417641873761
***
R 40 8 2 000 1417642236674
R 40 8 2 001 1417642244469
R 40 8 2 002 1417642254827
R 40 8 2 003 1417642265568
R 40 8 2 005 1417642288220
---
W 40 8 2 000 1417642232964
W 40 8 2 001 1417642234214
W 40 8 2 002 1417642244055
W 40 8 2 003 1417642254018
W 40 8 2 004 1417642266449
W 40 8 2 005 1417642278149
W 40 8 2 006 1417642287850
W 40 8 2 007 1417642296763
W 40 8 2 008 1417642299898
W 40 8 2 009 1417642300912
***
R 40 8 3 000 1417642616114
R 40 8 3 002 1417642631170
R 40 8 3 005 1417642666959
R 40 8 3 006 1417642679422
R 40 8 3 007 1417642690613
---
W 40 8 3 000 1417642613643
W 40 8 3 001 1417642614575
W 40 8 3 002 1417642620592
W 40 8 3 003 1417642632202
W 40 8 3 004 1417642644251
W 40 8 3 005 1417642657238
W 40 8 3 006 1417642668648
W 40 8 3 007 1417642679290
W 40 8 3 008 1417642689287
W 40 8 3 009 1417642693099
***
R 40 10 1 000 1417643020055
R 40 10 1 001 1417643022204
R 40 10 1 002 1417643032252
R 40 10 1 005 1417643067112
R 40 10 1 006 1417643079001
---
W 40 10 1 000 1417643004209
W 40 10 1 001 1417643011014
W 40 10 1 002 1417643022416
W 40 10 1 003 1417643033472
W 40 10 1 004 1417643044868
W 40 10 1 005 1417643054103
W 40 10 1 006 1417643066000
W 40 10 1 007 1417643078305
W 40 10 1 008 1417643083621
W 40 10 1 009 1417643085395
***
R 40 10 2 000 1417643414989
R 40 10 2 001 1417643424097
R 40 10 2 002 1417643434399
R 40 10 2 003 1417643445091
R 40 10 2 004 1417643458197
---
W 40 10 2 000 1417643408521
W 40 10 2 001 1417643413802
W 40 10 2 002 1417643423846
W 40 10 2 003 1417643432956
W 40 10 2 004 1417643446904
W 40 10 2 005 1417643458654
W 40 10 2 006 1417643463586
W 40 10 2 007 1417643464072
W 40 10 2 008 1417643472429
W 40 10 2 009 1417643473445
***
R 40 10 3 000 1417643785247
R 40 10 3 001 1417643785247
R 40 10 3 002 1417643785247
R 40 10 3 004 1417643804652
R 40 10 3 008 1417643849596
---
W 40 10 3 000 1417643783356
W 40 10 3 001 1417643783880
W 40 10 3 002 1417643784314
W 40 10 3 003 1417643785892
W 40 10 3 004 1417643795399
W 40 10 3 005 1417643804445
W 40 10 3 006 1417643817653
W 40 10 3 007 1417643827967
W 40 10 3 008 1417643839806
W 40 10 3 009 1417643850268
***
R 50 1 1 000 1417644557177
R 50 1 1 001 1417644560581
R 50 1 1 003 1417644581432
R 50 1 1 004 1417644592090
R 50 1 1 005 1417644603583
---
W 50 1 1 000 1417644553999
W 50 1 1 001 1417644555754
W 50 1 1 002 1417644559434
W 50 1 1 003 1417644571548
W 50 1 1 004 1417644581945
W 50 1 1 005 1417644592197
W 50 1 1 006 1417644603445
W 50 1 1 007 1417644607794
W 50 1 1 008 1417644613742
W 50 1 1 009 1417644622342
***
R 50 1 2 000 1417645276673
R 50 1 2 003 1417645310249
R 50 1 2 004 1417645324148
R 50 1 2 005 1417645334005
R 50 1 2 006 1417645342855
---
W 50 1 2 000 1417645273829
W 50 1 2 001 1417645275349
W 50 1 2 002 1417645287666
W 50 1 2 003 1417645298550
W 50 1 2 004 1417645309418
W 50 1 2 005 1417645323714
W 50 1 2 006 1417645335268
W 50 1 2 007 1417645343610
W 50 1 2 008 1417645349593
W 50 1 2 009 1417645357237
***
R 50 1 3 000 1417645969907
R 50 1 3 001 1417645975646
R 50 1 3 002 1417645989893
R 50 1 3 003 1417646000932
R 50 1 3 005 1417646024039
---
W 50 1 3 000 1417645966152
W 50 1 3 001 1417645968078
W 50 1 3 002 1417645977051
W 50 1 3 003 1417645989848
W 50 1 3 004 1417646002598
W 50 1 3 005 1417646013200
W 50 1 3 006 1417646024747
W 50 1 3 007 1417646030517
W 50 1 3 008 1417646038696
W 50 1 3 009 1417646041686
***
R 50 2 1 000 1417646691436
R 50 2 1 001 1417646691436
R 50 2 1 002 1417646693509
R 50 2 1 003 1417646699403
R 50 2 1 005 1417646722851
---
W 50 2 1 000 1417646689200
W 50 2 1 001 1417646690158
W 50 2 1 002 1417646690783
W 50 2 1 003 1417646691917
W 50 2 1 004 1417646700466
W 50 2 1 005 1417646710916
W 50 2 1 006 1417646722353
W 50 2 1 007 1417646727914
W 50 2 1 008 1417646732523
W 50 2 1 009 1417646740052
***
R 50 2 2 000 1417647468107
R 50 2 2 002 1417647488813
R 50 2 2 003 1417647500811
R 50 2 2 004 1417647512470
R 50 2 2 005 1417647524715
---
W 50 2 2 000 1417647465118
W 50 2 2 001 1417647466011
W 50 2 2 002 1417647476829
W 50 2 2 003 1417647488887
W 50 2 2 004 1417647501376
W 50 2 2 005 1417647513568
W 50 2 2 006 1417647523719
W 50 2 2 007 1417647528937
W 50 2 2 008 1417647532480
W 50 2 2 009 1417647533296
***
R 50 2 3 000 1417648250962
R 50 2 3 001 1417648250962
R 50 2 3 002 1417648256619
R 50 2 3 003 1417648266918
R 50 2 3 004 1417648277580
---
W 50 2 3 000 1417648247823
W 50 2 3 001 1417648248844
W 50 2 3 002 1417648249397
W 50 2 3 003 1417648256936
W 50 2 3 004 1417648266780
W 50 2 3 005 1417648278783
W 50 2 3 006 1417648280494
W 50 2 3 007 1417648288484
W 50 2 3 008 1417648291739
W 50 2 3 009 1417648294488
***
W 50 4 1 000 1417649011973
W 50 4 1 001 1417649012857
W 50 4 1 002 1417649015749
W 50 4 1 003 1417649017841
W 50 4 1 004 1417649028501
W 50 4 1 005 1417649038348
W 50 4 1 006 1417649048985
W 50 4 1 007 1417649060049
W 50 4 1 008 1417649071551
W 50 4 1 009 1417649081747
***
R 50 4 2 000 1417649886996
R 50 4 2 003 1417649924443
R 50 4 2 004 1417649935607
R 50 4 2 005 1417649943445
R 50 4 2 007 1417649965697
---
W 50 4 2 000 1417649881665
W 50 4 2 001 1417649887163
W 50 4 2 002 1417649899010
W 50 4 2 003 1417649911659
W 50 4 2 004 1417649923011
W 50 4 2 005 1417649933551
W 50 4 2 006 1417649944368
W 50 4 2 007 1417649952971
W 50 4 2 008 1417649966201
W 50 4 2 009 1417649972353
***
R 50 4 3 000 1417650682124
R 50 4 3 001 1417650685627
R 50 4 3 003 1417650710366
R 50 4 3 005 1417650734522
R 50 4 3 006 1417650747315
---
W 50 4 3 000 1417650678566
W 50 4 3 001 1417650679520
W 50 4 3 002 1417650685833
W 50 4 3 003 1417650697020
W 50 4 3 004 1417650709877
W 50 4 3 005 1417650724116
W 50 4 3 006 1417650736871
W 50 4 3 007 1417650747323
W 50 4 3 008 1417650752481
W 50 4 3 009 1417650754748
***
R 50 6 1 000 1417651464949
R 50 6 1 001 1417651464949
R 50 6 1 002 1417651480593
R 50 6 1 003 1417651483356
R 50 6 1 004 1417651493901
---
W 50 6 1 000 1417651461479
W 50 6 1 001 1417651462161
W 50 6 1 002 1417651462513
W 50 6 1 003 1417651472069
W 50 6 1 004 1417651482815
W 50 6 1 005 1417651493172
W 50 6 1 006 1417651498501
W 50 6 1 007 1417651499692
W 50 6 1 008 1417651502095
W 50 6 1 009 1417651504274
***
R 50 6 2 000 1417652224539
R 50 6 2 001 1417652231294
R 50 6 2 003 1417652255045
R 50 6 2 004 1417652268292
R 50 6 2 005 1417652276641
---
W 50 6 2 000 1417652219923
W 50 6 2 001 1417652221156
W 50 6 2 002 1417652231211
W 50 6 2 003 1417652243007
W 50 6 2 004 1417652254957
W 50 6 2 005 1417652266530
W 50 6 2 006 1417652277554
W 50 6 2 007 1417652278347
W 50 6 2 008 1417652283601
W 50 6 2 009 1417652287905
***
R 50 6 3 000 1417652968770
R 50 6 3 001 1417652977362
R 50 6 3 002 1417653011563
R 50 6 3 003 1417653002771
R 50 6 3 004 1417653014323
---
W 50 6 3 000 1417652964746
W 50 6 3 001 1417652965940
W 50 6 3 002 1417652976491
W 50 6 3 003 1417652988637
W 50 6 3 004 1417653001696
W 50 6 3 005 1417653013646
W 50 6 3 006 1417653019733
W 50 6 3 007 1417653026499
W 50 6 3 008 1417653027169
W 50 6 3 009 1417653032282
***
W 50 8 1 000 1417653726631
W 50 8 1 001 1417653727646
W 50 8 1 002 1417653737536
W 50 8 1 003 1417653747988
W 50 8 1 004 1417653760585
W 50 8 1 005 1417653771401
W 50 8 1 006 1417653783144
W 50 8 1 007 1417653791327
W 50 8 1 008 1417653805979
W 50 8 1 009 1417653815129
***
R 50 8 2 000 1417654537137
R 50 8 2 001 1417654547933
R 50 8 2 002 1417654560089
R 50 8 2 003 1417654571686
R 50 8 2 004 1417654579935
---
W 50 8 2 000 1417654532992
W 50 8 2 001 1417654534353
W 50 8 2 002 1417654548615
W 50 8 2 003 1417654559014
W 50 8 2 004 1417654570110
W 50 8 2 005 1417654579369
W 50 8 2 006 1417654585649
W 50 8 2 007 1417654590891
W 50 8 2 008 1417654591906
W 50 8 2 009 1417654595002
***
W 50 8 3 000 1417655172683
W 50 8 3 001 1417655174041
W 50 8 3 002 1417655186908
W 50 8 3 003 1417655197200
W 50 8 3 004 1417655209741
W 50 8 3 005 1417655221499
W 50 8 3 006 1417655233485
W 50 8 3 007 1417655245589
W 50 8 3 008 1417655260601
W 50 8 3 009 1417655272208
***
R 50 10 1 000 1417655970339
R 50 10 1 002 1417655996742
R 50 10 1 006 1417656051541
R 50 10 1 007 1417656063342
R 50 10 1 008 1417656077042
---
W 50 10 1 000 1417655965058
W 50 10 1 001 1417655972701
W 50 10 1 002 1417655982492
W 50 10 1 003 1417655996556
W 50 10 1 004 1417656009553
W 50 10 1 005 1417656024493
W 50 10 1 006 1417656037095
W 50 10 1 007 1417656049999
W 50 10 1 008 1417656062437
W 50 10 1 009 1417656076153
***
W 50 10 2 000 1417656790566
W 50 10 2 001 1417656796927
W 50 10 2 002 1417656808432
W 50 10 2 003 1417656822685
W 50 10 2 004 1417656834937
W 50 10 2 005 1417656846686
W 50 10 2 006 1417656858636
W 50 10 2 007 1417656872976
W 50 10 2 008 1417656886574
W 50 10 2 009 1417656900931
***
R 50 10 3 000 1417657614355
R 50 10 3 001 1417657629853
R 50 10 3 002 1417657647360
R 50 10 3 005 1417657686453
R 50 10 3 007 1417657711744
---
W 50 10 3 000 1417657609419
W 50 10 3 001 1417657615405
W 50 10 3 002 1417657632306
W 50 10 3 003 1417657645460
W 50 10 3 004 1417657659160
W 50 10 3 005 1417657672296
W 50 10 3 006 1417657685297
W 50 10 3 007 1417657698845
W 50 10 3 008 1417657713209
W 50 10 3 009 1417657715371
***
