user speed delay
1 1 4925
1 1 484
1 1 490
1 1 491
1 1 442
1 1 4657
1 1 504
1 1 470
1 1 482
1 1 472
1 1 4760
1 1 494
1 1 470
1 1 472
1 1 467
1 1 4887
1 1 463
1 1 471
1 1 454
1 1 460
1 1 4741
1 1 500
1 1 465
1 1 465
1 1 465
1 2 5093
1 2 987
1 2 497
1 2 482
1 2 461
1 2 5037
1 2 1030
1 2 651
1 2 484
1 2 447
1 2 4677
1 2 758
1 2 500
1 2 435
1 2 469
1 2 4586
1 2 721
1 2 450
1 2 450
1 2 466
1 2 4784
1 2 622
1 2 692
1 2 591
1 2 554
1 4 4406
1 4 850
1 4 573
1 4 515
1 4 573
1 4 4941
1 4 572
1 4 722
1 4 483
1 4 711
1 4 5587
1 4 921
1 4 688
1 4 541
1 4 553
1 4 7107
1 4 561
1 4 521
1 4 478
1 4 533
1 4 4755
1 4 1135
1 4 569
1 4 579
1 4 570
1 5 4791
1 5 1012
1 5 480
1 5 705
1 5 591
1 5 4715
1 5 915
1 5 423
1 5 456
1 5 539
1 5 4380
1 5 1150
1 5 979
1 5 613
1 5 666
1 5 4812
1 5 873
1 5 704
1 5 334
1 5 508
1 5 4880
1 5 798
1 5 600
1 5 564
1 5 603
1 6 4737
1 6 797
1 6 611
1 6 570
1 6 562
1 6 5149
1 6 949
1 6 719
1 6 775
1 6 463
1 6 4961
1 6 1082
1 6 988
1 6 547
1 6 490
1 6 4901
1 6 1029
1 6 818
1 6 627
1 6 727
1 6 327
1 6 4511
1 6 620
1 6 817
1 6 713
1 6 394
1 8 4426
1 8 470
1 8 911
1 8 702
1 8 444
1 8 4710
1 8 816
1 8 859
1 8 733
1 8 701
1 8 437
1 8 5207
1 8 1210
1 8 1110
1 8 634
1 8 749
1 8 4932
1 8 979
1 8 682
1 8 727
1 8 467
1 8 4601
1 8 507
1 8 533
1 8 678
1 8 372
1 10 5125
1 10 1056
1 10 963
1 10 581
1 10 462
1 10 5817
1 10 965
1 10 1005
1 10 608
1 10 716
1 10 5335
1 10 1413
1 10 1333
1 10 869
1 10 628
1 10 4800
1 10 736
1 10 936
1 10 701
1 10 432
1 10 4574
1 10 731
1 10 473
1 10 556
1 10 643
2 1 859
2 1 681
2 1 870
2 1 449
2 1 490
2 1 762
2 1 664
2 1 498
2 1 556
2 1 647
2 1 868
2 1 721
2 1 664
2 1 440
2 1 490
2 1 895
2 1 628
2 1 491
2 1 476
2 1 657
2 1 824
2 1 681
2 1 489
2 1 661
2 1 642
2 2 912
2 2 823
2 2 551
2 2 465
2 2 794
2 2 825
2 2 681
2 2 550
2 2 665
2 2 445
2 2 728
2 2 656
2 2 515
2 2 682
2 2 877
2 2 840
2 2 685
2 2 581
2 2 446
2 2 725
2 2 801
2 2 743
2 2 702
2 2 586
2 2 593
2 4 1207
2 4 1030
2 4 557
2 4 501
2 4 553
2 4 796
2 4 541
2 4 498
2 4 719
2 4 715
2 4 820
2 4 802
2 4 5195
2 4 9388
2 4 8993
2 4 8581
2 4 8160
2 4 7769
2 4 7340
2 4 6948
2 4 816
2 4 831
2 4 639
2 4 599
2 4 567
2 4 937
2 4 890
2 4 672
2 4 636
2 4 679
2 5 815
2 5 1011
2 5 924
2 5 1100
2 5 970
2 5 576
2 5 815
2 5 903
2 5 739
2 5 808
2 5 831
2 5 770
2 5 861
2 5 694
2 5 329
2 5 541
2 5 911
2 5 719
2 5 914
2 5 958
2 5 1113
2 5 710
2 5 853
2 5 725
2 5 713
2 5 518
2 5 640
2 6 744
2 6 571
2 6 630
2 6 636
2 6 814
2 6 868
2 6 676
2 6 672
2 6 693
2 6 777
2 6 793
2 6 5417
2 6 5067
2 6 4746
2 6 4440
2 6 4116
2 6 3784
2 6 3418
2 6 3099
2 6 2754
2 6 1500
2 6 1311
2 6 963
2 6 641
2 6 906
2 6 817
2 6 1032
2 6 818
2 6 773
2 6 450
2 8 854
2 8 1231
2 8 1202
2 8 790
2 8 928
2 8 659
2 8 857
2 8 960
2 8 962
2 8 504
2 8 816
2 8 541
2 8 838
2 8 1018
2 8 797
2 8 415
2 8 961
2 8 839
2 8 1388
2 8 2025
2 8 1653
2 8 1353
2 8 837
2 8 783
2 8 999
2 8 851
2 8 563
2 10 872
2 10 918
2 10 777
2 10 437
2 10 607
2 10 854
2 10 744
2 10 1172
2 10 731
2 10 476
2 10 719
2 10 636
2 10 999
2 10 710
2 10 712
2 10 453
2 10 813
2 10 1329
2 10 886
2 10 986
2 10 1664
2 10 1387
2 10 878
2 10 809
2 10 1011
2 10 1248
2 10 930
3 1 820
3 1 700
3 1 523
3 1 484
3 1 478
3 1 919
3 1 731
3 1 808
3 1 500
3 1 450
3 1 982
3 1 661
3 1 551
3 1 451
3 1 480
3 1 1699
3 1 547
3 1 709
3 1 1157
3 1 1139
3 1 866
3 1 675
3 1 641
3 1 551
3 1 470
3 2 976
3 2 728
3 2 647
3 2 781
3 2 697
3 2 877
3 2 882
3 2 557
3 2 686
3 2 668
3 2 836
3 2 1056
3 2 638
3 2 509
3 2 570
3 2 868
3 2 945
3 2 577
3 2 661
3 2 667
3 2 858
3 2 748
3 2 850
3 2 756
3 2 544
3 4 894
3 4 964
3 4 908
3 4 863
3 4 692
3 4 846
3 4 1094
3 4 649
3 4 846
3 4 818
3 4 889
3 4 949
3 4 830
3 4 1084
3 4 1202
3 4 781
3 4 868
3 4 1330
3 4 1156
3 4 716
3 4 709
3 4 942
3 4 1103
3 4 837
3 4 834
3 4 881
3 5 858
3 5 919
3 5 590
3 5 988
3 5 1029
3 5 838
3 5 1029
3 5 885
3 5 838
3 5 688
3 5 941
3 5 809
3 5 641
3 5 695
3 5 808
3 5 828
3 5 1279
3 5 1506
3 5 1439
3 5 1027
3 5 615
3 5 815
3 5 657
3 5 813
3 5 675
3 5 886
3 6 859
3 6 984
3 6 868
3 6 925
3 6 841
3 6 982
3 6 801
3 6 1002
3 6 1284
3 6 942
3 6 893
3 6 969
3 6 882
3 6 1091
3 6 1218
3 6 867
3 6 882
3 6 1379
3 6 1135
3 6 787
3 6 1027
3 6 597
3 6 800
3 6 816
3 6 777
3 6 810
3 6 560
3 8 870
3 8 776
3 8 989
3 8 945
3 8 1048
3 8 586
3 8 977
3 8 1274
3 8 1008
3 8 698
3 8 912
3 8 875
3 8 761
3 8 904
3 8 914
3 8 628
3 8 1573
3 8 1625
3 8 1129
3 8 737
3 8 1385
3 8 826
3 8 962
3 8 890
3 8 439
3 8 988
3 10 868
3 10 1339
3 10 1337
3 10 1025
3 10 772
3 10 830
3 10 1433
3 10 1388
3 10 1065
3 10 783
3 10 1078
3 10 1068
3 10 1143
3 10 694
3 10 489
3 10 1361
3 10 1361
3 10 934
3 10 1639
3 10 1336
3 10 913
3 10 725
3 10 878
3 10 697
3 10 434
4 1 1124
4 1 771
4 1 709
4 1 761
4 1 471
4 1 1085
4 1 510
4 1 582
4 1 687
4 1 523
4 1 875
4 1 662
4 1 789
4 1 561
4 1 648
4 1 929
4 1 1256
4 1 520
4 1 556
4 1 535
4 1 965
4 1 809
4 1 573
4 1 726
4 1 733
4 2 1013
4 2 1033
4 2 777
4 2 906
4 2 703
4 2 861
4 2 1378
4 2 1058
4 2 552
4 2 547
4 2 981
4 2 1066
4 2 719
4 2 688
4 2 792
4 2 1301
4 2 1466
4 2 1097
4 2 1339
4 2 1416
4 2 1116
4 2 695
4 2 826
4 2 914
4 2 590
4 4 941
4 4 1017
4 4 748
4 4 906
4 4 616
4 4 1021
4 4 948
4 4 638
4 4 1074
4 4 1055
4 4 935
4 4 1221
4 4 1040
4 4 1048
4 4 868
4 4 1032
4 4 1097
4 4 817
4 4 639
4 4 640
4 4 903
4 4 833
4 4 743
4 4 717
4 4 703
4 5 1110
4 5 857
4 5 751
4 5 774
4 5 804
4 5 1114
4 5 901
4 5 783
4 5 876
4 5 650
4 5 1003
4 5 946
4 5 764
4 5 914
4 5 752
4 5 1084
4 5 1050
4 5 1001
4 5 1044
4 5 984
4 5 1008
4 5 889
4 5 713
4 5 868
4 5 858
4 6 881
4 6 1070
4 6 876
4 6 952
4 6 1045
4 6 903
4 6 769
4 6 688
4 6 714
4 6 831
4 6 880
4 6 979
4 6 878
4 6 882
4 6 516
4 6 838
4 6 1481
4 6 1628
4 6 1144
4 6 1168
4 6 732
4 6 983
4 6 1187
4 6 1014
4 6 1040
4 6 786
4 8 922
4 8 1372
4 8 1384
4 8 1049
4 8 729
4 8 930
4 8 1051
4 8 988
4 8 899
4 8 930
4 8 953
4 8 974
4 8 761
4 8 773
4 8 999
4 8 774
4 8 726
4 8 1189
4 8 1543
4 8 1681
4 8 1227
4 8 860
4 8 533
4 8 956
4 8 838
4 8 821
4 8 795
4 8 1005
4 10 969
4 10 1025
4 10 702
4 10 1236
4 10 847
4 10 1034
4 10 1128
4 10 1038
4 10 644
4 10 805
4 10 864
4 10 1483
4 10 1509
4 10 1045
4 10 738
4 10 988
4 10 1579
4 10 1236
4 10 1326
4 10 1079
4 10 829
4 10 942
4 10 833
4 10 919
4 10 782
4 10 646
5 1 908
5 1 685
5 1 762
5 1 673
5 1 847
5 1 1059
5 1 578
5 1 570
5 1 601
5 1 491
5 1 966
5 1 764
5 1 646
5 1 469
5 1 586
5 1 1334
5 1 891
5 1 1209
5 1 679
5 1 1121
5 1 1116
5 1 726
5 1 878
5 1 842
5 1 568
5 2 1090
5 2 818
5 2 785
5 2 750
5 2 733
5 2 1052
5 2 763
5 2 802
5 2 759
5 2 660
5 2 869
5 2 885
5 2 742
5 2 671
5 2 839
5 2 1079
5 2 1024
5 2 780
5 2 809
5 2 728
5 2 1019
5 2 859
5 2 831
5 2 800
5 2 695
5 4 751
5 4 899
5 4 863
5 4 636
5 4 1041
5 4 969
5 4 1026
5 4 926
5 4 979
5 4 705
5 4 776
5 4 1343
5 4 1328
5 4 894
5 4 896
5 4 1060
5 4 1059
5 4 911
5 4 1023
5 4 1167
5 4 962
5 4 758
5 4 1021
5 4 960
5 4 636
5 5 1171
5 5 1457
5 5 1090
5 5 717
5 5 923
5 5 1055
5 5 1186
5 5 1240
5 5 1084
5 5 838
5 5 949
5 5 1190
5 5 555
5 5 847
5 5 806
5 5 1059
5 5 1002
5 5 1081
5 5 1371
5 5 1085
5 5 935
5 5 1018
5 5 865
5 5 1032
5 5 1026
5 6 922
5 6 830
5 6 982
5 6 1126
5 6 842
5 6 1129
5 6 915
5 6 961
5 6 1058
5 6 1132
5 6 1065
5 6 1148
5 6 939
5 6 992
5 6 1080
5 6 957
5 6 875
5 6 1099
5 6 880
5 6 972
5 6 964
5 6 973
5 6 775
5 6 802
5 6 806
5 8 716
5 8 1010
5 8 1282
5 8 1110
5 8 682
5 8 918
5 8 906
5 8 986
5 8 676
5 8 915
5 8 1005
5 8 1217
5 8 1301
5 8 877
5 8 1102
5 8 1040
5 8 1104
5 8 1308
5 8 1198
5 8 816
5 8 1064
5 8 866
5 8 874
5 8 774
5 8 1136
5 8 680
5 10 1118
5 10 1089
5 10 1448
5 10 942
5 10 1495
5 10 993
5 10 1350
5 10 1304
5 10 970
5 10 832
5 10 911
5 10 866
5 10 1204
5 10 1473
5 10 1133
5 10 1056
5 10 864
5 10 1026
5 10 896
5 10 1049
5 10 957
5 10 873
5 10 752
5 10 781
5 10 755
6 1 727
6 1 887
6 1 706
6 1 742
6 1 706
6 1 1013
6 1 832
6 1 644
6 1 604
6 1 859
6 1 1099
6 1 818
6 1 593
6 1 944
6 1 589
6 1 1029
6 1 733
6 1 751
6 1 664
6 1 600
6 1 1074
6 1 854
6 1 829
6 1 695
6 1 457
6 2 1029
6 2 1384
6 2 1190
6 2 907
6 2 781
6 2 1276
6 2 1224
6 2 970
6 2 957
6 2 1084
6 2 999
6 2 1144
6 2 825
6 2 759
6 2 891
6 2 954
6 2 948
6 2 665
6 2 1069
6 2 1101
6 2 728
6 2 1193
6 2 719
6 2 855
6 2 820
6 4 843
6 4 916
6 4 1340
6 4 1181
6 4 963
6 4 727
6 4 944
6 4 1207
6 4 824
6 4 661
6 4 1026
6 4 933
6 4 751
6 4 1419
6 4 1417
6 4 949
6 4 1525
6 4 1479
6 4 999
6 4 735
6 4 934
6 4 2033
6 4 1206
6 4 1031
6 4 819
6 5 1076
6 5 1422
6 5 1123
6 5 1090
6 5 956
6 5 1191
6 5 1431
6 5 1075
6 5 1007
6 5 936
6 5 1152
6 5 1211
6 5 1134
6 5 1275
6 5 1313
6 5 848
6 5 1114
6 5 1327
6 5 1533
6 5 1357
6 5 1112
6 5 832
6 5 1128
6 5 937
6 5 1074
6 5 1117
6 5 706
6 6 1025
6 6 987
6 6 1487
6 6 966
6 6 1388
6 6 761
6 6 840
6 6 997
6 6 1059
6 6 1109
6 6 886
6 6 853
6 6 941
6 6 1055
6 6 1230
6 6 1002
6 6 1315
6 6 1097
6 6 726
6 6 1036
6 6 913
6 6 1297
6 6 1434
6 6 1095
6 6 668
6 8 1226
6 8 1195
6 8 1474
6 8 1394
6 8 1446
6 8 963
6 8 917
6 8 1075
6 8 1069
6 8 1175
6 8 1036
6 8 957
6 8 1095
6 8 1166
6 8 849
6 8 944
6 8 1090
6 8 1072
6 8 1044
6 8 806
6 8 934
6 8 1046
6 8 974
6 8 1281
6 8 1354
6 10 987
6 10 1194
6 10 1089
6 10 1275
6 10 1203
6 10 994
6 10 1272
6 10 1384
6 10 1536
6 10 1455
6 10 970
6 10 1526
6 10 1338
6 10 890
6 10 833
6 10 988
6 10 1715
6 10 1312
6 10 1037
6 10 1054
6 10 1104
6 10 1846
6 10 1744
6 10 1351
6 10 1336
7 1 952
7 1 975
7 1 767
7 1 594
7 1 584
7 1 1016
7 1 745
7 1 711
7 1 579
7 1 503
7 1 961
7 1 935
7 1 745
7 1 869
7 1 663
7 1 981
7 1 745
7 1 650
7 1 661
7 1 811
7 1 781
7 1 695
7 1 919
7 1 638
7 1 833
7 2 766
7 2 856
7 2 1422
7 2 743
7 2 730
7 2 733
7 2 1060
7 2 729
7 2 1098
7 2 966
7 2 972
7 2 621
7 2 743
7 2 912
7 2 868
7 2 1089
7 2 1161
7 2 761
7 2 739
7 2 1038
7 2 748
7 2 926
7 2 1085
7 2 898
7 2 987
7 4 926
7 4 824
7 4 1002
7 4 990
7 4 898
7 4 971
7 4 839
7 4 729
7 4 960
7 4 1032
7 4 718
7 4 1353
7 4 1132
7 4 1130
7 4 1020
7 4 960
7 4 836
7 4 1107
7 4 834
7 4 878
7 4 798
7 4 1147
7 4 817
7 4 940
7 4 838
7 5 709
7 5 755
7 5 1209
7 5 1228
7 5 1376
7 5 797
7 5 1213
7 5 1305
7 5 860
7 5 898
7 5 983
7 5 947
7 5 1282
7 5 1080
7 5 1290
7 5 1169
7 5 1615
7 5 1239
7 5 833
7 5 963
7 5 963
7 5 832
7 5 845
7 5 675
7 5 608
7 6 761
7 6 1106
7 6 1137
7 6 1157
7 6 1088
7 6 680
7 6 1039
7 6 1509
7 6 1357
7 6 961
7 6 948
7 6 1005
7 6 1077
7 6 1012
7 6 1054
7 6 998
7 6 696
7 6 948
7 6 1256
7 6 1247
7 6 1348
7 6 947
7 6 1216
7 6 1083
7 6 1171
7 6 1059
7 6 687
7 8 1085
7 8 1292
7 8 1166
7 8 1197
7 8 828
7 8 1079
7 8 942
7 8 897
7 8 1161
7 8 1018
7 8 638
7 8 736
7 8 888
7 8 1003
7 8 973
7 8 769
7 8 845
7 8 829
7 8 889
7 8 1172
7 8 1485
7 8 792
7 8 1028
7 8 984
7 8 674
7 8 922
7 10 971
7 10 1496
7 10 1342
7 10 765
7 10 868
7 10 796
7 10 952
7 10 1057
7 10 1010
7 10 734
7 10 744
7 10 1270
7 10 1277
7 10 959
7 10 1066
7 10 954
7 10 1131
7 10 1266
7 10 1069
7 10 783
7 10 917
7 10 1418
7 10 1198
7 10 770
7 10 1026
8 1 727
8 1 775
8 1 726
8 1 808
8 1 856
8 1 700
8 1 747
8 1 788
8 1 634
8 1 682
8 1 1369
8 1 704
8 1 922
8 1 618
8 1 930
8 1 690
8 1 833
8 1 882
8 1 799
8 1 631
8 1 688
8 1 624
8 1 643
8 1 479
8 1 563
8 2 694
8 2 805
8 2 684
8 2 899
8 2 691
8 2 1005
8 2 1079
8 2 1007
8 2 817
8 2 888
8 2 739
8 2 986
8 2 650
8 2 739
8 2 691
8 2 1003
8 2 844
8 2 803
8 2 991
8 2 1186
8 2 747
8 2 1602
8 2 1273
8 2 731
8 2 880
8 4 932
8 4 1141
8 4 957
8 4 964
8 4 950
8 4 835
8 4 933
8 4 1213
8 4 1140
8 4 761
8 4 681
8 4 1192
8 4 1096
8 4 1025
8 4 1029
8 4 979
8 4 945
8 4 625
8 4 1378
8 4 1023
8 4 684
8 4 1474
8 4 1392
8 4 869
8 4 967
8 5 750
8 5 861
8 5 797
8 5 1025
8 5 974
8 5 1011
8 5 1300
8 5 1417
8 5 1550
8 5 1477
8 5 724
8 5 1108
8 5 1148
8 5 1108
8 5 1283
8 5 735
8 5 935
8 5 1236
8 5 1277
8 5 1248
8 5 711
8 5 866
8 5 973
8 5 663
8 5 979
8 6 735
8 6 1247
8 6 1179
8 6 1128
8 6 866
8 6 1031
8 6 1100
8 6 768
8 6 1083
8 6 993
8 6 738
8 6 1029
8 6 920
8 6 894
8 6 1021
8 6 663
8 6 904
8 6 939
8 6 1069
8 6 629
8 6 939
8 6 756
8 6 1027
8 6 1260
8 6 1252
8 6 1352
8 8 713
8 8 883
8 8 1046
8 8 952
8 8 1144
8 8 775
8 8 909
8 8 898
8 8 775
8 8 944
8 8 714
8 8 853
8 8 1085
8 8 1067
8 8 1256
8 8 821
8 8 891
8 8 1251
8 8 1202
8 8 1275
8 8 803
8 8 779
8 8 974
8 8 1115
8 8 970
8 8 728
8 10 754
8 10 1202
8 10 1005
8 10 999
8 10 949
8 10 1143
8 10 1211
8 10 878
8 10 1092
8 10 753
8 10 757
8 10 861
8 10 1347
8 10 1551
8 10 1275
8 10 1099
8 10 1058
8 10 1354
8 10 911
8 10 1264
8 10 863
8 10 678
8 10 762
8 10 1851
8 10 1180
8 10 911
9 1 673
9 1 893
9 1 819
9 1 680
9 1 612
9 1 725
9 1 590
9 1 713
9 1 717
9 1 673
9 1 701
9 1 943
9 1 691
9 1 604
9 1 520
9 1 744
9 1 903
9 1 747
9 1 665
9 1 794
9 1 644
9 1 586
9 1 565
9 1 601
9 1 681
9 2 724
9 2 1463
9 2 794
9 2 590
9 2 851
9 2 736
9 2 822
9 2 1165
9 2 900
9 2 684
9 2 704
9 2 907
9 2 1189
9 2 826
9 2 725
9 2 703
9 2 797
9 2 966
9 2 788
9 2 851
9 2 722
9 2 833
9 2 965
9 2 903
9 2 1213
9 4 721
9 4 1037
9 4 907
9 4 682
9 4 1111
9 4 705
9 4 805
9 4 1126
9 4 1007
9 4 730
9 4 687
9 4 852
9 4 949
9 4 866
9 4 1059
9 4 755
9 4 1093
9 4 957
9 4 1003
9 4 822
9 4 974
9 4 1072
9 4 1274
9 4 870
9 4 903
9 5 730
9 5 917
9 5 1242
9 5 1159
9 5 1207
9 5 782
9 5 889
9 5 1085
9 5 718
9 5 716
9 5 731
9 5 880
9 5 925
9 5 1024
9 5 1126
9 5 780
9 5 977
9 5 982
9 5 1056
9 5 877
9 5 797
9 5 1028
9 5 918
9 5 1003
9 5 744
9 6 742
9 6 1156
9 6 1161
9 6 1005
9 6 1058
9 6 759
9 6 955
9 6 1644
9 6 1435
9 6 1049
9 6 695
9 6 1046
9 6 1064
9 6 941
9 6 943
9 6 781
9 6 1156
9 6 1131
9 6 1377
9 6 1480
9 6 800
9 6 1111
9 6 1284
9 6 1431
9 6 1729
9 8 683
9 8 952
9 8 1133
9 8 1120
9 8 1067
9 8 710
9 8 865
9 8 852
9 8 1076
9 8 1126
9 8 634
9 8 694
9 8 797
9 8 1204
9 8 1050
9 8 1110
9 8 1013
9 8 1146
9 8 1220
9 8 724
9 8 725
9 8 853
9 8 1188
9 8 1465
9 8 1133
9 8 1330
9 10 731
9 10 998
9 10 1132
9 10 740
9 10 807
9 10 1255
9 10 1137
9 10 1668
9 10 1110
9 10 790
9 10 735
9 10 1031
9 10 1144
9 10 973
9 10 977
9 10 807
9 10 859
9 10 930
9 10 1090
9 10 1434
9 10 701
9 10 1127
9 10 1090
9 10 1215
9 10 1086
10 1 701
10 1 561
10 1 588
10 1 740
10 1 663
10 1 724
10 1 555
10 1 802
10 1 913
10 1 951
10 1 710
10 1 2596
10 1 1599
10 1 767
10 1 673
10 1 709
10 1 670
10 1 599
10 1 744
10 1 652
10 1 952
10 1 753
10 1 729
10 1 759
10 1 681
10 2 705
10 2 1221
10 2 822
10 2 812
10 2 622
10 2 682
10 2 955
10 2 735
10 2 764
10 2 714
10 2 698
10 2 1010
10 2 588
10 2 881
10 2 634
10 2 692
10 2 1646
10 2 1039
10 2 898
10 2 897
10 2 717
10 2 971
10 2 982
10 2 955
10 2 783
10 4 954
10 4 1010
10 4 762
10 4 774
10 4 893
10 4 852
10 4 1457
10 4 1251
10 4 1207
10 4 975
10 4 927
10 4 1002
10 4 982
10 4 842
10 4 867
10 4 680
10 4 889
10 4 983
10 4 844
10 4 717
10 4 826
10 4 1477
10 4 1090
10 4 1022
10 4 1154
10 5 744
10 5 825
10 5 1025
10 5 1121
10 5 812
10 5 713
10 5 999
10 5 1072
10 5 953
10 5 998
10 5 705
10 5 986
10 5 1383
10 5 1267
10 5 864
10 5 743
10 5 1263
10 5 893
10 5 1132
10 5 1188
10 5 750
10 5 937
10 5 909
10 5 938
10 5 918
10 6 1264
10 6 1223
10 6 1526
10 6 896
10 6 1077
10 6 811
10 6 1190
10 6 1263
10 6 927
10 6 877
10 6 734
10 6 983
10 6 863
10 6 1095
10 6 1432
10 6 685
10 6 1011
10 6 1190
10 6 1205
10 6 1198
10 6 819
10 6 754
10 6 892
10 6 933
10 6 1108
10 6 686
10 8 729
10 8 1073
10 8 1273
10 8 944
10 8 899
10 8 762
10 8 1171
10 8 1290
10 8 842
10 8 807
10 8 770
10 8 1026
10 8 1343
10 8 1243
10 8 1403
10 8 775
10 8 1247
10 8 2090
10 8 1963
10 8 1259
10 8 725
10 8 1109
10 8 1920
10 8 1009
10 8 997
10 10 724
10 10 1206
10 10 1175
10 10 990
10 10 1180
10 10 902
10 10 927
10 10 786
10 10 636
10 10 866
10 10 725
10 10 817
10 10 936
10 10 1008
10 10 909
10 10 466
10 10 730
10 10 895
10 10 1480
10 10 1379
10 10 1039
10 10 722
10 10 1122
10 10 1101
10 10 863
10 10 903
10 1 752
10 1 962
10 1 501
10 1 631
10 1 775
10 1 705
10 1 768
10 1 626
10 1 626
10 1 816
10 1 939
10 1 502
10 1 590
10 1 856
10 1 798
10 1 718
10 1 489
10 1 726
10 1 765
10 1 741
10 1 718
10 1 481
10 1 560
10 1 747
10 1 827
10 1 746
10 1 645
10 1 494
10 1 795
10 1 745
10 1 744
10 1 724
10 1 849
10 1 548
10 1 644
10 1 954
10 1 4097
10 1 2788
10 1 1566
10 1 4925
10 1 3283
10 1 2006
10 1 720
10 1 667
10 1 553
10 1 628
10 1 675
10 1 745
10 1 733
10 1 541
10 1 678
10 1 904
10 1 859
10 2 738
10 2 7506
10 2 6516
10 2 5790
10 2 5122
10 2 4488
10 2 3801
10 2 3160
10 2 2526
10 2 1863
10 2 759
10 2 751
10 2 970
10 2 735
10 2 849
10 2 705
10 2 647
10 2 832
10 2 684
10 2 735
10 2 694
10 2 889
10 2 755
10 2 1086
10 2 1088
10 2 687
10 2 713
10 2 898
10 2 502
10 2 1084
10 2 671
10 2 1126
10 2 914
10 2 714
10 2 883
10 2 671
10 2 1337
10 2 924
10 2 561
10 2 731
10 2 725
10 2 1002
10 2 1094
10 2 716
10 2 649
10 2 679
10 2 913
10 2 780
10 2 732
10 2 644
10 2 671
10 2 799
10 2 1142
10 2 822
10 2 732
10 4 736
10 4 798
10 4 662
10 4 815
10 4 1014
10 4 683
10 4 1153
10 4 1036
10 4 1037
10 4 857
10 4 735
10 4 1130
10 4 1325
10 4 832
10 4 655
10 4 728
10 4 943
10 4 1205
10 4 1059
10 4 1109
10 4 777
10 4 1138
10 4 959
10 4 959
10 4 1194
10 4 685
10 4 975
10 4 875
10 4 658
10 4 815
10 4 740
10 4 913
10 4 777
10 4 944
10 4 906
10 4 719
10 4 866
10 4 797
10 4 741
10 4 785
10 4 746
10 4 967
10 4 754
10 4 765
10 4 826
10 4 736
10 4 852
10 4 844
10 4 781
10 4 863
10 5 822
10 5 1305
10 5 1354
10 5 1502
10 5 1307
10 5 772
10 5 940
10 5 928
10 5 853
10 5 685
10 5 808
10 5 1057
10 5 1090
10 5 640
10 5 639
10 5 710
10 5 919
10 5 1028
10 5 694
10 5 771
10 5 746
10 5 1067
10 5 1033
10 5 1413
10 5 963
10 5 731
10 5 879
10 5 840
10 5 933
10 5 1080
10 5 724
10 5 788
10 5 780
10 5 1076
10 5 817
10 5 962
10 5 704
10 5 938
10 5 916
10 5 735
10 5 1084
10 5 737
10 5 1077
10 5 1450
10 5 849
10 5 1235
10 5 699
10 5 835
10 5 990
10 5 720
10 5 928
10 6 754
10 6 823
10 6 1271
10 6 780
10 6 952
10 6 776
10 6 1089
10 6 1213
10 6 973
10 6 1155
10 6 709
10 6 684
10 6 894
10 6 1134
10 6 963
10 6 1046
10 6 755
10 6 990
10 6 1017
10 6 1144
10 6 781
10 6 739
10 6 993
10 6 1696
10 6 990
10 6 1328
10 6 722
10 6 905
10 6 1033
10 6 933
10 6 1364
10 6 953
10 6 696
10 6 965
10 6 1258
10 6 1013
10 6 1115
10 6 662
10 6 731
10 6 968
10 6 1197
10 6 728
10 6 626
10 6 753
10 6 1031
10 6 1146
10 6 578
10 6 692
10 6 726
10 6 958
10 6 1107
10 6 892
10 6 766
10 8 721
10 8 871
10 8 943
10 8 1034
10 8 999
10 8 691
10 8 839
10 8 1165
10 8 1354
10 8 860
10 8 1195
10 8 784
10 8 699
10 8 747
10 8 1181
10 8 961
10 8 1002
10 8 598
10 8 725
10 8 999
10 8 1201
10 8 1065
10 8 1126
10 8 748
10 8 831
10 8 1113
10 8 979
10 8 677
10 8 701
10 8 961
10 8 874
10 8 849
10 8 867
10 8 733
10 8 930
10 8 994
10 8 977
10 8 1299
10 8 904
10 8 1067
10 8 995
10 8 1927
10 8 1691
10 8 1318
10 8 758
10 8 742
10 8 943
10 8 780
10 8 1030
10 8 694
10 8 774
10 8 777
10 8 898
10 8 892
10 8 962
10 10 674
10 10 892
10 10 1028
10 10 818
10 10 1004
10 10 695
10 10 713
10 10 881
10 10 1004
10 10 652
10 10 975
10 10 761
10 10 1006
10 10 842
10 10 1232
10 10 1173
10 10 870
10 10 743
10 10 788
10 10 1228
10 10 1436
10 10 1133
10 10 858
10 10 683
10 10 884
10 10 956
10 10 770
10 10 955
11 1 672
11 1 785
11 1 1164
11 1 986
11 1 1453
11 1 827
11 1 812
11 1 760
11 1 785
11 1 1123
11 1 682
11 1 760
11 1 899
11 1 776
11 1 617
11 1 732
11 1 592
11 1 818
11 1 656
11 1 847
11 1 685
11 1 885
11 1 810
11 1 901
11 1 775
11 2 719
11 2 859
11 2 809
11 2 917
11 2 829
11 2 726
11 2 821
11 2 742
11 2 974
11 2 561
11 2 701
11 2 1233
11 2 1313
11 2 909
11 2 1283
11 2 1567
11 2 981
11 2 1112
11 2 667
11 2 707
11 2 675
11 2 980
11 2 733
11 2 923
11 2 615
11 4 748
11 4 1147
11 4 1070
11 4 679
11 4 720
11 4 735
11 4 949
11 4 1259
11 4 1358
11 4 944
11 4 686
11 4 1019
11 4 1065
11 4 1099
11 4 935
11 4 760
11 4 770
11 4 791
11 4 697
11 4 785
11 4 757
11 4 1414
11 4 1163
11 4 1569
11 4 1567
11 5 1661
11 5 1865
11 5 1410
11 5 1606
11 5 1048
11 5 733
11 5 1314
11 5 1448
11 5 1352
11 5 914
11 5 799
11 5 1388
11 5 1678
11 5 1242
11 5 1124
11 5 814
11 5 1047
11 5 943
11 5 804
11 5 587
11 5 1798
11 5 1409
11 5 1021
11 5 684
11 5 927
11 6 730
11 6 1524
11 6 1656
11 6 1255
11 6 675
11 6 731
11 6 680
11 6 1061
11 6 1178
11 6 867
11 6 810
11 6 1077
11 6 1298
11 6 1397
11 6 1565
11 6 1092
11 6 863
11 6 1659
11 6 2073
11 6 1431
11 6 1597
11 6 1158
11 6 684
11 6 1209
11 6 1228
11 6 1266
11 6 555
11 8 712
11 8 819
11 8 991
11 8 652
11 8 853
11 8 735
11 8 1276
11 8 1525
11 8 1232
11 8 934
11 8 733
11 8 1156
11 8 1577
11 8 1597
11 8 1138
11 8 707
11 8 950
11 8 907
11 8 693
11 8 985
11 8 805
11 8 977
11 8 1095
11 8 825
11 8 890
11 10 717
11 10 1380
11 10 1499
11 10 1105
11 10 728
11 10 710
11 10 851
11 10 1475
11 10 1337
11 10 1032
11 10 823
11 10 1226
11 10 1257
11 10 1213
11 10 1126
11 10 705
11 10 853
11 10 1028
11 10 891
11 10 847
11 10 716
11 10 732
11 10 1127
11 10 1275
11 10 1186
12 1 780
12 1 1061
12 1 1007
12 1 749
12 1 683
12 1 872
12 1 580
12 1 716
12 1 855
12 1 748
12 1 748
12 1 654
12 1 959
12 1 731
12 1 589
12 1 741
12 1 814
12 1 855
12 1 641
12 1 635
12 1 706
12 1 669
12 1 714
12 1 917
12 1 572
12 2 698
12 2 978
12 2 689
12 2 895
12 2 849
12 2 770
12 2 786
12 2 712
12 2 880
12 2 612
12 2 724
12 2 1128
12 2 1414
12 2 1283
12 2 766
12 2 689
12 2 885
12 2 599
12 2 1062
12 2 756
12 2 755
12 2 1192
12 2 1303
12 2 883
12 2 716
12 4 760
12 4 1137
12 4 1023
12 4 935
12 4 920
12 4 728
12 4 1015
12 4 949
12 4 557
12 4 593
12 4 754
12 4 1160
12 4 1082
12 4 1182
12 4 1117
12 4 859
12 4 1175
12 4 1018
12 4 651
12 4 806
12 4 769
12 4 1083
12 4 823
12 4 876
12 4 1206
12 5 838
12 5 1155
12 5 1126
12 5 1140
12 5 872
12 5 794
12 5 1305
12 5 1235
12 5 1015
12 5 928
12 5 854
12 5 1232
12 5 1346
12 5 849
12 5 954
12 5 788
12 5 1246
12 5 1173
12 5 549
12 5 918
12 5 753
12 5 1097
12 5 664
12 5 593
12 5 819
12 6 1080
12 6 1244
12 6 1031
12 6 720
12 6 888
12 6 823
12 6 903
12 6 903
12 6 760
12 6 716
12 6 847
12 6 903
12 6 970
12 6 774
12 6 1019
12 6 734
12 6 1102
12 6 1107
12 6 1041
12 6 613
12 6 807
12 6 839
12 6 1246
12 6 979
12 6 564
12 8 740
12 8 1205
12 8 1327
12 8 1072
12 8 462
12 8 748
12 8 856
12 8 1210
12 8 1130
12 8 1037
12 8 751
12 8 1313
12 8 1326
12 8 1008
12 8 1020
12 8 839
12 8 877
12 8 1045
12 8 701
12 8 785
12 8 813
12 8 983
12 8 966
12 8 621
12 8 965
12 10 884
12 10 973
12 10 1126
12 10 1106
12 10 921
12 10 535
12 10 788
12 10 934
12 10 1283
12 10 1165
12 10 579
12 10 782
12 10 945
12 10 1173
12 10 1125
12 10 995
12 10 911
12 10 841
12 10 1213
12 10 1386
12 10 1240
12 10 806
12 10 760
12 10 946
12 10 1141
12 10 753
12 10 1060
13 1 678
13 1 878
13 1 1088
13 1 841
13 1 609
13 1 692
13 1 932
13 1 1112
13 1 883
13 1 747
13 1 827
13 1 648
13 1 913
13 1 661
13 1 828
13 1 763
13 1 1949
13 1 1310
13 1 528
13 1 756
13 1 894
13 1 763
13 1 868
13 1 755
13 1 902
13 2 691
13 2 1051
13 2 856
13 2 579
13 2 1122
13 2 764
13 2 1216
13 2 1159
13 2 734
13 2 746
13 2 712
13 2 1277
13 2 866
13 2 964
13 2 491
13 2 662
13 2 961
13 2 400
13 2 814
13 2 847
13 2 674
13 2 1282
13 2 641
13 2 708
13 2 867
13 4 705
13 4 1074
13 4 1051
13 4 949
13 4 937
13 4 690
13 4 2158
13 4 2894
13 4 2260
13 4 1802
13 4 664
13 4 963
13 4 1152
13 4 774
13 4 750
13 4 656
13 4 969
13 4 981
13 4 748
13 4 750
13 4 753
13 4 1177
13 4 1219
13 4 941
13 4 491
13 5 755
13 5 1278
13 5 969
13 5 961
13 5 871
13 5 755
13 5 906
13 5 1285
13 5 1040
13 5 990
13 5 683
13 5 985
13 5 1054
13 5 649
13 5 622
13 5 731
13 5 1027
13 5 1124
13 5 746
13 5 850
13 5 903
13 5 965
13 5 1048
13 5 855
13 5 929
13 6 700
13 6 977
13 6 1201
13 6 1113
13 6 853
13 6 814
13 6 728
13 6 965
13 6 999
13 6 1421
13 6 755
13 6 932
13 6 1240
13 6 945
13 6 922
13 6 795
13 6 1436
13 6 1165
13 6 1225
13 6 1328
13 6 817
13 6 1125
13 6 937
13 6 637
13 6 685
13 8 712
13 8 1136
13 8 1559
13 8 1105
13 8 1064
13 8 792
13 8 919
13 8 1337
13 8 774
13 8 699
13 8 666
13 8 829
13 8 1417
13 8 1388
13 8 1038
13 8 730
13 8 737
13 8 1248
13 8 1242
13 8 881
13 8 838
13 8 2015
13 8 2839
13 8 2486
13 8 2140
13 8 1746
13 10 706
13 10 686
13 10 1192
13 10 1208
13 10 1220
13 10 675
13 10 779
13 10 1357
13 10 1168
13 10 775
13 10 755
13 10 838
13 10 1245
13 10 1232
13 10 1289
13 10 722
13 10 816
13 10 1147
13 10 1180
13 10 991
13 10 632
13 10 723
13 10 736
13 10 1456
13 10 1989
13 10 1676
13 10 1392
14 1 727
14 1 1242
14 1 981
14 1 631
14 1 1014
14 1 718
14 1 1105
14 1 806
14 1 616
14 1 728
14 1 707
14 1 1140
14 1 1053
14 1 603
14 1 1129
14 1 720
14 1 786
14 1 616
14 1 712
14 1 747
14 1 715
14 1 1300
14 1 812
14 1 578
14 1 713
14 2 662
14 2 1295
14 2 812
14 2 605
14 2 941
14 2 714
14 2 1160
14 2 645
14 2 712
14 2 866
14 2 722
14 2 1172
14 2 635
14 2 686
14 2 1325
14 2 720
14 2 1107
14 2 560
14 2 826
14 2 882
14 2 659
14 2 1402
14 2 775
14 2 795
14 2 766
14 4 726
14 4 1047
14 4 1331
14 4 767
14 4 1333
14 4 742
14 4 1261
14 4 1168
14 4 1193
14 4 972
14 4 739
14 4 1191
14 4 1398
14 4 1071
14 4 876
14 4 740
14 4 1579
14 4 1736
14 4 1138
14 4 822
14 4 773
14 4 1181
14 4 1738
14 4 1207
14 4 1097
14 5 883
14 5 1579
14 5 1363
14 5 1173
14 5 905
14 5 852
14 5 1220
14 5 1570
14 5 1457
14 5 944
14 5 712
14 5 1459
14 5 1654
14 5 1354
14 5 780
14 5 771
14 5 847
14 5 1357
14 5 971
14 5 817
14 5 818
14 5 1055
14 5 1920
14 5 1125
14 5 1410
14 6 783
14 6 1014
14 6 1302
14 6 1036
14 6 817
14 6 749
14 6 698
14 6 1369
14 6 1137
14 6 927
14 6 789
14 6 797
14 6 1123
14 6 993
14 6 816
14 6 702
14 6 1099
14 6 1481
14 6 1125
14 6 1102
14 6 731
14 6 902
14 6 1231
14 6 763
14 6 1267
14 8 748
14 8 650
14 8 1314
14 8 1162
14 8 828
14 8 486
14 8 743
14 8 1240
14 8 1504
14 8 1197
14 8 894
14 8 743
14 8 722
14 8 1193
14 8 1099
14 8 729
14 8 710
14 8 725
14 8 1441
14 8 1297
14 8 900
14 8 773
14 8 918
14 8 1342
14 8 1255
14 8 778
14 10 778
14 10 839
14 10 2031
14 10 2069
14 10 1337
14 10 1072
14 10 816
14 10 756
14 10 698
14 10 1420
14 10 1534
14 10 1568
14 10 878
14 10 926
14 10 1262
14 10 1184
14 10 930
14 10 580
14 10 702
14 10 616
14 10 1547
14 10 1826
14 10 1495
14 10 1177
14 10 760
14 10 719
14 10 1392
14 10 1116
14 10 1013
15 1 719
15 1 1198
15 1 591
15 1 834
15 1 694
15 1 671
15 1 1567
15 1 736
15 1 1070
15 1 760
15 1 769
15 1 814
15 1 1128
15 1 978
15 1 813
15 1 710
15 1 780
15 1 568
15 1 858
15 1 691
15 1 724
15 1 917
15 1 932
15 1 819
15 1 845
15 2 709
15 2 1336
15 2 1038
15 2 792
15 2 785
15 2 789
15 2 1267
15 2 656
15 2 790
15 2 829
15 2 745
15 2 1237
15 2 1161
15 2 640
15 2 926
15 2 765
15 2 1458
15 2 1258
15 2 667
15 2 726
15 2 675
15 2 856
15 2 722
15 2 763
15 2 733
15 4 790
15 4 1210
15 4 1192
15 4 1149
15 4 645
15 4 730
15 4 1712
15 4 1636
15 4 1071
15 4 803
15 4 777
15 4 1713
15 4 1542
15 4 1168
15 4 759
15 4 797
15 4 1070
15 4 1330
15 4 1448
15 4 1052
15 4 721
15 4 867
15 4 1138
15 4 928
15 4 748
15 5 792
15 5 706
15 5 1202
15 5 1534
15 5 735
15 5 770
15 5 902
15 5 1143
15 5 812
15 5 801
15 5 785
15 5 1152
15 5 1317
15 5 1037
15 5 706
15 5 742
15 5 767
15 5 1222
15 5 1081
15 5 691
15 5 761
15 5 619
15 5 2855
15 5 2753
15 5 2321
15 5 1959
15 5 1614
15 6 816
15 6 711
15 6 1174
15 6 839
15 6 747
15 6 794
15 6 1107
15 6 2119
15 6 1740
15 6 1449
15 6 743
15 6 1109
15 6 1283
15 6 1176
15 6 650
15 6 841
15 6 695
15 6 1080
15 6 1102
15 6 1002
15 6 1060
15 6 921
15 6 1485
15 6 1194
15 6 828
15 8 746
15 8 602
15 8 1327
15 8 992
15 8 1088
15 8 773
15 8 693
15 8 1579
15 8 4236
15 8 3944
15 8 3603
15 8 3044
15 8 2756
15 8 757
15 8 635
15 8 1045
15 8 1672
15 8 1277
15 8 846
15 8 873
15 8 1317
15 8 1382
15 8 1164
15 8 706
15 8 692
15 8 579
15 8 1193
15 8 1248
15 8 1375
15 10 714
15 10 671
15 10 1276
15 10 971
15 10 1073
15 10 785
15 10 669
15 10 1305
15 10 1508
15 10 1321
15 10 763
15 10 658
15 10 1405
15 10 1573
15 10 1291
15 10 821
15 10 712
15 10 1270
15 10 1237
15 10 1117
15 10 775
15 10 602
15 10 1386
15 10 1358
15 10 1051
16 1 803
16 1 1155
16 1 817
16 1 810
16 1 938
16 1 912
16 1 1426
16 1 761
16 1 752
16 1 706
16 1 923
16 1 1641
16 1 891
16 1 971
16 1 581
16 1 768
16 1 1377
16 1 560
16 1 814
16 1 927
16 1 852
16 1 915
16 1 870
16 1 1103
16 1 1001
16 2 828
16 2 754
16 2 1170
16 2 664
16 2 696
16 2 770
16 2 1628
16 2 4781
16 2 4116
16 2 3438
16 2 2779
16 2 2111
16 2 1446
16 2 722
16 2 1215
16 2 946
16 2 787
16 2 901
16 2 796
16 2 1273
16 2 1012
16 2 830
16 2 719
16 2 733
16 2 1018
16 2 1202
16 2 876
16 2 1019
16 4 981
16 4 1217
16 4 1405
16 4 1189
16 4 1018
16 4 933
16 4 1662
16 4 2387
16 4 1943
16 4 1858
16 4 731
16 4 742
16 4 1223
16 4 1622
16 4 1731
16 4 802
16 4 515
16 4 1145
16 4 1652
16 4 1419
16 4 903
16 4 1194
16 4 1428
16 4 1187
16 4 718
16 5 865
16 5 793
16 5 1417
16 5 1587
16 5 1342
16 5 823
16 5 933
16 5 1422
16 5 1403
16 5 949
16 5 909
16 5 532
16 5 1364
16 5 1545
16 5 1114
16 5 832
16 5 763
16 5 1577
16 5 1366
16 5 4407
16 5 878
16 5 1145
16 5 1371
16 5 1884
16 5 1060
16 6 1023
16 6 1466
16 6 1799
16 6 1860
16 6 1027
16 6 798
16 6 878
16 6 1258
16 6 1261
16 6 791
16 6 852
16 6 1710
16 6 1657
16 6 1320
16 6 808
16 6 828
16 6 603
16 6 825
16 6 1241
16 6 1585
16 6 819
16 6 558
16 6 742
16 6 1394
16 6 1593
16 8 752
16 8 588
16 8 1225
16 8 1543
16 8 1234
16 8 760
16 8 555
16 8 1262
16 8 1979
16 8 1654
16 8 1350
16 8 792
16 8 581
16 8 869
16 8 1845
16 8 2201
16 8 850
16 8 709
16 8 976
16 8 1444
16 8 1284
16 8 929
16 8 774
16 8 1105
16 8 1145
16 8 579
16 10 993
16 10 708
16 10 1424
16 10 1122
16 10 977
16 10 841
16 10 716
16 10 1199
16 10 918
16 10 1214
16 10 850
16 10 853
16 10 1182
16 10 1368
16 10 1616
16 10 812
16 10 834
16 10 2749
16 10 3779
16 10 3456
16 10 3171
16 10 2895
16 10 901
16 10 595
16 10 1109
16 10 1474
16 10 1251
17 1 930
17 1 1600
17 1 680
17 1 1454
17 1 635
17 1 872
17 1 1183
17 1 623
17 1 882
17 1 813
17 1 856
17 1 1337
17 1 579
17 1 697
17 1 751
17 1 2424
17 1 864
17 1 749
17 1 1446
17 1 581
17 1 913
17 1 1127
17 1 937
17 1 903
17 1 762
17 2 850
17 2 1100
17 2 1001
17 2 823
17 2 807
17 2 839
17 2 1217
17 2 941
17 2 4765
17 2 24559
17 2 743
17 2 1323
17 2 933
17 2 784
17 2 936
17 2 1000
17 2 2548
17 2 2095
17 2 1465
17 2 1046
17 2 931
17 2 1022
17 2 1088
17 2 942
17 2 1119
17 4 1083
17 4 869
17 4 1842
17 4 1165
17 4 1899
17 4 933
17 4 1056
17 4 1282
17 4 1153
17 4 747
17 4 889
17 4 654
17 4 1349
17 4 1294
17 4 1146
17 4 770
17 4 726
17 4 1029
17 4 1061
17 4 793
17 4 893
17 4 1382
17 4 1635
17 4 1486
17 4 858
17 5 823
17 5 883
17 5 1056
17 5 1427
17 5 963
17 5 894
17 5 1321
17 5 1345
17 5 1433
17 5 992
17 5 1025
17 5 840
17 5 1163
17 5 1499
17 5 1302
17 5 889
17 5 980
17 5 1557
17 5 1563
17 5 691
17 5 897
17 5 1130
17 5 1524
17 5 1104
17 5 687
17 6 1015
17 6 778
17 6 1234
17 6 1808
17 6 987
17 6 2121
17 6 2638
17 6 2280
17 6 1947
17 6 1636
17 6 956
17 6 1754
17 6 2149
17 6 1813
17 6 2060
17 6 842
17 6 577
17 6 1694
17 6 1727
17 6 1397
17 6 815
17 6 794
17 6 1540
17 6 1144
17 6 1289
17 6 450
17 8 991
17 8 817
17 8 695
17 8 1598
17 8 1730
17 8 918
17 8 727
17 8 1743
17 8 2389
17 8 1979
17 8 2558
17 8 2031
17 8 1642
17 8 1258
17 8 1170
17 8 796
17 8 721
17 8 1387
17 8 1390
17 8 832
17 8 847
17 8 541
17 8 686
17 8 1311
17 8 1400
17 8 1025
17 10 874
17 10 1108
17 10 1499
17 10 1170
17 10 1203
17 10 1087
17 10 556
17 10 1048
17 10 1237
17 10 1063
17 10 926
17 10 932
17 10 1309
17 10 1913
17 10 1625
17 10 1355
17 10 1127
17 10 1795
17 10 1473
17 10 2668
17 10 2349
17 10 2091
17 10 1814
17 10 1031
17 10 1715
17 10 2646
17 10 2343
17 10 1938
17 10 1649
18 1 1028
18 1 1743
18 1 1128
18 1 994
18 1 911
18 1 917
18 1 1758
18 1 829
18 1 901
18 1 924
18 1 969
18 1 1055
18 1 865
18 1 797
18 1 744
18 1 1104
18 1 1987
18 1 1253
18 1 1468
18 1 932
18 1 1001
18 1 1894
18 1 1157
18 1 1140
18 1 1350
18 2 1096
18 2 1888
18 2 1980
18 2 1279
18 2 1024
18 2 849
18 2 988
18 2 1196
18 2 909
18 2 1324
18 2 991
18 2 2061
18 2 2241
18 2 1306
18 2 850
18 2 1059
18 2 1655
18 2 2559
18 2 2899
18 2 2070
18 2 1038
18 2 2203
18 2 2103
18 2 1411
18 2 1078
18 4 982
18 4 1728
18 4 2348
18 4 2171
18 4 1743
18 4 871
18 4 762
18 4 1212
18 4 1266
18 4 936
18 4 1042
18 4 1110
18 4 1857
18 4 1808
18 4 1266
18 4 974
18 4 1675
18 4 2284
18 4 1676
18 4 1697
18 4 908
18 4 1052
18 4 1637
18 4 2979
18 4 2530
18 4 2857
18 4 2194
18 4 1638
18 5 970
18 5 2108
18 5 2766
18 5 2240
18 5 1787
18 5 958
18 5 757
18 5 1339
18 5 1613
18 5 1336
18 5 1097
18 5 859
18 5 1615
18 5 1575
18 5 1338
18 5 1095
18 5 819
18 5 2258
18 5 2497
18 5 1955
18 5 1506
18 5 971
18 5 1435
18 5 2679
18 5 2268
18 5 1882
18 6 1003
18 6 1170
18 6 3687
18 6 3330
18 6 3808
18 6 3232
18 6 2757
18 6 2207
18 6 1144
18 6 1375
18 6 1576
18 6 1461
18 6 1111
18 6 719
18 6 953
18 6 925
18 6 1286
18 6 1653
18 6 1010
18 6 1054
18 6 2675
18 6 3278
18 6 2879
18 6 2536
18 6 1998
18 6 1008
18 6 1379
18 6 2553
18 6 2180
18 6 1794
18 8 1017
18 8 1781
18 8 2605
18 8 2179
18 8 1889
18 8 862
18 8 772
18 8 1535
18 8 1736
18 8 1746
18 8 897
18 8 1496
18 8 2100
18 8 1599
18 8 1555
18 8 1145
18 8 1810
18 8 1464
18 8 2611
18 8 2288
18 8 1912
18 8 1219
18 8 1405
18 8 2395
18 8 2033
18 8 1756
18 10 1044
18 10 1640
18 10 2959
18 10 2644
18 10 2394
18 10 2106
18 10 926
18 10 1126
18 10 2076
18 10 1764
18 10 1673
18 10 921
18 10 1160
18 10 2086
18 10 1938
18 10 1187
18 10 1078
18 10 1969
18 10 1687
18 10 2589
18 10 2318
18 10 2078
18 10 1608
18 10 938
18 10 1399
18 10 2614
18 10 2301
18 10 2029
18 10 1678
19 1 1139
19 1 1898
19 1 1173
19 1 1067
19 1 871
19 1 1191
19 1 974
19 1 823
19 1 1075
19 1 825
19 1 901
19 1 1564
19 1 892
19 1 918
19 1 887
19 1 974
19 1 1668
19 1 911
19 1 1687
19 1 994
19 1 1019
19 1 1843
19 1 2511
19 1 1282
19 1 878
19 2 1041
19 2 1604
19 2 1903
19 2 1529
19 2 1138
19 2 934
19 2 1461
19 2 1298
19 2 1276
19 2 945
19 2 67678
19 2 105910
19 2 100704
19 2 94919
19 2 87586
19 2 81091
19 2 73179
19 2 36469
19 2 128194
19 2 122761
19 2 115703
19 2 108593
19 2 101964
19 2 95646
19 2 97106
19 2 91130
19 2 85733
19 2 80065
19 2 119303
19 2 112805
19 2 105562
19 2 96791
19 2 89765
19 2 84319
19 4 28682
19 4 72184
19 4 65953
19 4 117891
19 4 112743
19 4 106024
19 4 98130
19 4 90914
19 4 82339
19 4 78306
19 4 137539
19 4 131478
19 4 125551
19 4 120362
19 4 114126
19 4 107085
19 4 89476
19 4 82943
19 4 76506
19 4 94762
19 4 90460
19 4 84614
19 4 78047
19 4 72650
19 4 65417
19 4 59577
19 4 36761
19 4 96237
19 4 90286
19 4 84635
19 4 93642
19 4 86714
19 4 80587
19 4 73051
19 4 66028
19 4 60131
19 4 118657
19 4 112943
19 4 107488
19 4 102265
19 4 96619
19 4 90411
19 5 34680
19 5 116964
19 5 111432
19 5 105920
19 5 100587
19 5 90975
19 5 85664
19 5 79595
19 5 133948
19 5 128838
19 5 121649
19 5 114757
19 5 109901
19 5 104338
19 5 99859
19 5 39675
19 5 78243
19 5 72385
19 5 66532
19 5 61116
19 5 55778
19 5 49985
19 5 42920
19 5 35704
19 5 31511
19 5 81291
19 5 76167
19 5 69895
19 5 161358
19 5 156746
19 5 149583
19 5 142648
19 5 136343
19 5 129956
19 5 124787
19 5 44225
19 5 87910
19 5 82484
19 5 75892
19 5 70305
19 5 64482
19 6 33033
19 6 114223
19 6 109001
19 6 102130
19 6 96429
19 6 89832
19 6 87448
19 6 81541
19 6 75994
19 6 113658
19 6 108171
19 6 100901
19 6 95924
19 6 90949
19 6 84653
19 6 80428
19 6 77476
19 6 71326
19 6 81149
19 6 77031
19 6 71091
19 6 64248
19 6 57268
19 6 49101
19 6 85633
19 6 80462
19 6 75216
19 6 68471
19 6 86316
19 6 79041
19 6 71669
19 6 66594
19 6 60600
19 6 55921
19 6 85919
19 6 80630
19 6 74980
19 6 141181
19 6 136110
19 6 129546
19 6 123955
19 6 117010
19 6 109006
19 8 61363
19 8 146131
19 8 140126
19 8 134287
19 8 129697
19 8 124380
19 8 117177
19 8 110599
19 8 96501
19 8 91038
19 8 85187
19 8 80297
19 8 115402
19 8 109121
19 8 102816
19 8 98906
19 8 93695
19 8 88559
19 8 79287
19 8 74332
19 8 138400
19 8 132978
19 8 127125
19 8 122075
19 8 115293
19 8 108586
19 8 104572
19 8 45352
19 8 105060
19 8 99604
19 8 93528
19 8 86799
19 8 79022
19 8 38993
19 8 113060
19 8 108502
19 8 103183
19 8 95247
19 10 120056
19 10 114068
19 10 108973
19 10 103742
19 10 97338
19 10 91609
19 10 58634
19 10 52504
19 10 127294
19 10 121419
19 10 115166
19 10 107886
19 10 101720
19 10 97265
19 10 90935
19 10 37840
19 10 113222
19 10 106508
19 10 100265
19 10 93324
19 10 66764
19 10 61015
19 10 127813
19 10 122592
19 10 117309
19 10 109982
19 10 103091
19 10 97905
19 10 91862
19 10 87848
19 10 44139
19 10 117780
19 10 112650
19 10 106237
19 10 98690
20 1 112737
20 1 105944
20 1 99566
20 1 92059
20 1 124079
20 1 116720
20 1 109184
20 1 102761
20 1 96422
20 1 91059
20 1 128862
20 1 121873
20 1 114567
20 1 107973
20 1 101340
20 1 95081
20 1 86909
20 1 34264
20 1 90187
20 1 82628
20 1 131493
20 1 126156
20 1 119890
20 1 113163
20 1 106103
20 1 99261
20 1 93342
20 1 48716
20 1 143099
20 1 137388
20 1 131180
20 1 124690
20 1 116849
20 1 99268
20 1 93065
20 1 85213
20 1 141205
20 1 134178
20 1 127441
20 1 121134
20 1 113382
20 1 106983
20 1 101799
20 2 38251
20 2 98179
20 2 92312
20 2 86145
20 2 124217
20 2 119336
20 2 113450
20 2 105589
20 2 100778
20 2 94859
20 2 127424
20 2 121194
20 2 114238
20 2 108031
20 2 121014
20 2 114099
20 2 105984
20 2 98922
20 2 90241
20 2 84340
20 2 159089
20 2 152403
20 2 145590
20 2 138573
20 2 131740
20 2 111524
20 2 104708
20 2 98439
20 2 139403
20 2 132551
20 2 123653
20 2 117576
20 2 110664
20 2 105340
20 4 49110
20 4 167711
20 4 161588
20 4 155096
20 4 149546
20 4 143347
20 4 134479
20 4 129045
20 4 59506
20 4 115552
20 4 110814
20 4 102835
20 4 96314
20 4 90164
20 4 33820
20 4 100722
20 4 95042
20 4 89094
20 4 82386
20 4 39422
20 4 88995
20 4 83178
20 4 76983
20 4 116271
20 4 111046
20 4 103486
20 4 96321
20 4 90052
20 4 85232
20 4 96092
20 4 90069
20 4 83454
20 4 76754
20 4 99120
20 4 91753
20 4 83911
20 4 77452
20 4 71269
20 5 43669
20 5 120006
20 5 115093
20 5 108900
20 5 102296
20 5 95034
20 5 40119
20 5 102016
20 5 96632
20 5 89593
20 5 83825
20 5 87141
20 5 81604
20 5 75501
20 5 69191
20 5 96936
20 5 89748
20 5 83127
20 5 75306
20 5 69245
20 5 64668
20 5 47728
20 5 132851
20 5 127521
20 5 121271
20 5 114316
20 5 107153
20 5 73366
20 5 68139
20 5 61779
20 5 170425
20 5 164934
20 5 156895
20 5 150140
20 5 145321
20 5 138846
20 5 116926
20 6 135523
20 6 130032
20 6 124379
20 6 117933
20 6 113310
20 6 106548
20 6 100427
20 6 93364
20 6 87183
20 6 29530
20 6 103693
20 6 98162
20 6 91876
20 6 86903
20 6 80827
20 6 75237
20 6 53492
20 6 112601
20 6 107125
20 6 100649
20 6 94836
20 6 47896
20 6 146650
20 6 140814
20 6 134687
20 6 128867
20 6 122528
20 6 115304
20 6 36358
20 6 126086
20 6 119644
20 6 113918
20 6 108903
20 6 102004
20 6 93839
20 6 87707
20 6 81943
20 8 138989
20 8 133762
20 8 128005
20 8 122344
20 8 116998
20 8 110236
20 8 103710
20 8 64570
20 8 58906
20 8 84163
20 8 78047
20 8 72708
20 8 66129
20 8 59338
20 8 52218
20 8 45574
20 8 49374
20 8 113821
20 8 108186
20 8 101640
20 8 96483
20 8 89415
20 8 83706
20 8 89790
20 8 84195
20 8 78299
20 8 122256
20 8 116870
20 8 111007
20 8 105266
20 8 99433
20 8 91535
20 8 86899
20 8 45190
20 8 116126
20 8 110458
20 8 103741
20 8 97021
20 8 90495
20 10 96736
20 10 91631
20 10 85926
20 10 79620
20 10 97141
20 10 91547
20 10 85022
20 10 79681
20 10 73846
20 10 68777
20 10 41786
20 10 103791
20 10 97993
20 10 91924
20 10 102774
20 10 96257
20 10 88574
20 10 81084
20 10 73569
20 10 69544
20 10 38539
20 10 112128
20 10 105825
20 10 98781
20 10 137532
20 10 132439
20 10 125530
20 10 120038
20 10 114416
20 10 110239
20 10 60093
20 10 119924
20 10 114630
20 10 108533
20 10 102664
20 10 96383
20 10 89472
20 10 83194
20 10 88427
20 10 83457
20 10 77437
20 10 70052
20 10 134792
20 10 128411
20 10 121928
20 10 114443
20 10 107005
20 10 101387
21 1 35853
21 1 108262
21 1 101440
21 1 95069
21 1 139940
21 1 132606
21 1 125781
21 1 118366
21 1 111624
21 1 106440
21 1 128244
21 1 121774
21 1 114848
21 1 107393
21 1 162957
21 1 155228
21 1 148149
21 1 140296
21 1 134268
21 1 126764
21 1 44545
21 1 112061
21 1 106721
21 1 100774
21 1 161440
21 1 156451
21 1 149864
21 1 141925
21 1 135994
21 1 130269
21 1 67951
21 1 146574
21 1 140713
21 1 135529
21 1 128416
21 1 121238
21 1 114737
21 1 62946
21 1 136069
21 1 130466
21 1 123020
21 1 115742
21 1 106755
21 1 100443
21 2 72559
21 2 65717
21 2 177192
21 2 170764
21 2 164879
21 2 157634
21 2 150293
21 2 144963
21 2 139236
21 2 134675
21 2 41653
21 2 154465
21 2 148302
21 2 141893
21 2 135051
21 2 128792
21 2 121864
21 2 116400
21 2 110322
21 2 103970
21 2 142636
21 2 136158
21 2 130155
21 2 122067
21 2 162434
21 2 156439
21 2 148958
21 2 140841
21 2 134981
21 2 128551
21 2 95729
21 2 205086
21 2 199188
21 2 193101
21 2 186822
21 2 179606
21 2 172627
21 2 166271
21 2 157462
21 2 152242
21 4 48923
21 4 135113
21 4 128247
21 4 121394
21 4 112912
21 4 107115
21 4 101641
21 4 95512
21 4 88445
21 4 82985
21 4 109218
21 4 102238
21 4 203872
21 4 195806
21 4 190526
21 4 182383
21 4 175692
21 4 169690
21 4 162749
21 4 157243
21 4 68805
21 4 63785
21 4 90349
21 4 84776
21 4 78584
21 4 71654
21 4 64552
21 4 58381
21 4 52951
21 4 133419
21 4 127076
21 4 121574
21 4 114865
21 4 110054
21 4 103643
21 5 101495
21 5 95245
21 5 89059
21 5 114442
21 5 109429
21 5 103075
21 5 96088
21 5 89818
21 5 83116
21 5 78212
21 5 82190
21 5 75867
21 5 122087
21 5 115895
21 5 109927
21 5 102609
21 5 96709
21 5 92190
21 5 85125
21 5 76868
21 5 71831
21 5 141238
21 5 136445
21 5 130547
21 5 124184
21 5 116398
21 5 110616
21 5 103877
21 5 99548
21 5 36480
21 5 134614
21 5 128649
21 5 121755
21 5 114887
21 5 108927
21 5 102491
21 5 97293
21 5 89345
21 5 49058
21 5 139714
21 5 134488
21 5 128346
21 5 123065
21 5 116358
21 6 66096
21 6 59921
21 6 131679
21 6 125735
21 6 119643
21 6 113210
21 6 105942
21 6 100425
21 6 57777
21 6 51094
21 6 145337
21 6 138625
21 6 132695
21 6 124865
21 6 117854
21 6 55793
21 6 147741
21 6 141645
21 6 135686
21 6 129075
21 6 122631
21 6 116585
21 6 111097
21 6 105896
21 6 54469
21 6 129438
21 6 124200
21 6 118310
21 6 113284
21 6 107608
21 6 58538
21 6 145542
21 6 139801
21 6 132829
21 6 126940
21 6 119475
21 6 113171
21 8 54704
21 8 122439
21 8 116969
21 8 110555
21 8 104477
21 8 97006
21 8 105690
21 8 100156
21 8 94277
21 8 87788
21 8 92152
21 8 87029
21 8 80151
21 8 73270
21 8 66029
21 8 59885
21 8 35997
21 8 106268
21 8 101426
21 8 95835
21 8 90846
21 8 130302
21 8 124213
21 8 119443
21 8 111919
21 8 107252
21 8 101464
21 8 85754
21 8 80769
21 8 75108
21 8 141523
21 8 134752
21 8 127431
21 8 120614
21 8 116527
21 8 109633
21 8 105375
21 10 99484
21 10 94059
21 10 88017
21 10 125497
21 10 119312
21 10 112325
21 10 107216
21 10 100628
21 10 95201
21 10 95024
21 10 89433
21 10 155539
21 10 150309
21 10 144411
21 10 137815
21 10 130961
21 10 125363
21 10 118898
21 10 114035
21 10 35835
21 10 102335
21 10 96252
21 10 90072
21 10 82318
21 10 87145
21 10 81115
21 10 103430
21 10 98103
21 10 92799
21 10 87694
21 10 81959
21 10 74073
21 10 52853
21 10 47215
21 10 119539
21 10 113074
21 10 106389
21 10 99682
22 1 68590
22 1 207718
22 1 200820
22 1 192867
22 1 184820
22 1 175595
22 1 168605
22 1 60099
22 1 178766
22 1 171930
22 1 164106
22 1 154940
22 1 85569
22 1 77727
22 1 168855
22 1 162459
22 1 154723
22 1 147187
22 1 139010
22 1 130530
22 1 103988
22 1 220970
22 1 212794
22 1 206039
22 1 198364
22 1 189664
22 1 182706
22 1 173808
22 1 167463
22 2 139710
22 2 133743
22 2 128008
22 2 120826
22 2 114399
22 2 59647
22 2 138405
22 2 133267
22 2 126243
22 2 119156
22 2 112219
22 2 106428
22 2 82032
22 2 50228
22 2 134019
22 2 128225
22 2 120926
22 2 114173
22 2 106336
22 2 128941
22 2 123452
22 2 118323
22 2 111565
22 2 164048
22 2 158723
22 2 153612
22 2 148430
22 2 141409
22 2 136134
22 4 69619
22 4 63377
22 4 131249
22 4 124378
22 4 118851
22 4 111378
22 4 104626
22 4 98318
22 4 43379
22 4 129725
22 4 124808
22 4 118005
22 4 111623
22 4 104528
22 4 120319
22 4 115079
22 4 109142
22 4 103675
22 4 117080
22 4 112060
22 4 104768
22 4 99938
22 4 92769
22 4 87834
22 4 87140
22 4 135935
22 4 129760
22 4 123359
22 4 117668
22 4 111890
22 4 106115
22 4 100040
22 4 93878
22 4 89087
22 4 36511
22 4 123974
22 4 118592
22 4 112010
22 4 106155
22 4 99233
22 5 55689
22 5 150398
22 5 143816
22 5 137301
22 5 130613
22 5 124987
22 5 118740
22 5 94976
22 5 53647
22 5 122943
22 5 117239
22 5 111177
22 5 104232
22 5 97691
22 5 71420
22 5 187329
22 5 181783
22 5 174737
22 5 170299
22 5 163178
22 5 156784
22 5 151252
22 5 145884
22 5 141283
22 5 84220
22 5 78719
22 5 148652
22 5 143696
22 5 138036
22 5 131187
22 5 126030
22 5 119696
22 5 114157
22 5 108970
22 5 69851
22 5 64492
22 5 147322
22 5 142199
22 5 136300
22 5 128537
22 5 121695
22 5 116449
22 5 109945
22 5 104618
22 6 40158
22 6 113448
22 6 108067
22 6 102062
22 6 95670
22 6 89259
22 6 154449
22 6 148513
22 6 139808
22 6 131981
22 6 126632
22 6 121293
22 6 115631
22 6 109423
22 6 104536
22 6 59225
22 6 53083
22 6 144414
22 6 138553
22 6 132258
22 6 123332
22 6 118656
22 6 113881
22 6 106812
22 6 121310
22 6 114691
22 6 109185
22 6 102937
22 6 146568
22 6 141905
22 6 136579
22 6 130782
22 6 126100
22 6 90428
22 6 84530
22 6 123518
22 6 117687
22 6 111974
22 6 105027
22 6 97356
22 6 91014
22 6 85327
22 6 80609
22 8 117523
22 8 111012
22 8 104788
22 8 99080
22 8 109089
22 8 102919
22 8 97105
22 8 91145
22 8 85485
22 8 105262
22 8 99036
22 8 137783
22 8 131035
22 8 124875
22 8 119455
22 8 113026
22 8 143088
22 8 137208
22 8 131050
22 8 123840
22 8 117029
22 8 109410
22 8 107381
22 8 101122
22 8 95181
22 8 88345
22 8 90032
22 8 84950
22 8 79564
22 8 74040
22 8 65535
22 8 59819
22 8 85848
22 8 144076
22 8 137141
22 8 131932
22 8 125311
22 8 118083
22 8 113009
22 8 107010
22 8 100761
22 8 95984
22 10 106564
22 10 101303
22 10 94157
22 10 104953
22 10 100126
22 10 94635
22 10 88574
22 10 80415
22 10 75675
22 10 54576
22 10 158251
22 10 152043
22 10 144672
22 10 136144
22 10 127851
22 10 120432
22 10 81909
22 10 165512
22 10 159565
22 10 151718
22 10 146725
22 10 140344
22 10 132564
22 10 126657
22 10 117582
22 10 111064
22 10 84221
22 10 158758
22 10 152219
22 10 144203
22 10 137746
22 10 131603
22 10 127022
22 10 120793
22 10 112485
23 1 55888
23 1 183556
23 1 176036
23 1 168292
23 1 160495
23 1 33143
23 1 126027
23 1 119650
23 1 113336
23 1 106493
23 1 189726
23 1 183133
23 1 176039
23 1 169527
23 1 161618
23 1 154240
23 1 148134
23 1 140686
23 1 83418
23 1 133210
23 1 125502
23 1 118903
23 1 112899
23 1 105676
23 1 99571
23 1 91404
23 1 84379
23 2 126016
23 2 120276
23 2 128391
23 2 122773
23 2 116574
23 2 42979
23 2 138802
23 2 132981
23 2 125579
23 2 118995
23 2 113809
23 2 108472
23 2 43541
23 2 135497
23 2 129951
23 2 122839
23 2 113684
23 2 107227
23 2 134566
23 2 128546
23 2 123033
23 2 115825
23 2 109196
23 2 131426
23 2 125778
23 2 119572
23 2 136591
23 2 131521
23 2 122776
23 2 114974
23 2 108649
23 2 100720
23 2 95009
23 4 47752
23 4 156147
23 4 150497
23 4 143384
23 4 137491
23 4 131053
23 4 126084
23 4 46426
23 4 143167
23 4 136860
23 4 130434
23 4 122494
23 4 138265
23 4 133244
23 4 126639
23 4 119959
23 4 142365
23 4 135674
23 4 130743
23 4 125226
23 4 117796
23 4 112161
23 4 147338
23 4 141832
23 4 134637
23 4 136180
23 4 130567
23 4 125329
23 4 119530
23 4 113228
23 4 107468
23 4 115510
23 4 109702
23 4 103948
23 4 98003
23 4 126935
23 4 121702
23 4 115952
23 4 110788
23 4 104262
23 4 99346
23 5 126920
23 5 120483
23 5 113514
23 5 106888
23 5 125569
23 5 121422
23 5 115371
23 5 109865
23 5 105081
23 5 47256
23 5 168082
23 5 162441
23 5 155223
23 5 149890
23 5 142178
23 5 136455
23 5 130837
23 5 123773
23 5 119082
23 5 51500
23 5 135813
23 5 130257
23 5 123504
23 5 116871
23 5 109758
23 5 104239
23 5 99363
23 5 90335
23 5 83772
23 5 131084
23 5 124915
23 5 119403
23 5 113704
23 5 108231
23 5 103146
23 5 97916
23 5 93452
23 5 102283
23 5 96338
23 5 143515
23 5 136938
23 5 132621
23 5 124539
23 5 118448
23 5 112814
23 5 107088
23 5 102381
23 6 74707
23 6 69200
23 6 141797
23 6 135818
23 6 129931
23 6 123277
23 6 117298
23 6 112369
23 6 105742
23 6 100512
23 6 76955
23 6 70791
23 6 98372
23 6 93582
23 6 87928
23 6 81874
23 6 74885
23 6 69307
23 6 62006
23 6 114234
23 6 108071
23 6 103276
23 6 95944
23 6 89670
23 6 46203
23 6 116331
23 6 109940
23 6 102830
23 6 96891
23 6 91099
23 6 85539
23 6 80573
23 6 73223
23 6 72330
23 6 66077
23 6 143707
23 6 137911
23 6 131357
23 6 124402
23 6 119117
23 6 114455
23 6 107412
23 6 102305
23 8 144353
23 8 137964
23 8 131454
23 8 125148
23 8 119630
23 8 112672
23 8 138992
23 8 132372
23 8 172502
23 8 166129
23 8 161164
23 8 154185
23 8 147732
23 8 141386
23 8 134439
23 8 128986
23 8 44616
23 8 129544
23 8 123479
23 8 116560
23 8 110688
23 8 104756
23 8 99891
23 8 95003
23 8 87505
23 8 82847
23 8 105292
23 8 99186
23 8 92442
23 8 143792
23 8 138430
23 8 132207
23 8 125679
23 8 119886
23 8 111774
23 8 107156
23 8 92238
23 8 85967
23 8 110784
23 8 103924
23 8 98478
23 8 90769
23 8 84430
23 8 77796
23 8 70170
23 8 64545
23 10 193884
23 10 185011
23 10 174419
23 10 163944
23 10 154683
23 10 148526
23 10 141956
23 10 135913
23 10 129676
23 10 127382
23 10 120289
23 10 114370
23 10 106904
23 10 99528
23 10 92974
23 10 105634
23 10 164644
23 10 157543
23 10 151980
23 10 145505
23 10 137580
23 10 129383
23 10 122654
23 10 114363
23 10 107880
23 10 97019
23 10 90551
23 10 123112
23 10 116280
23 10 110617
23 10 103949
23 10 97293
23 10 91153
23 10 83817
23 10 76797
24 1 94469
24 1 144640
24 1 138883
24 1 132132
24 1 124822
24 1 118136
24 1 111523
24 1 105311
24 1 99694
24 1 75574
24 1 166296
24 1 159383
24 1 151783
24 1 143366
24 1 135876
24 1 129164
24 1 122075
24 1 116131
24 1 109534
24 1 37148
24 1 140216
24 1 133451
24 1 125613
24 1 119412
24 1 78864
24 1 71658
24 1 163676
24 1 156226
24 1 150165
24 1 142909
24 1 136945
24 1 129608
24 1 83463
24 1 76658
24 1 161703
24 1 155121
24 1 147473
24 1 139557
24 1 132775
24 1 125109
24 1 119056
24 2 119726
24 2 114787
24 2 157419
24 2 152296
24 2 145974
24 2 138824
24 2 132026
24 2 124716
24 2 117203
24 2 111876
24 2 89709
24 2 83063
24 2 141843
24 2 135496
24 2 127985
24 2 120751
24 2 114313
24 2 108236
24 2 101315
24 2 96287
24 2 133059
24 2 126459
24 2 185641
24 2 180341
24 2 172406
24 2 166186
24 2 159408
24 2 151799
24 2 145915
24 2 138264
24 2 131297
24 2 122430
24 2 161022
24 2 155209
24 2 149252
24 2 143033
24 2 136561
24 2 132192
24 2 193879
24 2 187727
24 2 182044
24 2 174129
24 2 166878
24 2 158364
24 2 151025
24 4 130464
24 4 124203
24 4 117776
24 4 111237
24 4 103797
24 4 59523
24 4 150464
24 4 144777
24 4 137557
24 4 131339
24 4 124874
24 4 118672
24 4 113502
24 4 106963
24 4 130753
24 4 124401
24 4 117663
24 4 110578
24 4 103672
24 4 122651
24 4 115871
24 4 144659
24 4 140571
24 4 133430
24 4 126297
24 4 118837
24 4 111832
24 4 105970
24 4 98287
24 4 92674
24 4 144156
24 4 138207
24 4 132754
24 4 125809
24 4 118754
24 4 111859
24 4 103255
24 4 98235
24 5 63507
24 5 123841
24 5 118897
24 5 114147
24 5 108434
24 5 101209
24 5 94962
24 5 88230
24 5 80966
24 5 75840
24 5 121568
24 5 114794
24 5 108601
24 5 166072
24 5 158057
24 5 150586
24 5 144407
24 5 137471
24 5 131011
24 5 79372
24 5 140742
24 5 136282
24 5 130567
24 5 125879
24 5 119313
24 5 115000
24 5 67127
24 5 192978
24 5 186528
24 5 178820
24 5 170332
24 5 161622
24 5 155931
24 6 140203
24 6 133474
24 6 153959
24 6 145497
24 6 141348
24 6 133577
24 6 127098
24 6 119758
24 6 112817
24 6 104845
24 6 138747
24 6 133717
24 6 127259
24 6 171217
24 6 166179
24 6 159088
24 6 152265
24 6 145928
24 6 138893
24 6 132888
24 6 142522
24 6 135468
24 6 128354
24 6 154458
24 6 148729
24 6 142115
24 6 135737
24 6 127849
24 6 121043
24 6 131408
24 6 124874
24 6 119013
24 6 111001
24 6 105842
24 8 72788
24 8 172585
24 8 166511
24 8 159824
24 8 154470
24 8 147236
24 8 140991
24 8 134795
24 8 126718
24 8 133652
24 8 126867
24 8 118750
24 8 113606
24 8 107687
24 8 823
24 8 999
24 8 1741
24 8 1067
24 8 903
