user speed delay
1 1 1555
1 1 419
1 1 418
1 1 403
1 1 431
1 1 1540
1 1 425
1 1 444
1 1 410
1 1 529
1 1 1530
1 1 429
1 1 416
1 1 426
1 1 431
1 1 1536
1 1 430
1 1 416
1 1 409
1 1 524
1 1 1565
1 1 436
1 1 432
1 1 406
1 1 412
1 2 1472
1 2 442
1 2 976
1 2 846
1 2 301
1 2 2365
1 2 692
1 2 535
1 2 410
1 2 417
1 2 1555
1 2 491
1 2 421
1 2 410
1 2 446
1 2 1534
1 2 515
1 2 430
1 2 424
1 2 434
1 3 1605
1 3 469
1 3 423
1 3 434
1 3 526
1 3 1566
1 3 435
1 3 418
1 3 436
1 3 451
1 3 1596
1 3 445
1 3 428
1 3 445
1 3 468
1 3 1588
1 3 444
1 3 426
1 3 435
1 3 466
1 3 1540
1 3 437
1 3 421
1 3 449
1 3 419
1 4 1529
1 4 618
1 4 323
1 4 446
1 4 546
1 4 1576
1 4 702
1 4 335
1 4 435
1 4 423
1 4 1530
1 4 620
1 4 875
1 4 561
1 4 464
1 4 1624
1 4 449
1 4 452
1 4 560
1 4 466
1 4 1590
1 4 649
1 4 263
1 4 414
1 4 527
1 5 1743
1 5 633
1 5 305
1 5 417
1 5 583
1 5 1563
1 5 759
1 5 412
1 5 420
1 5 618
1 5 1553
1 5 631
1 5 289
1 5 425
1 5 579
1 5 1564
1 5 668
1 5 340
1 5 474
1 5 423
1 5 1587
1 5 656
1 5 332
1 5 472
1 5 427
1 6 1578
1 6 1003
1 6 788
1 6 988
1 6 759
1 6 558
1 6 1594
1 6 447
1 6 430
1 6 606
1 6 400
1 6 1566
1 6 632
1 6 302
1 6 472
1 6 670
1 6 455
1 6 1569
1 6 623
1 6 323
1 6 493
1 6 687
1 6 478
1 7 1642
1 7 631
1 7 370
1 7 565
1 7 382
1 7 1845
1 7 510
1 7 501
1 7 308
1 7 428
1 7 239
1 7 1802
1 7 451
1 7 435
1 7 244
1 7 609
1 7 411
1 7 235
1 7 1822
1 7 512
1 7 506
1 7 304
1 7 615
1 7 429
1 7 249
1 7 1815
1 7 503
1 7 681
1 7 477
1 7 295
1 8 1985
1 8 662
1 8 476
1 8 276
1 8 503
1 8 332
1 8 1636
1 8 443
1 8 608
1 8 400
1 8 446
1 8 276
1 8 1641
1 8 639
1 8 454
1 8 254
1 8 503
1 8 328
1 8 1642
1 8 652
1 8 452
1 8 262
1 8 499
1 8 305
1 8 1537
1 8 686
1 8 457
1 8 278
1 8 509
1 8 324
1 9 1777
1 9 623
1 9 423
1 9 650
1 9 493
1 9 342
1 9 1561
1 9 680
1 9 464
1 9 292
1 9 584
1 9 435
1 9 1665
1 9 617
1 9 366
1 9 617
1 9 463
1 9 304
1 9 1566
1 9 637
1 9 387
1 9 606
1 9 453
1 9 292
1 10 1582
1 10 630
1 10 481
1 10 338
1 10 616
1 10 475
1 10 326
1 10 1566
1 10 752
1 10 532
1 10 378
1 10 406
1 10 262
1 10 1565
1 10 620
1 10 352
1 10 615
1 10 471
1 10 316
1 10 1551
1 10 619
1 10 467
1 10 840
1 10 655
1 10 488
1 10 1561
1 10 665
1 10 418
1 10 656
1 10 503
1 10 341
2 1 23
2 1 523
2 1 609
2 1 409
2 1 437
2 1 425
2 1 552
2 1 626
2 1 577
2 1 399
2 1 610
2 1 524
2 1 462
2 1 403
2 1 404
2 1 412
2 1 8738
2 1 3081
2 1 2016
2 1 968
2 1 537
2 2 509
2 2 427
2 2 520
2 2 407
2 2 408
2 2 509
2 2 442
2 2 556
2 2 396
2 2 403
2 2 533
2 2 470
2 2 511
2 2 419
2 2 403
2 2 564
2 2 610
2 2 529
2 2 406
2 2 399
2 2 561
2 2 441
2 2 469
2 2 594
2 2 596
2 3 550
2 3 440
2 3 461
2 3 491
2 3 408
2 3 657
2 3 547
2 3 414
2 3 446
2 3 474
2 3 537
2 3 437
2 3 455
2 3 477
2 3 739
2 3 540
2 3 425
2 3 542
2 3 571
2 3 436
2 3 547
2 3 424
2 3 442
2 3 460
2 3 493
2 4 550
2 4 509
2 4 397
2 4 792
2 4 492
2 4 525
2 4 464
2 4 545
2 4 765
2 4 456
2 4 536
2 4 542
2 4 411
2 4 782
2 4 477
2 4 536
2 4 512
2 4 403
2 4 531
2 4 426
2 5 510
2 5 563
2 5 711
2 5 458
2 5 402
2 5 522
2 5 564
2 5 510
2 5 699
2 5 448
2 5 523
2 5 584
2 5 618
2 5 366
2 5 531
2 5 568
2 5 487
2 5 604
2 5 563
2 5 788
2 5 535
2 5 554
2 5 534
2 5 615
2 5 357
2 5 735
2 6 540
2 6 602
2 6 622
2 6 405
2 6 614
2 6 538
2 6 604
2 6 624
2 6 401
2 6 612
2 6 591
2 6 431
2 6 810
2 6 593
2 6 614
2 6 400
2 6 529
2 6 610
2 6 629
2 6 411
2 6 628
2 6 539
2 6 603
2 6 618
2 6 399
2 6 601
2 7 585
2 7 633
2 7 649
2 7 452
2 7 270
2 7 648
2 7 764
2 7 506
2 7 462
2 7 688
2 7 492
2 7 299
2 7 545
2 7 631
2 7 620
2 7 407
2 7 647
2 7 455
2 7 530
2 7 564
2 7 660
2 7 412
2 7 603
2 8 526
2 8 653
2 8 470
2 8 615
2 8 450
2 8 286
2 8 551
2 8 646
2 8 464
2 8 488
2 8 314
2 8 524
2 8 652
2 8 468
2 8 598
2 8 427
2 8 258
2 8 558
2 8 577
2 8 379
2 8 393
2 8 413
2 8 235
2 8 547
2 8 661
2 8 477
2 8 493
2 8 323
2 9 562
2 9 281
2 9 476
2 9 620
2 9 461
2 9 313
2 9 561
2 9 491
2 9 308
2 9 441
2 9 488
2 9 288
2 9 555
2 9 298
2 9 489
2 9 532
2 9 367
2 9 526
2 9 642
2 9 460
2 9 690
2 9 526
2 9 370
2 9 567
2 9 666
2 9 491
2 9 635
2 9 471
2 9 323
2 10 561
2 10 311
2 10 498
2 10 350
2 10 601
2 10 452
2 10 526
2 10 271
2 10 491
2 10 611
2 10 453
2 10 310
2 10 546
2 10 292
2 10 518
2 10 358
2 10 407
2 10 264
2 10 633
2 10 384
2 10 592
2 10 439
2 10 638
2 10 489
2 10 343
2 10 534
2 10 294
2 10 528
2 10 361
2 10 593
2 10 438
5 1 765
5 1 546
5 1 536
5 1 546
5 1 524
5 1 814
5 1 595
5 1 565
5 1 511
5 1 481
5 1 783
5 1 612
5 1 562
5 1 524
5 1 489
5 1 765
5 1 588
5 1 530
5 1 526
5 1 510
5 1 787
5 1 598
5 1 595
5 1 509
5 1 495
5 2 790
5 2 908
5 2 509
5 2 553
5 2 419
5 2 758
5 2 672
5 2 560
5 2 616
5 2 579
5 2 762
5 2 752
5 2 583
5 2 616
5 2 484
5 2 747
5 2 585
5 2 712
5 2 563
5 2 457
5 2 818
5 2 673
5 2 481
5 2 484
5 2 516
5 3 722
5 3 600
5 3 625
5 3 660
5 3 447
5 3 761
5 3 646
5 3 441
5 3 499
5 3 472
5 3 560
5 3 645
5 3 647
5 3 438
5 3 487
5 3 757
5 3 646
5 3 469
5 3 476
5 3 485
5 3 212
5 3 515
5 3 531
5 3 567
5 3 574
5 4 808
5 4 461
5 4 682
5 4 351
5 4 443
5 4 757
5 4 704
5 4 377
5 4 460
5 4 748
5 4 436
5 4 814
5 4 640
5 4 899
5 4 564
5 4 696
5 4 365
5 4 796
5 4 714
5 4 381
5 4 437
5 4 544
5 4 782
5 4 611
5 4 728
5 4 429
5 4 547
5 5 743
5 5 954
5 5 687
5 5 802
5 5 548
5 5 787
5 5 766
5 5 491
5 5 604
5 5 745
5 5 494
5 5 770
5 5 751
5 5 486
5 5 615
5 5 722
5 5 465
5 5 602
5 5 517
5 5 627
5 5 774
5 5 524
5 5 740
5 5 749
5 5 489
5 5 599
5 5 1370
5 5 1119
5 6 778
5 6 772
5 6 542
5 6 758
5 6 539
5 6 766
5 6 790
5 6 562
5 6 774
5 6 551
5 6 794
5 6 678
5 6 819
5 6 569
5 6 772
5 6 561
5 6 569
5 6 565
5 6 742
5 6 533
5 6 1537
5 6 1298
5 6 582
5 6 598
5 6 740
5 6 514
5 6 703
5 6 487
5 7 565
5 7 587
5 7 695
5 7 444
5 7 627
5 7 760
5 7 809
5 7 601
5 7 833
5 7 628
5 7 442
5 7 747
5 7 788
5 7 588
5 7 788
5 7 583
5 7 393
5 7 806
5 7 819
5 7 605
5 7 806
5 7 595
5 7 669
5 7 735
5 7 526
5 7 744
5 7 555
5 7 356
5 8 799
5 8 839
5 8 645
5 8 475
5 8 724
5 8 537
5 8 834
5 8 853
5 8 630
5 8 848
5 8 612
5 8 433
5 8 784
5 8 841
5 8 645
5 8 475
5 8 653
5 8 465
5 8 783
5 8 781
5 8 533
5 8 698
5 8 481
5 8 784
5 8 821
5 8 621
5 8 434
5 8 629
5 8 447
5 9 795
5 9 681
5 9 827
5 9 634
5 9 471
5 9 776
5 9 852
5 9 674
5 9 481
5 9 677
5 9 1229
5 9 1318
5 9 1138
5 9 980
5 9 820
5 9 660
5 9 751
5 9 831
5 9 648
5 9 482
5 9 890
5 9 711
5 9 505
5 9 765
5 9 688
5 9 509
5 9 324
5 9 721
5 9 510
5 10 807
5 10 848
5 10 671
5 10 498
5 10 978
5 10 812
5 10 644
5 10 482
5 10 338
5 10 596
5 10 688
5 10 514
5 10 590
5 10 435
5 10 762
5 10 793
5 10 588
5 10 430
5 10 664
5 10 491
5 10 308
5 10 552
5 10 576
5 10 387
5 10 642
5 10 463
5 10 825
5 10 523
5 10 691
5 10 522
5 10 830
5 10 661
5 10 489
10 1 980
10 1 713
10 1 773
10 1 849
10 1 808
10 1 1083
10 1 744
10 1 795
10 1 758
10 1 695
10 1 1196
10 1 611
10 1 764
10 1 727
10 1 733
10 1 1090
10 1 784
10 1 1506
10 1 973
10 1 708
10 1 957
10 1 724
10 1 540
10 1 676
10 1 734
10 2 738
10 2 682
10 2 748
10 2 725
10 2 730
10 2 1047
10 2 742
10 2 857
10 2 844
10 2 871
10 2 1095
10 2 729
10 2 703
10 2 785
10 2 838
10 2 1337
10 2 972
10 2 1091
10 2 700
10 2 1001
10 2 743
10 2 672
10 2 654
10 2 515
10 2 525
10 3 1369
10 3 3038
10 3 3267
10 3 2875
10 3 2483
10 3 2033
10 3 1628
10 3 1233
10 3 1194
10 3 841
10 3 991
10 3 755
10 3 372
10 3 1152
10 3 636
10 3 790
10 3 910
10 3 789
10 3 1456
10 3 1248
10 3 1380
10 3 1561
10 3 2396
10 3 976
10 3 729
10 3 339
10 3 372
10 3 574
10 4 1031
10 4 683
10 4 663
10 4 881
10 4 1190
10 4 1228
10 4 1109
10 4 709
10 4 819
10 4 1820
10 4 878
10 4 700
10 4 1082
10 4 1094
10 4 1818
10 4 1502
10 5 1636
10 5 1428
10 5 1584
10 5 2026
10 5 3163
10 5 2825
10 5 1588
10 5 1724
10 5 1384
10 5 1884
10 5 1364
10 5 1266
10 5 1076
10 5 1234
10 5 937
10 5 1257
10 5 970
10 5 662
10 6 1350
10 6 1273
10 6 1663
10 6 1413
10 6 1919
10 6 1169
10 6 1340
10 6 1419
10 6 2499
10 6 1981
10 6 1423
10 6 1414
10 6 1144
10 6 1503
10 6 1959
10 6 1647
10 6 4058
10 6 3697
10 6 3406
10 6 3148
10 6 2835
10 6 673
10 6 594
10 6 750
10 6 530
10 6 709
10 6 416
10 7 2811
10 7 1717
10 7 5824
10 7 6614
10 7 6056
10 7 5795
10 7 5442
10 7 2762
10 7 11193
10 7 9934
10 7 9004
10 7 8458
10 7 7551
10 7 897
10 7 830
10 7 613
10 7 809
10 7 599
10 7 407
10 8 1367
10 8 1148
10 8 899
10 8 10157
10 8 9958
10 8 9703
10 8 9439
10 8 1807
10 8 5825
10 8 5543
10 8 5302
10 8 5105
10 8 4910
10 8 4731
10 8 4415
10 8 4155
10 8 3629
10 8 997
10 8 835
10 8 1786
10 8 1401
10 8 1475
10 8 1641
10 8 1178
10 8 903
10 8 1586
10 8 2114
10 8 1716
10 8 778
10 8 824
10 8 627
10 8 445
10 8 663
10 8 475
10 8 301
10 9 1316
10 9 1121
10 9 919
10 9 1449
10 9 2124
10 9 1775
10 9 1580
10 9 1357
10 9 1121
10 9 1278
10 9 1421
10 9 1189
10 9 966
10 9 1218
10 9 1128
10 9 1207
10 9 1020
10 9 1531
10 9 1284
10 9 1102
10 9 1487
10 9 1162
10 9 949
10 9 1384
10 9 2061
10 9 1665
10 9 814
10 9 805
10 9 541
10 9 721
10 9 527
10 10 1512
10 10 1882
10 10 2142
10 10 2842
10 10 2389
10 10 1665
10 10 1466
10 10 1066
10 10 998
10 10 1479
10 10 1616
10 10 1412
10 10 1661
10 10 2298
10 10 2734
10 10 1506
10 10 1598
10 10 1354
10 10 1618
10 10 1885
20 1 31635
20 1 9838
20 1 12953
20 1 12078
20 1 13779
20 1 1218
20 1 749
20 1 684
20 1 828
20 1 633
20 2 7097
20 2 12103
20 2 16476
20 2 20017
20 2 14102
20 2 3467
20 2 10661
20 2 10444
20 2 11372
20 2 16059
20 2 1189
20 2 675
20 2 825
20 2 648
20 2 664
20 2 15429
20 2 8653
20 2 15969
20 2 12660
20 2 15560
20 2 11797
20 3 3629
20 3 6318
20 3 9070
20 3 10173
20 3 12744
20 3 20827
20 3 15619
20 3 16841
20 3 17049
20 3 25066
20 3 19398
20 3 4299
20 3 3278
20 3 8659
20 3 8621
20 3 8262
20 3 6452
20 3 9959
20 3 10631
20 3 15927
20 3 13072
20 4 12621
20 4 26109
20 4 20785
20 4 21006
20 4 16440
20 4 5809
20 4 9391
20 4 15349
20 4 11814
20 4 13584
20 5 11369
20 5 11360
20 5 14077
20 5 13730
20 5 18076
20 5 14773
20 5 24867
20 5 5005
20 5 4186
20 5 4650
20 5 6428
20 6 29840
20 6 7033
20 6 6532
20 6 4877
20 6 21710
20 7 3404
20 7 1321
20 7 4360
20 7 9557
20 7 9602
20 7 55092
20 7 25119
20 7 18022
20 7 15364
20 7 19005
20 8 17766
20 8 25620
20 8 23524
20 8 15869
20 8 18609
20 8 4845
20 8 5088
20 8 10311
20 8 9936
20 8 12306
20 9 8448
20 9 10643
20 9 12546
20 9 14186
20 9 18155
20 9 57949
20 9 12047
20 9 12630
20 9 14434
20 9 12934
20 10 32906
20 10 5329
20 10 9698
20 10 6900
20 10 5242
30 1 30318
30 1 23894
30 1 15962
30 1 16532
30 1 13195
30 2 63968
30 2 30086
30 2 19480
30 2 7280
30 2 9797
30 2 65220
30 2 39748
30 2 24816
30 2 7328
30 2 15969
30 2 10702
