user speed delay
1 1 1320
1 1 1219
1 1 1141
1 1 1108
1 1 1279
1 2 1352
1 2 709
1 2 1146
1 2 582
1 2 1295
1 2 723
1 4 1248
1 4 848
1 4 511
1 4 1205
1 4 879
1 4 541
1 5 1411
1 5 1063
1 5 760
1 5 479
1 5 1234
1 5 941
1 5 653
1 5 370
1 6 1390
1 6 1086
1 6 836
1 6 587
1 6 1390
1 6 1143
1 6 911
1 6 658
1 6 425
1 8 1431
1 8 1157
1 8 942
1 8 729
1 8 518
1 10 1226
1 10 976
1 10 785
1 10 594
1 10 423
1 10 247
5 1 1341
5 1 1289
5 1 1216
5 1 1218
5 1 1206
5 2 1364
5 2 705
5 2 1220
5 2 640
5 2 1347
5 2 771
5 4 1401
5 4 994
5 4 665
5 4 345
5 4 1072
5 4 735
5 4 405
5 5 1304
5 5 944
5 5 678
5 5 369
5 5 1173
5 5 869
5 5 583
5 5 284
5 6 1270
5 6 917
5 6 682
5 6 435
5 6 1206
5 6 952
5 6 703
5 6 438
5 8 1399
5 8 1092
5 8 864
5 8 655
5 8 463
5 10 1403
5 10 1124
5 10 941
5 10 750
5 10 568
5 10 384
10 1 1287
10 1 1280
10 1 1286
10 1 1365
10 1 1340
10 2 1498
10 2 821
10 2 1321
10 2 736
10 2 1244
10 2 662
10 4 1487
10 4 1078
10 4 744
10 4 1423
10 4 1065
10 4 725
10 5 1444
10 5 1051
10 5 757
10 5 489
10 5 1343
10 5 1055
10 5 766
10 5 466
10 6 1521
10 6 1152
10 6 916
10 6 670
10 6 1440
10 6 1170
10 6 919
10 6 680
10 8 1463
10 8 1163
10 8 938
10 8 747
10 8 538
10 10 1343
10 10 1055
10 10 892
10 10 726
10 10 549
10 10 353
15 1 1497
15 1 1478
15 1 1217
15 1 1327
15 1 1374
15 2 1486
15 2 810
15 2 1485
15 2 886
15 2 1398
15 2 815
15 4 1523
15 4 1094
15 4 762
15 4 1241
15 4 899
15 4 544
15 5 1420
15 5 1031
15 5 737
15 5 435
15 5 1338
15 5 1056
15 5 750
15 5 457
15 6 1575
15 6 1220
15 6 959
15 6 704
15 6 1618
15 6 1357
15 6 1088
15 6 848
15 8 1582
15 8 1269
15 8 1058
15 8 831
15 8 608
15 10 1398
15 10 1057
15 10 885
15 10 701
15 10 534
15 10 341
20 1 1537
20 1 1557
20 1 1525
20 1 1394
20 1 1384
20 2 1559
20 2 888
20 2 1375
20 2 766
20 2 1335
20 2 766
20 4 1388
20 4 961
20 4 647
20 4 1265
20 4 905
20 4 567
20 4 248
20 5 1399
20 5 1027
20 5 738
20 5 456
20 5 1415
20 5 1119
20 5 824
20 5 521
20 6 1364
20 6 1011
20 6 767
20 6 519
20 6 1429
20 6 1121
20 6 875
20 6 633
20 8 1640
20 8 1303
20 8 1056
20 8 848
20 8 625
20 10 1629
20 10 1320
20 10 1146
20 10 976
20 10 777
20 10 584
25 1 1548
25 1 1606
25 1 1391
25 1 1602
25 1 1376
25 2 1598
25 2 920
25 2 1521
25 2 922
25 2 1657
25 2 1040
25 4 1648
25 4 1160
25 4 816
25 4 1590
25 4 1281
25 4 943
25 4 631
25 5 1521
25 5 1144
25 5 866
25 5 567
25 5 1690
25 5 1372
25 5 1108
25 5 830
25 6 1792
25 6 1424
25 6 1189
25 6 922
25 6 1412
25 6 1155
25 6 911
25 6 626
25 8 1932
25 8 1595
25 8 1400
25 8 1162
25 8 965
25 10 1712
25 10 1421
25 10 1216
25 10 1053
25 10 887
25 10 724
30 1 1742
30 1 1617
30 1 1860
30 1 1662
30 1 1650
30 2 1510
30 2 760
30 2 1544
30 2 963
30 2 1597
30 2 963
30 4 1824
30 4 1317
30 4 988
30 4 1647
30 4 1278
30 4 893
30 5 1739
30 5 1305
30 5 1001
30 5 663
30 5 1238
30 5 973
30 5 702
30 6 1888
30 6 1501
30 6 1219
30 6 924
30 6 2075
30 6 1762
30 6 1513
30 6 1245
30 8 1576
30 8 1266
30 8 1030
30 8 811
30 8 580
30 10 1883
30 10 1557
30 10 1357
30 10 1156
30 10 971
32 1 1658
32 1 1553
32 1 1583
32 1 1554
32 1 1724
32 2 1572
32 2 885
32 2 1690
32 2 1087
32 2 1730
32 2 1096
32 4 1774
32 4 1314
32 4 944
32 4 1577
32 4 1235
32 4 879
32 5 1826
32 5 1429
32 5 1152
32 5 843
32 5 1710
32 5 1408
32 5 1094
32 5 794
32 6 1730
32 6 1380
32 6 1094
32 6 827
32 6 1908
32 6 1610
32 6 1376
32 6 1114
32 8 1739
32 8 1433
32 8 1236
32 8 1043
32 8 801
32 10 1965
32 10 1649
32 10 1469
32 10 1271
32 10 1075
34 1 1588
34 1 1819
34 1 1693
34 1 1655
34 1 1824
34 2 1774
34 2 1093
34 2 1619
34 2 1054
34 2 1458
34 2 853
34 4 1682
34 4 1238
34 4 828
34 4 1592
34 4 1262
34 4 910
34 5 1761
34 5 1368
34 5 1043
34 5 761
34 5 1660
34 5 1345
34 5 1033
34 5 749
34 6 2031
34 6 1639
34 6 1315
34 6 1022
34 6 1898
34 6 1605
34 6 1314
34 6 1008
34 8 1758
34 8 1402
34 8 1183
34 8 916
34 8 1813
34 8 1535
34 8 1272
34 8 1051
34 10 1833
34 10 1520
34 10 1308
34 10 1087
34 10 900
36 1 1710
36 1 1767
36 1 1746
36 1 1557
36 1 1636
36 2 1566
36 2 853
36 2 1510
36 2 886
36 2 1783
36 2 1177
36 4 1771
36 4 1320
36 4 994
36 4 1812
36 4 1451
36 4 1056
36 5 1885
36 5 1456
36 5 1146
36 5 863
36 5 1591
36 5 1309
36 5 1023
36 5 673
36 6 1691
36 6 1261
36 6 970
36 6 675
36 6 1365
36 6 1087
36 6 804
36 8 1804
36 8 1467
36 8 1226
36 8 1023
36 8 783
36 10 2098
36 10 1703
36 10 1469
36 10 1228
36 10 1624
36 10 1386
36 10 1122
36 10 939
36 10 732
38 1 1858
38 1 1544
38 1 1696
38 1 1536
38 1 1704
38 1 1809
38 1 1507
38 1 1860
38 1 2135
38 1 1905
38 2 1827
38 2 1132
38 2 1830
38 2 1203
38 2 1895
38 2 1299
38 4 2068
38 4 1631
38 4 1253
38 4 2043
38 4 1630
38 4 1221
38 5 1976
38 5 1588
38 5 1262
38 5 1310
38 5 990
38 5 720
38 6 1962
38 6 1573
38 6 1332
38 6 1077
38 6 1841
38 6 1556
38 6 1296
38 6 1031
38 8 1774
38 8 1458
38 8 1188
38 8 963
38 8 759
38 10 2122
38 10 1774
38 10 1508
38 10 1255
38 10 1776
38 10 1543
38 10 1357
38 10 1175
38 10 928
40 1 1754
40 1 1952
40 1 1754
40 1 1679
40 1 1640
40 1 2111
40 1 1925
40 1 1706
40 1 1948
40 1 1803
40 1 1950
40 1 1732
40 1 1585
40 1 1733
40 1 1629
40 2 1872
40 2 1153
40 2 1923
40 2 1266
40 2 1598
40 2 996
40 2 1883
40 2 1201
40 2 1595
40 2 907
40 2 1673
40 2 1069
40 2 1921
40 2 1233
40 2 1921
40 2 1358
40 2 1601
40 2 1000
40 4 1856
40 4 1396
40 4 1021
40 4 1682
40 4 1310
40 4 935
40 4 2056
40 4 1627
40 4 1296
40 4 1949
40 4 1551
40 4 1184
40 4 1767
40 4 1324
40 4 991
40 4 1702
40 4 1304
40 4 985
40 5 2001
40 5 1608
40 5 1291
40 5 1003
40 5 1446
40 5 1143
40 5 824
40 5 2187
40 5 1754
40 5 1409
40 5 1873
40 5 1442
40 5 1012
40 5 1852
40 5 1448
40 5 1128
40 5 804
40 5 1639
40 5 1324
40 5 1024
40 5 697
40 6 1984
40 6 1630
40 6 1319
40 6 1023
40 6 1790
40 6 1553
40 6 1279
40 6 966
40 6 2172
40 6 1757
40 6 1526
40 6 1210
40 6 1971
40 6 1693
40 6 1440
40 6 1155
40 6 1921
40 6 1481
40 6 1187
40 6 906
40 6 2006
40 6 1651
40 6 1422
40 6 1132
40 8 1774
40 8 1455
40 8 1201
40 8 983
40 8 1637
40 8 1427
40 8 1180
40 8 946
40 8 2136
40 8 1821
40 8 1582
40 8 1354
40 8 1629
40 8 1347
40 8 1136
40 8 888
40 8 2226
40 8 1869
40 8 1609
40 8 1276
40 8 1793
40 8 1468
40 8 1198
40 8 931
40 10 2066
40 10 1716
40 10 1448
40 10 1275
40 10 1957
40 10 1618
40 10 1358
40 10 2059
40 10 1754
40 10 1581
40 10 1410
40 10 1176
40 10 1942
40 10 1654
40 10 1481
40 10 1310
40 10 1099
40 10 904
45 1 2163
45 1 2100
45 1 1692
45 1 1791
45 1 2081
45 1 2072
45 1 2073
45 1 1816
45 1 2108
45 1 2299
45 1 1937
45 1 1837
45 1 2272
45 1 1815
45 1 1875
45 2 2103
45 2 1405
45 2 2013
45 2 1330
45 2 2031
45 2 1400
45 2 2218
45 2 1450
45 2 1962
45 2 1297
45 2 2039
45 2 1372
45 2 2275
45 2 1569
45 2 2381
45 2 1766
45 2 1992
45 2 1368
45 4 2123
45 4 1679
45 4 1297
45 4 2101
45 4 1695
45 4 1322
45 4 2024
45 4 1534
45 4 1155
45 4 2147
45 4 1748
45 4 1419
45 4 1782
45 4 1340
45 4 951
45 4 1656
45 4 1274
45 4 913
45 5 2002
45 5 1598
45 5 1196
45 5 2221
45 5 1896
45 5 1582
45 5 2142
45 5 1745
45 5 1386
45 5 1101
45 5 1518
45 5 1250
45 5 936
45 5 2240
45 5 1819
45 5 1447
45 5 1885
45 5 1583
45 5 1267
45 5 1001
45 6 1787
45 6 1411
45 6 1107
45 6 1892
45 6 1583
45 6 1307
45 6 1040
45 6 1771
45 6 1400
45 6 1099
45 6 762
45 6 2078
45 6 1784
45 6 1496
45 6 1209
45 6 1970
45 6 1554
45 6 1259
45 6 904
45 6 1827
45 6 1528
45 6 1251
45 6 981
45 8 1929
45 8 1608
45 8 1333
45 8 1092
45 8 1635
45 8 1382
45 8 1170
45 8 982
45 8 744
45 8 2039
45 8 1675
45 8 1463
45 8 1208
45 8 963
45 8 1999
45 8 1642
45 8 1417
45 8 1170
45 8 966
45 10 1832
45 10 1509
45 10 1292
45 10 1044
45 10 821
45 10 1807
45 10 1486
45 10 1290
45 10 1052
45 10 835
45 10 1917
45 10 1610
45 10 1397
45 10 1165
45 10 920
50 1 5381
50 1 6217
50 1 7497
50 1 6406
50 1 7632
50 1 5834
50 1 6454
50 1 7952
50 1 6604
50 1 8033
50 1 4521
50 1 5432
50 1 7282
50 1 6185
50 1 7562
50 1 6481
