user speed delay
1 1 1332
1 1 1208
1 1 1151
1 1 1371
1 1 1338
1 1 1365
1 1 1211
1 1 1145
1 1 1339
1 1 1341
1 1 1255
1 1 1154
1 1 1357
1 1 1311
1 1 1268
1 2 1356
1 2 701
1 2 1151
1 2 579
1 2 1303
1 2 705
1 2 1373
1 2 732
1 2 1286
1 2 717
1 2 1095
1 2 509
1 2 1339
1 2 680
1 2 1127
1 2 556
1 2 1278
1 2 676
1 4 1411
1 4 1013
1 4 681
1 4 1170
1 4 833
1 4 517
1 4 203
1 4 1320
1 4 932
1 4 616
1 4 295
1 4 1228
1 4 892
1 4 562
1 4 1437
1 4 1053
1 4 730
1 4 1179
1 4 840
1 4 513
1 4 197
1 5 1447
1 5 1128
1 5 867
1 5 593
1 5 1316
1 5 1035
1 5 766
1 5 489
1 5 1402
1 5 1079
1 5 810
1 5 545
1 5 1349
1 5 1067
1 5 800
1 5 534
1 5 1389
1 5 1051
1 5 788
1 5 523
1 5 1268
1 5 990
1 5 706
1 5 426
1 6 1404
1 6 1096
1 6 861
1 6 625
1 6 385
1 6 1213
1 6 898
1 6 641
1 6 406
1 6 1429
1 6 1182
1 6 947
1 6 723
1 6 492
1 6 1287
1 6 992
1 6 750
1 6 510
1 6 274
1 8 1354
1 8 1091
1 8 882
1 8 678
1 8 478
1 8 1392
1 8 1123
1 8 929
1 8 727
1 8 528
1 8 1340
1 8 1082
1 8 891
1 8 698
1 8 505
1 10 1438
1 10 1210
1 10 1047
1 10 863
1 10 685
1 10 498
1 10 1395
1 10 1149
1 10 973
1 10 813
1 10 633
1 10 449
1 10 1379
1 10 1135
1 10 965
1 10 790
1 10 623
1 10 434
2 1 1361
2 1 1271
2 1 1252
2 1 1224
2 1 1165
2 1 1442
2 1 1287
2 1 1304
2 1 1370
2 1 1322
2 1 1371
2 1 1277
2 1 1222
2 1 1174
2 1 1179
2 2 1277
2 2 617
2 2 1089
2 2 518
2 2 1293
2 2 712
2 2 1407
2 2 748
2 2 1202
2 2 641
2 2 1442
2 2 865
2 2 1238
2 2 587
2 2 1313
2 2 730
2 2 1199
2 2 614
2 4 1266
2 4 836
2 4 503
2 4 1209
2 4 883
2 4 561
2 4 238
2 4 1376
2 4 934
2 4 615
2 4 1333
2 4 968
2 4 647
2 4 1278
2 4 882
2 4 536
2 4 1286
2 4 951
2 4 601
2 5 1460
2 5 1134
2 5 840
2 5 581
2 5 1350
2 5 1088
2 5 823
2 5 551
2 5 1342
2 5 973
2 5 691
2 5 408
2 5 1366
2 5 1087
2 5 821
2 5 553
2 5 1262
2 5 924
2 5 655
2 5 388
2 5 1185
2 5 900
2 5 626
2 5 362
2 6 1475
2 6 1153
2 6 910
2 6 677
2 6 441
2 6 1350
2 6 1025
2 6 764
2 6 526
2 6 1368
2 6 1129
2 6 894
2 6 648
2 6 408
2 6 1413
2 6 1057
2 6 793
2 6 550
2 6 1335
2 6 1100
2 6 869
2 6 620
2 6 388
2 8 1348
2 8 1031
2 8 829
2 8 620
2 8 402
2 8 1326
2 8 1030
2 8 825
2 8 621
2 8 420
2 8 1264
2 8 986
2 8 772
2 8 577
2 8 382
2 10 1462
2 10 1186
2 10 1003
2 10 816
2 10 641
2 10 451
2 10 1445
2 10 1169
2 10 1003
2 10 820
2 10 633
2 10 437
2 10 1207
2 10 938
2 10 763
2 10 571
2 10 397
2 10 206
3 1 1437
3 1 1334
3 1 1297
3 1 1223
3 1 1218
3 1 1246
3 1 1167
3 1 1352
3 1 1332
3 1 1304
3 1 1335
3 1 1231
3 1 1213
3 1 1237
3 1 1188
3 2 1417
3 2 776
3 2 1291
3 2 727
3 2 1266
3 2 703
3 2 1425
3 2 780
3 2 1323
3 2 758
3 2 1241
3 2 660
3 2 1266
3 2 587
3 2 1397
3 2 806
3 2 1265
3 2 682
3 4 1245
3 4 856
3 4 528
3 4 1215
3 4 890
3 4 545
3 4 231
3 4 1365
3 4 973
3 4 659
3 4 1361
3 4 1030
3 4 713
3 4 386
3 4 1269
3 4 849
3 4 509
3 4 1230
3 4 898
3 4 551
3 5 1439
3 5 1064
3 5 798
3 5 527
3 5 1268
3 5 991
3 5 725
3 5 453
3 5 1494
3 5 1108
3 5 827
3 5 561
3 5 1318
3 5 993
3 5 719
3 5 453
3 5 1467
3 5 1061
3 5 774
3 5 495
3 5 1307
3 5 1014
3 5 735
3 5 468
3 6 1385
3 6 1021
3 6 761
3 6 512
3 6 1247
3 6 986
3 6 738
3 6 482
3 6 1266
3 6 944
3 6 690
3 6 458
3 6 1345
3 6 1096
3 6 862
3 6 629
3 6 381
3 6 1386
3 6 1060
3 6 813
3 6 570
3 6 1384
3 6 1121
3 6 871
3 6 617
3 6 369
3 8 1348
3 8 1072
3 8 869
3 8 677
3 8 480
3 8 1306
3 8 991
3 8 764
3 8 554
3 8 338
3 8 1329
3 8 1014
3 8 784
3 8 593
3 8 385
3 10 1471
3 10 1200
3 10 1027
3 10 837
3 10 659
3 10 476
3 10 1284
3 10 946
3 10 758
3 10 572
3 10 398
3 10 213
3 10 1451
3 10 1166
3 10 947
3 10 755
3 10 574
3 10 397
4 1 1308
4 1 1156
4 1 1385
4 1 1315
4 1 1304
4 1 1268
4 1 1223
4 1 1213
4 1 1201
4 1 1352
4 1 1272
4 1 1180
4 1 1239
4 1 1271
4 1 1262
4 2 1299
4 2 613
4 2 1381
4 2 795
4 2 1286
4 2 656
4 2 1303
4 2 634
4 2 1404
4 2 837
4 2 1343
4 2 732
4 2 1278
4 2 625
4 2 1375
4 2 790
4 2 1270
4 2 639
4 4 1401
4 4 951
4 4 614
4 4 1326
4 4 1001
4 4 663
4 4 1404
4 4 990
4 4 661
4 4 1357
4 4 1026
4 4 676
4 4 1377
4 4 943
4 4 606
4 4 1367
4 4 1025
4 4 689
4 5 1392
4 5 998
4 5 706
4 5 432
4 5 1290
4 5 999
4 5 720
4 5 433
4 5 1372
4 5 989
4 5 705
4 5 444
4 5 1318
4 5 1033
4 5 772
4 5 497
4 5 1430
4 5 1010
4 5 709
4 5 431
4 5 1237
4 5 930
4 5 643
4 5 365
4 6 1487
4 6 1092
4 6 849
4 6 603
4 6 1483
4 6 1218
4 6 975
4 6 722
4 6 486
4 6 1352
4 6 996
4 6 752
4 6 497
4 6 1360
4 6 1115
4 6 872
4 6 621
4 6 371
4 6 1306
4 6 934
4 6 694
4 6 460
4 6 1286
4 6 1018
4 6 782
4 6 539
4 8 1355
4 8 1041
4 8 841
4 8 631
4 8 410
4 8 1415
4 8 1100
4 8 898
4 8 694
4 8 486
4 8 1466
4 8 1117
4 8 879
4 8 684
4 8 481
4 10 1350
4 10 1028
4 10 835
4 10 647
4 10 449
4 10 264
4 10 1455
4 10 1178
4 10 993
4 10 816
4 10 637
4 10 451
4 10 1313
4 10 970
4 10 798
4 10 600
4 10 381
5 1 1419
5 1 1387
5 1 1154
5 1 1408
5 1 1318
5 1 1308
5 1 1242
5 1 1251
5 1 1269
5 1 1416
5 1 1316
5 1 1237
5 1 1247
5 1 1307
5 1 1221
5 2 1436
5 2 770
5 2 1262
5 2 649
5 2 1335
5 2 730
5 2 1302
5 2 640
5 2 1428
5 2 808
5 2 1353
5 2 751
5 2 1424
5 2 742
5 2 1296
5 2 726
5 2 1238
5 2 653
5 4 1412
5 4 948
5 4 625
5 4 1311
5 4 956
5 4 609
5 4 1570
5 4 1132
5 4 801
5 4 1265
5 4 916
5 4 534
5 4 1275
5 4 844
5 4 499
5 4 1240
5 4 899
5 4 559
5 5 1533
5 5 1104
5 5 804
5 5 519
5 5 1352
5 5 1068
5 5 778
5 5 509
5 5 1399
5 5 1000
5 5 718
5 5 409
5 5 1173
5 5 862
5 5 584
5 5 304
5 5 1448
5 5 1095
5 5 798
5 5 522
5 5 1300
5 5 997
5 5 714
5 5 432
5 6 1362
5 6 1006
5 6 738
5 6 485
5 6 1283
5 6 1022
5 6 779
5 6 521
5 6 1402
5 6 1038
5 6 764
5 6 526
5 6 1342
5 6 1091
5 6 827
5 6 553
5 6 1386
5 6 1017
5 6 748
5 6 494
5 6 1298
5 6 1043
5 6 769
5 6 518
5 8 1560
5 8 1243
5 8 1004
5 8 783
5 8 559
5 8 1480
5 8 1129
5 8 923
5 8 707
5 8 493
5 8 1396
5 8 1114
5 8 922
5 8 730
5 8 538
5 10 1419
5 10 1150
5 10 986
5 10 818
5 10 648
5 10 465
5 10 1283
5 10 991
5 10 806
5 10 624
5 10 452
5 10 257
5 10 1375
5 10 1081
5 10 900
5 10 697
5 10 497
5 10 318
6 1 1482
6 1 1429
6 1 1433
6 1 1350
6 1 1351
6 1 1316
6 1 1302
6 1 1417
6 1 1222
6 1 1309
6 1 1503
6 1 1430
6 1 1411
6 1 1360
6 1 1317
6 2 1408
6 2 752
6 2 1327
6 2 760
6 2 1376
6 2 789
6 2 1383
6 2 673
6 2 1406
6 2 833
6 2 1286
6 2 715
6 2 1527
6 2 816
6 2 1326
6 2 752
6 2 1251
6 2 652
6 4 1341
6 4 891
6 4 556
6 4 1327
6 4 985
6 4 657
6 4 1388
6 4 927
6 4 578
6 4 1271
6 4 842
6 4 508
6 4 1463
6 4 969
6 4 626
6 4 1378
6 4 1032
6 4 660
6 5 1509
6 5 1093
6 5 809
6 5 532
6 5 1400
6 5 1080
6 5 809
6 5 535
6 5 1284
6 5 876
6 5 574
6 5 293
6 5 1426
6 5 1137
6 5 842
6 5 569
6 5 1417
6 5 1026
6 5 735
6 5 469
6 5 1338
6 5 1062
6 5 789
6 5 523
6 6 1403
6 6 1038
6 6 767
6 6 537
6 6 1359
6 6 1092
6 6 851
6 6 576
6 6 1288
6 6 929
6 6 671
6 6 419
6 6 1290
6 6 1042
6 6 771
6 6 536
6 6 1535
6 6 1147
6 6 846
6 6 589
6 6 1368
6 6 1104
6 6 846
6 6 590
6 8 1352
6 8 965
6 8 758
6 8 553
6 8 325
6 8 1526
6 8 1206
6 8 975
6 8 769
6 8 559
6 8 1320
6 8 977
6 8 762
6 8 554
6 8 339
6 10 1335
6 10 1025
6 10 824
6 10 646
6 10 460
6 10 273
6 10 1474
6 10 1162
6 10 989
6 10 813
6 10 632
6 10 450
6 10 1392
6 10 1083
6 10 892
6 10 717
6 10 522
6 10 322
7 1 1352
7 1 1317
7 1 1279
7 1 1297
7 1 1315
7 1 1367
7 1 1227
7 1 1237
7 1 1303
7 1 1302
7 1 1499
7 1 1384
7 1 1452
7 1 1495
7 1 1521
7 2 1315
7 2 632
7 2 1191
7 2 589
7 2 1369
7 2 771
7 2 1400
7 2 713
7 2 1209
7 2 626
7 2 1389
7 2 771
7 2 1259
7 2 590
7 2 1454
7 2 854
7 2 1358
7 2 768
7 4 1580
7 4 1130
7 4 793
7 4 1346
7 4 999
7 4 671
7 4 1604
7 4 1106
7 4 767
7 4 1255
7 4 908
7 4 560
7 4 1352
7 4 934
7 4 577
7 4 1286
7 4 959
7 4 635
7 5 1498
7 5 1091
7 5 782
7 5 493
7 5 1320
7 5 1020
7 5 743
7 5 452
7 5 1440
7 5 1024
7 5 728
7 5 424
7 5 1204
7 5 914
7 5 627
7 5 329
7 5 1469
7 5 1059
7 5 770
7 5 467
7 5 1218
7 5 948
7 5 649
7 5 340
7 6 1359
7 6 994
7 6 730
7 6 460
7 6 1349
7 6 1096
7 6 820
7 6 582
7 6 1559
7 6 1206
7 6 972
7 6 735
7 6 1381
7 6 1130
7 6 894
7 6 670
7 6 1334
7 6 984
7 6 717
7 6 458
7 6 1286
7 6 1032
7 6 769
7 6 519
7 8 1344
7 8 1017
7 8 817
7 8 600
7 8 394
7 8 1432
7 8 1096
7 8 887
7 8 688
7 8 491
7 8 1344
7 8 1023
7 8 828
7 8 630
7 8 412
7 10 1597
7 10 1291
7 10 1089
7 10 907
7 10 725
7 10 551
7 10 1470
7 10 1108
7 10 905
7 10 702
7 10 498
7 10 1450
7 10 1164
7 10 993
7 10 814
7 10 645
7 10 478
8 1 1293
8 1 1210
8 1 1268
8 1 1252
8 1 1205
8 1 1499
8 1 1405
8 1 1497
8 1 1430
8 1 1409
8 1 1495
8 1 1572
8 1 1327
8 1 1345
8 1 1439
8 2 1312
8 2 598
8 2 1297
8 2 705
8 2 1213
8 2 618
8 2 1485
8 2 790
8 2 1317
8 2 722
8 2 1226
8 2 648
8 2 1482
8 2 838
8 2 1463
8 2 873
8 2 1230
8 2 625
8 4 1447
8 4 997
8 4 652
8 4 1444
8 4 1091
8 4 722
8 4 1389
8 4 929
8 4 576
8 4 1335
8 4 988
8 4 636
8 4 1460
8 4 1024
8 4 684
8 4 1423
8 4 1073
8 4 742
8 5 1514
8 5 1078
8 5 771
8 5 482
8 5 1356
8 5 1072
8 5 789
8 5 503
8 5 1612
8 5 1172
8 5 894
8 5 586
8 5 1380
8 5 1068
8 5 772
8 5 474
8 5 1348
8 5 957
8 5 665
8 5 362
8 5 1557
8 5 1253
8 5 934
8 5 658
8 6 1408
8 6 1061
8 6 812
8 6 557
8 6 1437
8 6 1166
8 6 914
8 6 658
8 6 1581
8 6 1212
8 6 957
8 6 688
8 6 1627
8 6 1362
8 6 1110
8 6 837
8 6 1446
8 6 1079
8 6 815
8 6 544
8 6 1444
8 6 1150
8 6 877
8 6 596
8 8 1599
8 8 1263
8 8 1019
8 8 816
8 8 617
8 8 1400
8 8 1061
8 8 851
8 8 640
8 8 401
8 8 1318
8 8 993
8 8 779
8 8 552
8 8 334
8 10 1562
8 10 1269
8 10 1083
8 10 903
8 10 697
8 10 515
8 10 1551
8 10 1263
8 10 1051
8 10 856
8 10 652
8 10 1328
8 10 999
8 10 814
8 10 614
8 10 438
9 1 1532
9 1 1469
9 1 1389
9 1 1405
9 1 1319
9 1 1523
9 1 1397
9 1 1530
9 1 1534
9 1 1616
9 1 1392
9 1 1452
9 1 1417
9 1 1439
9 1 1390
9 2 1504
9 2 803
9 2 1710
9 2 1122
9 2 1347
9 2 754
9 2 1316
9 2 593
9 2 1394
9 2 806
9 2 1348
9 2 729
9 2 1523
9 2 855
9 2 1390
9 2 777
9 2 1335
9 2 741
9 4 1407
9 4 998
9 4 662
9 4 1240
9 4 890
9 4 530
9 4 1541
9 4 1089
9 4 734
9 4 1287
9 4 884
9 4 522
9 4 1438
9 4 988
9 4 631
9 4 1440
9 4 1083
9 4 758
9 5 1547
9 5 1145
9 5 840
9 5 564
9 5 1386
9 5 1011
9 5 706
9 5 387
9 5 1473
9 5 1054
9 5 745
9 5 454
9 5 1306
9 5 1004
9 5 710
9 5 423
9 5 1501
9 5 1110
9 5 815
9 5 535
9 5 1387
9 5 1096
9 5 820
9 5 524
9 6 1362
9 6 968
9 6 698
9 6 441
9 6 1300
9 6 1011
9 6 748
9 6 500
9 6 1767
9 6 1422
9 6 1169
9 6 902
9 6 1304
9 6 1048
9 6 818
9 6 576
9 6 1470
9 6 1127
9 6 878
9 6 618
9 6 1685
9 6 1439
9 6 1193
9 6 941
9 6 705
9 8 1665
9 8 1373
9 8 1160
9 8 950
9 8 737
9 8 1356
9 8 963
9 8 756
9 8 554
9 8 334
9 8 1350
9 8 1023
9 8 814
9 8 614
9 8 394
9 10 1397
9 10 1119
9 10 935
9 10 750
9 10 567
9 10 385
9 10 1480
9 10 1159
9 10 983
9 10 808
9 10 642
9 10 475
9 10 1404
9 10 1089
9 10 863
9 10 649
9 10 442
10 1 1579
10 1 1453
10 1 1452
10 1 1384
10 1 1429
10 1 1390
10 1 1341
10 1 1355
10 1 1418
10 1 1412
10 1 1567
10 1 1522
10 1 1645
10 1 1452
10 1 1350
10 2 1549
10 2 860
10 2 1487
10 2 892
10 2 1466
10 2 856
10 2 1475
10 2 793
10 2 1396
10 2 817
10 2 1310
10 2 731
10 2 1581
10 2 805
10 2 1435
10 2 849
10 2 1393
10 2 788
10 4 1761
10 4 1326
10 4 1001
10 4 1547
10 4 1220
10 4 892
10 4 560
10 4 1601
10 4 1032
10 4 654
10 4 1247
10 4 905
10 4 554
10 4 1268
10 4 826
10 4 442
10 4 1385
10 4 960
10 4 637
10 5 1415
10 5 953
10 5 643
10 5 1529
10 5 1159
10 5 834
10 5 536
10 5 1424
10 5 1025
10 5 713
10 5 414
10 5 1367
10 5 1060
10 5 765
10 5 476
10 5 1492
10 5 1092
10 5 785
10 5 473
10 5 1248
10 5 929
10 5 629
10 5 333
10 6 1749
10 6 1379
10 6 1092
10 6 855
10 6 1393
10 6 1154
10 6 921
10 6 693
10 6 451
10 6 1500
10 6 1143
10 6 884
10 6 633
10 6 1218
10 6 949
10 6 672
10 6 420
10 6 1500
10 6 1092
10 6 801
10 6 458
10 6 1423
10 6 1174
10 6 899
10 6 648
10 8 1415
10 8 1095
10 8 893
10 8 681
10 8 444
10 8 1458
10 8 1125
10 8 907
10 8 708
10 8 493
10 8 1672
10 8 1354
10 8 1160
10 8 954
10 8 746
10 10 1383
10 10 1142
10 10 943
10 10 750
10 10 522
10 10 344
10 10 1567
10 10 1245
10 10 1027
10 10 823
10 10 638
10 10 1621
10 10 1344
10 10 1142
10 10 974
10 10 798
11 1 1458
11 1 1424
11 1 1416
11 1 1388
11 1 1416
11 1 1329
11 1 1472
11 1 1197
11 1 1483
11 1 1344
11 1 1372
11 1 1272
11 1 1284
11 1 1485
11 1 1439
11 2 1335
11 2 645
11 2 1176
11 2 586
11 2 1412
11 2 804
11 1 1508
11 1 1513
11 1 1564
11 1 1473
11 1 1512
11 1 1506
11 1 1270
11 1 1306
11 1 1368
11 1 1369
11 1 1435
11 1 1406
11 1 1305
11 1 1414
11 1 1413
11 2 1504
11 2 802
11 2 1525
11 2 916
11 2 1448
11 2 835
11 2 1362
11 2 614
11 2 1417
11 2 810
11 2 1394
11 2 754
11 2 1377
11 2 675
11 2 1277
11 2 690
11 2 1424
11 2 813
11 4 1358
11 4 928
11 4 580
11 4 1290
11 4 926
11 4 587
11 4 1432
11 4 981
11 4 644
11 4 1408
11 4 1042
11 4 703
11 4 1311
11 4 848
11 4 485
11 4 1338
11 4 946
11 4 586
11 5 1537
11 5 1139
11 5 828
11 5 561
11 5 1450
11 5 1149
11 5 872
11 5 582
11 5 1312
11 5 893
11 5 576
11 5 291
11 5 1427
11 5 1130
11 5 840
11 5 574
11 5 1452
11 5 1016
11 5 714
11 5 403
11 5 1454
11 5 1139
11 5 851
11 5 563
11 6 1663
11 6 1309
11 6 1070
11 6 808
11 6 1385
11 6 1133
11 6 877
11 6 634
11 6 1813
11 6 1486
11 6 1220
11 6 965
11 6 1413
11 6 1165
11 6 917
11 6 680
11 6 438
11 6 1338
11 6 943
11 6 645
11 6 392
11 6 1265
11 6 961
11 6 695
11 6 435
11 8 1556
11 8 1263
11 8 1048
11 8 836
11 8 601
11 8 1285
11 8 1009
11 8 804
11 8 610
11 8 402
11 8 1404
11 8 1040
11 8 828
11 8 609
11 8 408
11 10 1362
11 10 1043
11 10 851
11 10 667
11 10 468
11 10 1506
11 10 1169
11 10 986
11 10 794
11 10 585
12 1 1396
12 1 1424
12 1 1503
12 1 1443
12 1 1558
12 1 1465
12 1 1490
12 1 1509
12 1 1804
12 1 1602
12 1 1289
12 1 1522
12 1 1264
12 1 1296
12 1 1232
12 2 1465
12 2 737
12 2 1545
12 2 934
12 2 1526
12 2 919
12 2 1551
12 2 824
12 2 1313
12 2 708
12 2 1516
12 2 927
12 2 1520
12 2 809
12 2 1327
12 2 714
12 2 1467
12 2 869
12 4 1311
12 4 853
12 4 509
12 4 1328
12 4 1005
12 4 668
12 4 1558
12 4 1116
12 4 776
12 4 1278
12 4 950
12 4 613
12 4 1578
12 4 1155
12 4 829
12 4 1711
12 4 1342
12 4 981
12 5 1595
12 5 1243
12 5 965
12 5 693
12 5 1475
12 5 1179
12 5 905
12 5 635
12 5 1477
12 5 1067
12 5 737
12 5 441
12 5 1409
12 5 1082
12 5 778
12 5 479
12 5 1406
12 5 945
12 5 658
12 5 361
12 5 1510
12 5 1153
12 5 849
12 5 579
12 6 1639
12 6 1259
12 6 1001
12 6 752
12 6 1637
12 6 1371
12 6 1137
12 6 874
12 6 1499
12 6 1173
12 6 925
12 6 688
12 6 1483
12 6 1200
12 6 963
12 6 728
12 6 494
12 6 1517
12 6 1174
12 6 901
12 6 634
12 6 1508
12 6 1180
12 6 922
12 6 647
12 8 1454
12 8 1153
12 8 944
12 8 752
12 8 542
12 8 1431
12 8 1078
12 8 835
12 8 627
12 8 416
12 8 1388
12 8 1072
12 8 849
12 8 617
12 8 395
12 10 1532
12 10 1258
12 10 1072
12 10 876
12 10 700
12 10 510
12 10 1442
12 10 1140
12 10 959
12 10 764
12 10 574
12 10 391
12 10 1633
12 10 1281
12 10 1072
12 10 895
12 10 694
13 1 1334
13 1 1257
13 1 1256
13 1 1540
13 1 1506
13 1 1559
13 1 1293
13 1 1377
13 1 1413
13 1 1328
13 1 1454
13 1 1344
13 1 1351
13 1 1525
13 1 1332
13 2 1436
13 2 735
13 2 1422
13 2 819
13 2 1379
13 2 782
13 2 1561
13 2 902
13 2 1423
13 2 816
13 2 1318
13 2 744
13 2 1521
13 2 849
13 2 1445
13 2 862
13 2 1596
13 2 1001
13 4 1458
13 4 996
13 4 632
13 4 1367
13 4 1011
13 4 639
13 4 1398
13 4 956
13 4 588
13 4 1433
13 4 1082
13 4 755
13 4 1269
13 4 804
13 4 447
13 4 1601
13 4 1236
13 4 901
13 5 1460
13 5 1068
13 5 764
13 5 464
13 5 1294
13 5 988
13 5 692
13 5 405
13 5 1593
13 5 1187
13 5 882
13 5 558
13 5 1124
13 5 824
13 5 513
13 5 1623
13 5 1147
13 5 852
13 5 520
13 5 1463
13 5 1158
13 5 878
13 6 1404
13 6 1077
13 6 842
13 6 593
13 6 1479
13 6 1203
13 6 967
13 6 721
13 6 461
13 6 1662
13 6 1236
13 6 978
13 6 715
13 6 1642
13 6 1388
13 6 1117
13 6 880
13 6 1506
13 6 1139
13 6 900
13 6 641
13 6 1526
13 6 1256
13 6 962
13 6 704
13 8 1573
13 8 1241
13 8 1006
13 8 803
13 8 605
13 8 1656
13 8 1317
13 8 1088
13 8 883
13 8 684
13 8 1485
13 8 1164
13 8 927
13 8 727
13 8 526
13 10 1528
13 10 1246
13 10 1035
13 10 829
13 10 646
13 10 1572
13 10 1247
13 10 1056
13 10 840
13 10 649
13 10 1711
13 10 1451
13 10 1238
13 10 1041
13 10 841
14 1 1506
14 1 1407
14 1 1436
14 1 1610
14 1 1622
14 1 1459
14 1 1434
14 1 1449
14 1 1447
14 1 1374
14 1 1580
14 1 1548
14 1 1445
14 1 1414
14 1 1530
14 2 1544
14 2 814
14 2 1497
14 2 888
14 2 1561
14 2 988
14 2 1547
14 2 818
14 2 1380
14 2 782
14 2 1281
14 2 668
14 2 1495
14 2 837
14 2 1406
14 2 805
14 2 1348
14 2 763
14 4 1744
14 4 1285
14 4 937
14 4 1430
14 4 1073
14 4 721
14 4 1774
14 4 1296
14 4 944
14 4 1599
14 4 1248
14 4 891
14 4 1362
14 4 936
14 4 592
14 4 1299
14 4 964
14 4 622
14 5 1337
14 5 916
14 5 612
14 5 308
14 5 1101
14 5 779
14 5 465
14 5 1578
14 5 1180
14 5 853
14 5 530
14 5 975
14 5 684
14 5 374
14 5 1742
14 5 1331
14 5 1014
14 5 733
14 5 1627
14 5 1221
14 5 890
14 5 611
14 6 1874
14 6 1513
14 6 1248
14 6 994
14 6 1551
14 6 1306
14 6 1052
14 6 821
14 6 586
14 6 1484
14 6 1127
14 6 837
14 6 552
14 6 1478
14 6 1183
14 6 891
14 6 623
14 6 1421
14 6 1020
14 6 728
14 6 460
14 6 1626
14 6 1342
14 6 1056
14 6 790
14 8 1655
14 8 1338
14 8 1104
14 8 890
14 8 627
14 8 1584
14 8 1275
14 8 1073
14 8 867
14 8 676
14 8 1445
14 8 1100
14 8 880
14 8 688
14 8 453
14 10 1659
14 10 1354
14 10 1126
14 10 948
14 10 771
14 10 572
14 10 1537
14 10 1262
14 10 1073
14 10 876
14 10 706
14 10 1446
14 10 1146
14 10 929
14 10 759
14 10 584
15 1 1616
15 1 1234
15 1 1183
15 1 1315
15 1 1411
15 1 1520
15 1 1530
15 1 1274
15 1 1594
15 1 1644
15 1 1396
15 1 1427
15 1 1494
15 1 1420
15 1 1402
15 2 1426
15 2 739
15 2 1534
15 2 923
15 2 1368
15 2 774
15 2 1597
15 2 915
15 2 1673
15 2 1086
15 2 1289
15 2 695
15 2 1391
15 2 685
15 2 1562
15 2 897
15 2 1403
15 2 780
15 4 1628
15 4 1190
15 4 871
15 4 1604
15 4 1251
15 4 931
15 4 606
15 4 1709
15 4 1266
15 4 912
15 4 1406
15 4 1024
15 4 697
15 4 1565
15 4 1151
15 4 805
15 4 1456
15 4 1072
15 4 738
15 5 1588
15 5 1185
15 5 886
15 5 592
15 5 1616
15 5 1345
15 5 1050
15 5 723
15 5 1606
15 5 1228
15 5 940
15 5 640
15 5 1508
15 5 1148
15 5 877
15 5 560
15 5 1537
15 5 1157
15 5 839
15 5 561
15 5 1475
15 5 1161
15 5 876
15 5 556
15 6 1702
15 6 1308
15 6 1013
15 6 755
15 6 1328
15 6 1083
15 6 802
15 6 525
15 6 1705
15 6 1311
15 6 1042
15 6 782
15 6 1361
15 6 1076
15 6 806
15 6 542
15 6 1612
15 6 1248
15 6 985
15 6 691
15 6 1274
15 6 992
15 6 759
15 6 479
15 8 1574
15 8 1237
15 8 1016
15 8 777
15 8 548
15 8 1926
15 8 1594
15 8 1364
15 8 1141
15 8 919
15 8 1644
15 8 1379
15 8 1146
15 8 923
15 8 691
15 10 1729
15 10 1413
15 10 1200
15 10 1014
15 10 815
15 10 1369
15 10 1077
15 10 898
15 10 718
15 10 531
15 10 325
15 10 1762
15 10 1478
15 10 1287
15 10 1110
15 10 905
16 1 1367
16 1 1463
16 1 1631
16 1 1611
16 1 1556
16 1 1368
16 1 1453
16 1 1484
16 1 1550
16 1 1544
16 1 1553
16 1 1463
16 1 1446
16 1 1665
16 1 1601
16 2 1473
16 2 807
16 2 1347
16 2 749
16 2 1334
16 2 724
16 2 1516
16 2 799
16 2 1378
16 2 752
16 2 1353
16 2 750
16 2 1692
16 2 997
16 2 1660
16 2 1054
16 2 1405
16 2 820
16 4 1565
16 4 1142
16 4 807
16 4 1621
16 4 1268
16 4 935
16 4 1713
16 4 1297
16 4 954
16 4 1479
16 4 1077
16 4 712
16 4 1670
16 4 1173
16 4 821
16 4 1319
16 4 885
16 4 544
16 5 1443
16 5 1067
16 5 721
16 5 409
16 5 1273
16 5 927
16 5 626
16 5 350
16 5 1808
16 5 1408
16 5 1120
16 5 841
16 5 1574
16 5 1230
16 5 926
16 5 628
16 5 1506
16 5 1065
16 5 755
16 5 450
16 5 1386
16 5 1015
16 5 740
16 5 400
16 6 1510
16 6 1136
16 6 841
16 6 540
16 6 1596
16 6 1324
16 6 1070
16 6 829
16 6 1641
16 6 1267
16 6 1010
16 6 733
16 6 1706
16 6 1415
16 6 1156
16 6 930
16 6 1473
16 6 1075
16 6 804
16 6 554
16 6 1520
16 6 1246
16 6 1003
16 6 770
16 8 1458
16 8 1157
16 8 952
16 8 710
16 8 478
16 8 1614
16 8 1307
16 8 1111
16 8 861
16 8 606
16 8 1609
16 8 1223
16 8 1018
16 8 797
16 8 555
16 10 1630
16 10 1316
16 10 1093
16 10 907
16 10 722
16 10 1889
16 10 1570
16 10 1372
16 10 1166
16 10 956
16 10 1626
16 10 1328
16 10 1144
16 10 958
16 10 773
17 1 1589
17 1 1674
17 1 1369
17 1 1525
17 1 1414
17 1 1400
17 1 1476
17 1 1509
17 1 1275
17 1 1273
17 1 1730
17 1 1460
17 1 1534
17 1 1406
17 1 1501
17 2 1390
17 2 663
17 2 1561
17 2 901
17 2 1584
17 2 998
17 2 1700
17 2 1034
17 2 1389
17 2 820
17 2 1541
17 2 903
17 2 1729
17 2 1000
17 2 1623
17 2 1009
17 2 1607
17 2 968
17 4 1660
17 4 1157
17 4 802
17 4 1594
17 4 1274
17 4 922
17 4 1610
17 4 1189
17 4 841
17 4 1517
17 4 1156
17 4 795
17 4 1653
17 4 1114
17 4 768
17 4 1302
17 4 920
17 4 548
17 5 1463
17 5 1077
17 5 785
17 5 476
17 5 1395
17 5 1080
17 5 802
17 5 498
17 5 1685
17 5 1291
17 5 974
17 5 669
17 5 1557
17 5 1224
17 5 935
17 5 622
17 5 1757
17 5 1319
17 5 919
17 5 1477
17 5 1176
17 5 846
17 5 518
17 6 1651
17 6 1243
17 6 990
17 6 701
17 6 1700
17 6 1419
17 6 1178
17 6 900
17 6 1708
17 6 1337
17 6 1084
17 6 821
17 6 1735
17 6 1465
17 6 1223
17 6 963
17 6 1579
17 6 1197
17 6 937
17 6 647
17 6 1652
17 6 1391
17 6 1152
17 6 881
17 8 1603
17 8 1258
17 8 1027
17 8 779
17 8 566
17 8 1622
17 8 1289
17 8 1005
17 8 760
17 8 1427
17 8 1205
17 8 1018
17 8 789
17 8 554
17 8 1718
17 8 1355
17 8 1134
17 8 921
17 8 660
17 10 1398
17 10 1092
17 10 917
17 10 749
17 10 572
17 10 393
17 10 1681
17 10 1319
17 10 1104
17 10 911
17 10 736
17 10 1526
17 10 1179
17 10 960
17 10 778
17 10 594
18 1 1362
18 1 1445
18 1 1494
18 1 1481
18 1 1578
18 1 1516
18 1 1330
18 1 1436
18 1 1575
18 1 1317
18 1 1633
18 1 1425
18 1 1211
18 1 1499
18 1 1485
18 2 1730
18 2 1030
18 2 1349
18 2 745
18 2 1283
18 2 661
18 2 1588
18 2 868
18 2 1514
18 2 871
18 2 1458
18 2 807
18 2 1510
18 2 796
18 2 1583
18 2 901
18 2 1534
18 2 915
18 4 1753
18 4 1260
18 4 877
18 4 1566
18 4 1197
18 4 866
18 4 1698
18 4 1254
18 4 924
18 4 1889
18 4 1560
18 4 1236
18 4 1455
18 4 1000
18 4 645
18 4 1578
18 4 1176
18 4 839
18 5 1498
18 5 1116
18 5 794
18 5 499
18 5 1560
18 5 1270
18 5 959
18 5 652
18 5 1765
18 5 1399
18 5 1098
18 5 1653
18 5 1276
18 5 977
18 5 659
18 5 1607
18 5 1206
18 5 894
18 5 606
18 5 1532
18 5 1244
18 5 944
18 5 616
18 6 1594
18 6 1246
18 6 998
18 6 732
18 6 1478
18 6 1245
18 6 983
18 6 693
18 6 1428
18 6 1042
18 6 774
18 6 509
18 6 1789
18 6 1523
18 6 1212
18 6 907
18 6 1458
18 6 1105
18 6 849
18 6 583
18 6 1268
18 6 983
18 6 743
18 6 452
18 8 1430
18 8 1091
18 8 836
18 8 626
18 8 408
18 8 1758
18 8 1376
18 8 1172
18 8 934
18 8 724
18 8 1884
18 8 1521
18 8 1291
18 8 1042
18 8 829
18 10 1684
18 10 1360
18 10 1152
18 10 938
18 10 765
18 10 1605
18 10 1292
18 10 1044
18 10 846
18 10 646
18 10 1664
18 10 1410
18 10 1242
18 10 1035
18 10 818
19 1 1653
19 1 1355
19 1 1460
19 1 1434
19 1 1313
19 1 1892
19 1 1541
19 1 1669
19 1 1434
19 1 1637
19 1 1537
19 1 1720
19 1 1450
19 1 1660
19 1 1450
19 2 1599
19 2 908
19 2 1466
19 2 862
19 2 1410
19 2 798
19 2 1613
19 2 923
19 2 1613
19 2 1010
19 2 1439
19 2 832
19 2 1802
19 2 1032
19 2 1654
19 2 1015
19 2 1399
19 2 808
19 4 1525
19 4 1072
19 4 705
19 4 1319
19 4 952
19 4 635
19 4 313
19 4 1743
19 4 1267
19 4 877
19 4 1425
19 4 1062
19 4 723
19 4 1334
19 4 875
19 4 502
19 4 1550
19 4 1202
19 4 875
19 5 1598
19 5 1174
19 5 897
19 5 594
19 5 1610
19 5 1309
19 5 1033
19 5 751
19 5 1627
19 5 1257
19 5 962
19 5 658
19 5 1613
19 5 1304
19 5 1024
19 5 729
19 5 1490
19 5 1102
19 5 819
19 5 533
19 5 1611
19 5 1299
19 5 999
19 5 704
19 6 1591
19 6 1255
19 6 979
19 6 704
19 6 1360
19 6 1086
19 6 849
19 6 557
19 6 1729
19 6 1364
19 6 1121
19 6 869
19 6 1504
19 6 1216
19 6 969
19 6 710
19 6 1548
19 6 1208
19 6 941
19 6 693
19 6 1686
19 6 1400
19 6 1129
19 6 860
19 8 1554
19 8 1265
19 8 1034
19 8 830
19 8 632
19 8 1829
19 8 1521
19 8 1306
19 8 1106
19 8 888
19 8 1414
19 8 1104
19 8 893
19 8 674
19 8 456
19 10 1333
19 10 1080
19 10 858
19 10 675
19 10 492
19 10 312
19 10 1555
19 10 1242
19 10 1033
19 10 830
19 10 654
19 10 482
19 10 1682
19 10 1357
19 10 1123
19 10 883
19 10 710
20 1 1648
20 1 1416
20 1 1537
20 1 1398
20 1 1343
20 1 1470
20 1 1505
20 1 1402
20 1 1502
20 1 1310
20 1 1603
20 1 1469
20 1 1729
20 1 1565
20 1 1528
20 2 1561
20 2 857
20 2 1471
20 2 889
20 2 1495
20 2 899
20 2 1545
20 2 858
20 2 1396
20 2 813
20 2 1472
20 2 860
20 2 1637
20 2 948
20 2 1386
20 2 759
20 2 1576
20 2 985
20 4 1698
20 4 1228
20 4 869
20 4 1547
20 4 1221
20 4 865
20 4 1556
20 4 1095
20 4 731
20 4 1629
20 4 1272
20 4 947
20 4 1423
20 4 989
20 4 638
20 4 1552
20 4 1190
20 4 836
20 5 1524
20 5 1132
20 5 838
20 5 527
20 5 1418
20 5 1139
20 5 847
20 5 538
20 5 1532
20 5 1151
20 5 828
20 5 527
20 5 1529
20 5 1228
20 5 930
20 5 618
20 5 1421
20 5 974
20 5 703
20 5 433
20 5 1249
20 5 935
20 5 644
20 5 377
20 6 1609
20 6 1286
20 6 1050
20 6 780
20 6 1550
20 6 1270
20 6 962
20 6 726
20 6 1645
20 6 1277
20 6 1015
20 6 749
20 6 1427
20 6 1175
20 6 904
20 6 648
20 6 1921
20 6 1506
20 6 1236
20 6 998
20 6 1439
20 6 1171
20 6 904
20 6 670
20 8 1554
20 8 1234
20 8 1013
20 8 826
20 8 579
20 8 1684
20 8 1358
20 8 1156
20 8 951
20 8 712
20 8 1558
20 8 1285
20 8 1066
20 8 842
20 8 636
20 10 1715
20 10 1421
20 10 1214
20 10 1038
20 10 868
20 10 672
20 10 1701
20 10 1388
20 10 1209
20 10 1003
20 10 835
20 10 634
20 10 1678
20 10 1368
20 10 1183
20 10 1018
20 10 840
20 10 668
21 1 1733
21 1 1542
21 1 1404
21 1 1701
21 1 1584
21 1 1507
21 1 1634
21 1 1553
21 1 1629
21 1 1489
21 1 1514
21 1 1327
21 1 1402
21 1 1610
21 1 1634
21 2 1822
21 2 1126
21 2 1714
21 2 1097
21 2 1780
21 2 1168
21 2 1486
21 2 708
21 2 1645
21 2 994
21 2 1703
21 2 1021
21 2 1586
21 2 842
21 2 1345
21 2 727
21 2 1458
21 2 834
21 4 1812
21 4 1362
21 4 981
21 4 1776
21 4 1392
21 4 1024
21 4 1776
21 4 1344
21 4 1018
21 4 1554
21 4 1202
21 4 866
21 4 1700
21 4 1274
21 4 906
21 4 1532
21 4 1181
21 4 857
21 5 1752
21 5 1330
21 5 917
21 5 1318
21 5 1003
21 5 719
21 5 403
21 5 1735
21 5 1327
21 5 1025
21 5 726
21 5 1243
21 5 934
21 5 601
21 5 1861
21 5 1473
21 5 1170
21 5 881
21 5 1617
21 5 1297
21 5 1014
21 5 737
21 6 1460
21 6 1102
21 6 812
21 6 566
21 6 1613
21 6 1321
21 6 1021
21 6 734
21 6 1626
21 6 1274
21 6 994
21 6 723
21 6 1620
21 6 1366
21 6 1084
21 6 832
21 6 1526
21 6 1168
21 6 880
21 6 605
21 6 1621
21 6 1331
21 6 1057
21 6 782
21 8 1738
21 8 1381
21 8 1171
21 8 917
21 8 697
21 8 1761
21 8 1464
21 8 1223
21 8 1009
21 8 820
21 8 1521
21 8 1239
21 8 1023
21 8 819
21 8 582
21 10 2089
21 10 1745
21 10 1556
21 10 1364
21 10 1163
21 10 968
21 10 1652
21 10 1353
21 10 1154
21 10 943
21 10 745
21 10 1769
21 10 1500
21 10 1318
21 10 1108
21 10 919
22 1 1452
22 1 1512
22 1 1453
22 1 1381
22 1 1775
22 1 1541
22 1 1545
22 1 1412
22 1 1559
22 1 1652
22 1 1765
22 1 1643
22 1 1664
22 1 1574
22 1 1654
22 2 1584
22 2 925
22 2 1495
22 2 902
22 2 1540
22 2 942
22 2 1658
22 2 1012
22 2 1365
22 2 755
22 2 1558
22 2 956
22 2 1665
22 2 950
22 2 1631
22 2 1003
22 2 1691
22 2 1099
22 4 1512
22 4 1032
22 4 712
22 4 1551
22 4 1214
22 4 852
22 4 1684
22 4 1242
22 4 887
22 4 1484
22 4 1137
22 4 802
22 4 1503
22 4 991
22 4 618
22 4 1693
22 4 1336
22 4 1000
22 5 1633
22 5 1239
22 5 934
22 5 628
22 5 1633
22 5 1349
22 5 1035
22 5 752
22 5 1606
22 5 1171
22 5 812
22 5 1762
22 5 1427
22 5 1130
22 5 834
22 5 1554
22 5 1152
22 5 848
22 5 567
22 5 1593
22 5 1295
22 5 1007
22 5 712
22 6 1672
22 6 1309
22 6 1054
22 6 805
22 6 1589
22 6 1332
22 6 1059
22 6 785
22 6 1342
22 6 977
22 6 733
22 6 491
22 6 1659
22 6 1396
22 6 1154
22 6 930
22 6 1643
22 6 1298
22 6 1025
22 6 758
22 6 1680
22 6 1432
22 6 1174
22 6 919
22 8 1615
22 8 1225
22 8 918
22 8 708
22 8 1669
22 8 1443
22 8 1215
22 8 987
22 8 783
22 8 1820
22 8 1512
22 8 1273
22 8 1025
22 8 828
22 8 1869
22 8 1568
22 8 1366
22 8 1179
22 8 969
22 10 1513
22 10 1253
22 10 1063
22 10 869
22 10 651
22 10 1613
22 10 1285
22 10 1118
22 10 927
22 10 712
22 10 1706
22 10 1407
22 10 1189
22 10 999
22 10 787
23 1 1987
23 1 1689
23 1 1333
23 1 1695
23 1 1417
23 1 1802
23 1 1537
23 1 1351
23 1 1491
23 1 1421
23 1 1665
23 1 1563
23 1 1672
23 1 1413
23 1 1612
23 2 1592
23 2 876
23 2 1516
23 2 910
23 2 1627
23 2 1045
23 2 1715
23 2 1031
23 2 1809
23 2 1218
23 2 1596
23 2 1026
23 2 1524
23 2 817
23 2 1401
23 2 826
23 2 1582
23 2 985
23 4 1585
23 4 1164
23 4 821
23 4 1332
23 4 991
23 4 1670
23 4 1249
23 4 922
23 4 1555
23 4 1203
23 4 856
23 4 1708
23 4 1271
23 4 926
23 4 1326
23 4 982
23 4 639
23 5 1563
23 5 1093
23 5 763
23 5 487
23 5 1846
23 5 1534
23 5 1226
23 5 917
23 5 1700
23 5 1309
23 5 1037
23 5 741
23 5 1680
23 5 1371
23 5 1051
23 5 725
23 5 1676
23 5 1244
23 5 944
23 5 638
23 5 1388
23 5 1064
23 5 780
23 5 494
23 6 1620
23 6 1268
23 6 954
23 6 678
23 6 1438
23 6 1151
23 6 865
23 6 610
23 6 1896
23 6 1515
23 6 1221
23 6 973
23 6 1632
23 6 1345
23 6 1069
23 6 795
23 6 1744
23 6 1231
23 6 962
23 6 676
23 6 1575
23 6 1149
23 6 859
23 6 605
23 8 1679
23 8 1308
23 8 1046
23 8 806
23 8 597
23 8 1662
23 8 1354
23 8 1124
23 8 934
23 8 724
23 8 1559
23 8 1187
23 8 981
23 8 753
23 8 546
23 10 1937
23 10 1619
23 10 1427
23 10 1263
23 10 1028
23 10 1803
23 10 1519
23 10 1349
23 10 1152
23 10 970
23 10 804
23 10 1816
23 10 1534
23 10 1355
23 10 1166
23 10 990
23 10 805
24 1 1752
24 1 1391
24 1 1498
24 1 1438
24 1 1392
24 1 1511
24 1 1459
24 1 1638
24 1 1463
24 1 1623
24 1 1770
24 1 1510
24 1 1371
24 1 1639
24 1 1563
24 2 1517
24 2 832
24 2 1450
24 2 873
24 2 1330
24 2 720
24 2 1617
24 2 908
24 2 1561
24 2 948
24 2 1590
24 2 946
24 2 1630
24 2 913
24 2 1556
24 2 960
24 2 1563
24 2 976
24 4 1390
24 4 956
24 4 596
24 4 1481
24 4 1142
24 4 784
24 4 1690
24 4 1215
24 4 882
24 4 1728
24 4 1401
24 4 1063
24 4 1546
24 4 1109
24 4 764
24 4 1568
24 4 1239
24 4 892
24 5 1562
24 5 1158
24 5 851
24 5 563
24 5 1664
24 5 1396
24 5 1077
24 5 814
24 5 1547
24 5 1146
24 5 845
24 5 569
24 5 1582
24 5 1279
24 5 1012
24 5 735
24 5 1944
24 5 1523
24 5 1221
24 5 924
24 5 1620
24 5 1327
24 5 1043
24 5 703
24 6 1830
24 6 1412
24 6 1120
24 6 872
24 6 1889
24 6 1632
24 6 1359
24 6 1102
24 6 1815
24 6 1432
24 6 1182
24 6 930
24 6 1599
24 6 1299
24 6 1027
24 6 763
24 6 1706
24 6 1343
24 6 1076
24 6 809
24 6 1502
24 6 1233
24 6 957
24 6 718
24 8 1746
24 8 1436
24 8 1218
24 8 1017
24 8 763
24 8 1766
24 8 1458
24 8 1208
24 8 952
24 8 747
24 8 1919
24 8 1599
24 8 1360
24 8 1140
24 8 929
24 10 1807
24 10 1478
24 10 1261
24 10 1075
24 10 884
24 10 719
24 10 1892
24 10 1644
24 10 1471
24 10 1276
24 10 1103
24 10 881
24 10 1778
24 10 1471
24 10 1261
24 10 1092
24 10 880
25 1 1778
25 1 1772
25 1 1725
25 1 1549
25 1 1599
25 1 1678
25 1 1730
25 1 1525
25 1 1532
25 1 1461
25 1 1771
25 1 1451
25 1 1535
25 1 1688
25 1 1579
25 2 1634
25 2 921
25 2 1588
25 2 985
25 2 1622
25 2 1009
25 2 1627
25 2 860
25 2 1521
25 2 924
25 2 1559
25 2 967
25 2 1522
25 2 853
25 2 1459
25 2 849
25 2 1644
25 2 1060
25 4 1593
25 4 1187
25 4 831
25 4 1673
25 4 1316
25 4 966
25 4 1387
25 4 943
25 4 601
25 4 1539
25 4 1189
25 4 835
25 4 1630
25 4 1214
25 4 867
25 4 1618
25 4 1249
25 4 917
25 5 1728
25 5 1340
25 5 1015
25 5 734
25 5 1653
25 5 1369
25 5 1042
25 5 732
25 5 1753
25 5 1358
25 5 1058
25 5 775
25 5 1614
25 5 1298
25 5 1003
25 5 721
25 5 1779
25 5 1388
25 5 1091
25 5 741
25 5 1623
25 5 1332
25 5 1004
25 6 1662
25 6 1329
25 6 1064
25 6 813
25 6 1878
25 6 1612
25 6 1367
25 6 1114
25 6 1659
25 6 1345
25 6 1073
25 6 799
25 6 2103
25 6 1784
25 6 1429
25 6 1152
25 6 1666
25 6 1286
25 6 994
25 6 733
25 6 1711
25 6 1399
25 6 1149
25 6 867
25 8 1854
25 8 1460
25 8 1210
25 8 939
25 8 1582
25 8 1352
25 8 1108
25 8 886
25 8 648
25 8 1880
25 8 1532
25 8 1330
25 8 1070
25 8 784
25 8 1695
25 8 1340
25 8 1113
25 8 861
25 8 1815
25 8 1551
25 8 1342
25 8 1101
25 8 887
25 10 1859
25 10 1567
25 10 1379
25 10 1173
25 10 980
25 10 1622
25 10 1324
25 10 1136
25 10 970
25 10 780
25 10 610
25 10 1730
25 10 1432
25 10 1219
25 10 1021
25 10 798
26 1 1561
26 1 1585
26 1 1883
26 1 1831
26 1 1713
26 1 1709
26 1 1439
26 1 1740
26 1 1617
26 1 1849
26 1 1430
26 1 1523
26 1 1635
26 1 1770
26 1 1616
26 2 1921
26 2 1274
26 2 1523
26 2 956
26 2 1760
26 2 1124
26 2 1637
26 2 934
26 2 1561
26 2 970
26 2 1547
26 2 941
26 2 1597
26 2 910
26 2 1560
26 2 964
26 2 1585
26 2 981
26 4 1575
26 4 1140
26 4 788
26 4 1712
26 4 1375
26 4 1029
26 4 2055
26 4 1544
26 4 1189
26 4 1685
26 4 1317
26 4 948
26 4 1813
26 4 1320
26 4 963
26 4 1696
26 4 1353
26 4 981
26 5 1696
26 5 1284
26 5 959
26 5 647
26 5 1505
26 5 1225
26 5 943
26 5 662
26 5 1827
26 5 1425
26 5 1096
26 5 798
26 5 1681
26 5 1402
26 5 1110
26 5 833
26 5 1867
26 5 1493
26 5 1205
26 5 917
26 5 1622
26 5 1294
26 5 982
26 5 707
26 6 1728
26 6 1342
26 6 1057
26 6 783
26 6 1656
26 6 1404
26 6 1133
26 6 866
26 6 2009
26 6 1636
26 6 1355
26 6 1065
26 6 1903
26 6 1617
26 6 1322
26 6 1032
26 6 2040
26 6 1674
26 6 1432
26 6 1177
26 6 1951
26 6 1673
26 6 1384
26 6 1136
26 8 1868
26 8 1570
26 8 1367
26 8 1154
26 8 920
26 8 1639
26 8 1310
26 8 1067
26 8 867
26 8 625
26 8 1798
26 8 1473
26 8 1240
26 8 1037
26 8 827
26 10 1604
26 10 1326
26 10 1144
26 10 932
26 10 692
26 10 1728
26 10 1462
26 10 1284
26 10 1114
26 10 905
26 10 1646
26 10 1372
26 10 1189
26 10 952
26 10 748
27 1 1808
27 1 1714
27 1 1498
27 1 1591
27 1 1717
27 1 1754
27 1 1580
27 1 1739
27 1 1682
27 1 1609
27 1 1847
27 1 1547
27 1 1654
27 1 1774
27 1 1827
27 2 1738
27 2 1034
27 2 1616
27 2 1047
27 2 1584
27 2 952
27 2 1899
27 2 1215
27 2 1618
27 2 1002
27 2 1563
27 2 988
27 2 1483
27 2 808
27 2 1545
27 2 968
27 2 1579
27 2 962
27 4 1853
27 4 1361
27 4 1000
27 4 1566
27 4 1225
27 4 871
27 4 1764
27 4 1340
27 4 1014
27 4 1577
27 4 1212
27 4 862
27 4 1606
27 4 1133
27 4 763
27 4 1751
27 4 1405
27 4 1050
27 5 1828
27 5 1410
27 5 1084
27 5 789
27 5 1472
27 5 1186
27 5 874
27 5 1905
27 5 1476
27 5 1180
27 5 901
27 5 1477
27 5 1181
27 5 898
27 5 595
27 5 1681
27 5 1263
27 5 942
27 5 1262
27 5 962
27 5 627
27 6 1627
27 6 1247
27 6 960
27 6 694
27 6 1865
27 6 1622
27 6 1335
27 6 1068
27 6 1504
27 6 1146
27 6 872
27 6 607
27 6 1587
27 6 1304
27 6 1068
27 6 793
27 6 1449
27 6 1068
27 6 796
27 6 528
27 6 1886
27 6 1613
27 6 1333
27 6 1036
27 8 1924
27 8 1566
27 8 1353
27 8 1115
27 8 880
27 8 1870
27 8 1533
27 8 1310
27 8 1113
27 8 852
27 8 1643
27 8 1348
27 8 1147
27 8 910
27 8 698
27 10 1745
27 10 1454
27 10 1265
27 10 1095
27 10 927
27 10 1655
27 10 1370
27 10 1170
27 10 998
27 10 818
27 10 639
27 10 1764
27 10 1485
27 10 1285
27 10 1077
27 10 880
27 10 714
28 1 1806
28 1 1505
28 1 1766
28 1 1752
28 1 1698
28 1 1686
28 1 1582
28 1 1471
28 1 1529
28 1 1573
28 1 1761
28 1 1847
28 1 1673
28 1 1846
28 1 1742
28 2 1896
28 2 1211
28 2 1736
28 2 1121
28 2 1721
28 2 1102
28 2 1981
28 2 1290
28 2 1577
28 2 1001
28 2 1652
28 2 1064
28 2 1458
28 2 782
28 2 1843
28 2 1265
28 2 1804
28 2 1236
28 4 1819
28 4 1359
28 4 991
28 4 1517
28 4 1121
28 4 779
28 4 1732
28 4 1307
28 4 947
28 4 1540
28 4 1217
28 4 894
28 4 1663
28 4 1200
28 4 858
28 4 1627
28 4 1272
28 4 903
28 5 1938
28 5 1542
28 5 1207
28 5 885
28 5 1498
28 5 1213
28 5 896
28 5 587
28 5 1698
28 5 1292
28 5 1010
28 5 685
28 5 1555
28 5 1259
28 5 950
28 5 670
28 5 1727
28 5 1379
28 5 1058
28 5 760
28 5 1724
28 5 1418
28 5 1123
28 5 811
28 6 1676
28 6 1331
28 6 1085
28 6 822
28 6 1717
28 6 1432
28 6 1166
28 6 888
28 6 1717
28 6 1310
28 6 1052
28 6 788
28 6 1663
28 6 1378
28 6 1144
28 6 880
28 6 1763
28 6 1387
28 6 1130
28 6 839
28 6 1581
28 6 1302
28 6 1033
28 6 763
28 8 1699
28 8 1330
28 8 1111
28 8 881
28 8 1901
28 8 1629
28 8 1364
28 8 1133
28 8 894
28 8 1895
28 8 1576
28 8 1341
28 8 1064
28 8 861
28 8 1746
28 8 1410
28 8 1113
28 8 862
28 8 1588
28 8 1333
28 8 1112
28 8 846
28 8 636
28 10 1674
28 10 1399
28 10 1215
28 10 1030
28 10 846
28 10 658
28 10 1896
28 10 1567
28 10 1372
28 10 1181
28 10 954
28 10 1919
28 10 1621
28 10 1438
28 10 1228
28 10 1048
28 10 869
29 1 1740
29 1 1687
29 1 1603
29 1 1635
29 1 1704
29 1 1782
29 1 1648
29 1 1782
29 1 1657
29 1 2042
29 1 1783
29 1 1429
29 1 1746
29 1 1482
29 1 1605
29 2 1639
29 2 927
29 2 1456
29 2 844
29 2 1761
29 2 1179
29 2 1760
29 2 1072
29 2 1559
29 2 991
29 2 1634
29 2 1031
29 2 1732
29 2 1027
29 2 1652
29 2 1047
29 2 1721
29 2 1157
29 4 1848
29 4 1372
29 4 998
29 4 1671
29 4 1229
29 4 856
29 4 1798
29 4 1353
29 4 1014
29 4 1543
29 4 1218
29 4 850
29 4 2004
29 4 1486
29 4 1156
29 4 1892
29 4 1554
29 4 1233
29 5 1709
29 5 1288
29 5 1005
29 5 713
29 5 1594
29 5 1297
29 5 1015
29 5 729
29 5 1731
29 5 1339
29 5 1056
29 5 753
29 5 1644
29 5 1354
29 5 1046
29 5 762
29 5 1926
29 5 1479
29 5 1167
29 5 861
29 5 1548
29 5 1241
29 5 943
29 6 1985
29 6 1568
29 6 1269
29 6 984
29 6 1851
29 6 1560
29 6 1273
29 6 974
29 6 1802
29 6 1431
29 6 1107
29 6 870
29 6 1540
29 6 1281
29 6 1011
29 6 774
29 6 1859
29 6 1517
29 6 1257
29 6 1004
29 6 1683
29 6 1390
29 6 1123
29 6 852
29 8 1758
29 8 1438
29 8 1242
29 8 1014
29 8 824
29 8 1985
29 8 1649
29 8 1424
29 8 1228
29 8 994
29 8 1866
29 8 1474
29 8 1248
29 8 1039
29 8 815
29 10 1717
29 10 1433
29 10 1267
29 10 1045
29 10 850
29 10 1948
29 10 1644
29 10 1438
29 10 1234
29 10 1036
29 10 1924
29 10 1636
29 10 1426
29 10 1249
29 10 1066
29 10 889
30 1 1822
30 1 1622
30 1 1806
30 1 1789
30 1 1629
30 1 1613
30 1 1648
30 1 1654
30 1 1553
30 1 1634
30 1 1878
30 1 1554
30 1 1685
30 1 1731
30 1 1568
30 2 1838
30 2 1146
30 2 1876
30 2 1242
30 2 1875
30 2 1253
30 2 1965
30 2 1242
30 2 2002
30 2 1330
30 2 1896
30 2 1136
30 2 1717
30 2 929
30 2 2033
30 2 1404
30 2 1695
30 2 1015
30 4 1873
30 4 1448
30 4 1086
30 4 1767
30 4 1442
30 4 1096
30 4 1894
30 4 1425
30 4 1063
30 4 1742
30 4 1373
30 4 1055
30 4 1734
30 4 1273
30 4 952
30 4 1691
30 4 1299
30 4 938
30 5 2088
30 5 1683
30 5 1403
30 5 1141
30 5 2022
30 5 1741
30 5 1461
30 5 1184
30 5 1737
30 5 1370
30 5 1089
30 5 806
30 5 1886
30 5 1594
30 5 1307
30 5 989
30 5 1623
30 5 1250
30 5 938
30 5 635
30 5 1562
30 5 1245
30 5 914
30 5 597
30 6 1813
30 6 1395
30 6 1102
30 6 816
30 6 1687
30 6 1392
30 6 1143
30 6 830
30 6 1943
30 6 1532
30 6 1243
30 6 958
30 6 1703
30 6 1423
30 6 1160
30 6 879
30 6 1676
30 6 1300
30 6 992
30 6 746
30 6 1962
30 6 1693
30 6 1390
30 6 1132
30 8 2045
30 8 1711
30 8 1467
30 8 1237
30 8 1020
30 8 1901
30 8 1565
30 8 1333
30 8 1098
30 8 900
30 8 2276
30 8 1957
30 8 1739
30 8 1547
30 8 1331
30 10 1972
30 10 1693
30 10 1509
30 10 1308
30 10 1112
30 10 1894
30 10 1595
30 10 1425
30 10 1246
30 10 1056
30 10 865
30 10 1971
30 10 1637
30 10 1464
30 10 1249
30 10 1032
32 1 1675
32 1 1707
32 1 1622
32 1 1722
32 1 1553
32 1 1870
32 1 1602
32 1 1455
32 1 2076
32 1 1977
32 1 1723
32 1 1726
32 1 1654
32 1 1777
32 1 1641
32 2 1885
32 2 1190
32 2 1617
32 2 1011
32 2 1688
32 2 1039
32 2 1845
32 2 1165
32 2 1539
32 2 925
32 2 1672
32 2 1034
32 2 1754
32 2 1036
32 2 1754
32 2 1118
32 2 1786
32 2 1141
32 4 1901
32 4 1452
32 4 1097
32 4 1679
32 4 1321
32 4 976
32 4 1704
32 4 1276
32 4 904
32 4 1585
32 4 1212
32 4 869
32 4 1962
32 4 1486
32 4 1079
32 4 1935
32 4 1550
32 4 1143
32 5 1659
32 5 1249
32 5 971
32 5 679
32 5 1767
32 5 1486
32 5 1221
32 5 897
32 5 1985
32 5 1508
32 5 1182
32 5 890
32 5 1559
32 5 1241
32 5 965
32 5 2048
32 5 1654
32 5 1353
32 5 1057
32 5 1731
32 5 1401
32 5 1095
32 5 780
32 6 1955
32 6 1610
32 6 1349
32 6 1071
32 6 1848
32 6 1533
32 6 1245
32 6 967
32 6 1838
32 6 1484
32 6 1207
32 6 964
32 6 1641
32 6 1348
32 6 1086
32 6 858
32 6 1862
32 6 1503
32 6 1227
32 6 953
32 6 1709
32 6 1435
32 6 1147
32 6 832
32 8 1813
32 8 1503
32 8 1279
32 8 1069
32 8 804
32 8 2003
32 8 1686
32 8 1442
32 8 1253
32 8 1057
32 8 1990
32 8 1638
32 8 1395
32 8 1197
32 8 976
32 10 1838
32 10 1513
32 10 1330
32 10 1116
32 10 939
32 10 769
32 10 2213
32 10 1917
32 10 1704
32 10 1511
32 10 1333
32 10 2014
32 10 1695
32 10 1483
32 10 1313
32 10 1097
34 1 2039
34 1 1772
34 1 1674
34 1 1855
34 1 1758
34 1 1927
34 1 1778
34 1 1989
34 1 1953
34 1 1856
34 1 1919
34 1 1657
34 1 1863
34 1 1745
34 1 1688
34 2 2007
34 2 1325
34 2 1740
34 2 1156
34 2 1963
34 2 1342
34 2 2038
34 2 1371
34 2 1739
34 2 1123
34 2 1966
34 2 1330
34 2 1720
34 2 1041
34 2 1794
34 2 1219
34 2 1688
34 2 1088
34 4 1989
34 4 1536
34 4 1191
34 4 1870
34 4 1522
34 4 1168
34 4 1835
34 4 1379
34 4 1058
34 4 1710
34 4 1323
34 4 984
34 4 1938
34 4 1481
34 4 1151
34 4 1899
34 4 1540
34 4 1199
34 5 1836
34 5 1434
34 5 1114
34 5 839
34 5 1839
34 5 1536
34 5 1267
34 5 938
34 5 1942
34 5 1487
34 5 1195
34 5 889
34 5 1628
34 5 1325
34 5 1026
34 5 736
34 5 1708
34 5 1321
34 5 1015
34 5 725
34 5 1750
34 5 1419
34 5 1144
34 5 848
34 6 1671
34 6 1324
34 6 1049
34 6 761
34 6 1588
34 6 1308
34 6 1052
34 6 742
34 6 2451
34 6 2039
34 6 1727
34 6 1479
34 6 2232
34 6 1924
34 6 1620
34 6 1318
34 6 1861
34 6 1495
34 6 1204
34 6 908
34 6 1747
34 6 1473
34 6 1211
34 6 956
34 8 1791
34 8 1484
34 8 1248
34 8 1051
34 8 842
34 8 1881
34 8 1573
34 8 1377
34 8 1180
34 8 953
34 8 2389
34 8 2036
34 8 1779
34 8 1566
34 8 2312
34 8 2067
34 8 1801
34 8 1585
34 8 1329
34 10 1683
34 10 1401
34 10 1175
34 10 996
34 10 822
34 10 644
34 10 1929
34 10 1572
34 10 1386
34 10 1210
34 10 1037
34 10 828
34 10 1735
34 10 1472
34 10 1256
34 10 1090
34 10 925
34 10 748
36 1 1806
36 1 1607
36 1 1920
36 1 1747
36 1 1697
36 1 2309
36 1 2124
36 1 2234
36 1 2127
36 1 1975
36 1 1940
36 1 1897
36 1 1932
36 1 1806
36 1 1743
36 2 1915
36 2 1238
36 2 1610
36 2 1029
36 2 1832
36 2 1178
36 2 1863
36 2 1146
36 2 1803
36 2 1187
36 2 1681
36 2 1050
36 2 2168
36 2 1491
36 2 1938
36 2 1325
36 2 1806
36 2 1170
36 4 1756
36 4 1282
36 4 939
36 4 1683
36 4 1311
36 4 973
36 4 2248
36 4 1805
36 4 1486
36 4 1832
36 4 1490
36 4 1114
36 4 1907
36 4 1443
36 4 1082
36 4 1793
36 4 1420
36 4 1088
36 5 1972
36 5 1532
36 5 1201
36 5 1971
36 5 1653
36 5 1379
36 5 1081
36 5 1898
36 5 1515
36 5 1204
36 5 939
36 5 1743
36 5 1446
36 5 1159
36 5 889
36 5 1712
36 5 1314
36 5 986
36 5 701
36 5 1891
36 5 1602
36 5 1285
36 5 989
36 6 2005
36 6 1653
36 6 1396
36 6 1125
36 6 2011
36 6 1720
36 6 1430
36 6 1182
36 6 2144
36 6 1829
36 6 1592
36 6 1314
36 6 1815
36 6 1510
36 6 1230
36 6 944
36 6 2160
36 6 1786
36 6 1510
36 6 1258
36 6 1876
36 6 1570
36 6 1249
36 6 998
36 8 2303
36 8 1947
36 8 1732
36 8 1456
36 8 1883
36 8 1582
36 8 1358
36 8 1140
36 8 930
36 8 1977
36 8 1675
36 8 1467
36 8 1241
36 8 1040
36 8 2032
36 8 1702
36 8 1508
36 8 1310
36 8 1090
36 10 2064
36 10 1784
36 10 1605
36 10 1356
36 10 1177
36 10 2019
36 10 1765
36 10 1541
36 10 1347
36 10 1121
36 10 2036
36 10 1647
36 10 1406
36 10 1163
36 10 1916
36 10 1717
36 10 1478
36 10 1240
36 10 951
38 1 1810
38 1 1636
38 1 1656
38 1 1924
38 1 1590
38 1 1918
38 1 1901
38 1 1893
38 1 1781
38 1 1783
38 1 1860
38 1 1883
38 1 1795
38 1 1799
38 1 1688
38 2 1835
38 2 1105
38 2 1981
38 2 1353
38 2 1744
38 2 1140
38 2 1902
38 2 1201
38 2 1721
38 2 1106
38 2 1884
38 2 1237
38 2 1781
38 2 1073
38 2 1682
38 2 1093
38 2 1807
38 2 1145
38 4 2140
38 4 1699
38 4 1336
38 4 1694
38 4 1365
38 4 992
38 4 2222
38 4 1756
38 4 1390
38 4 1768
38 4 1397
38 4 1053
38 4 1713
38 4 1220
38 4 883
38 4 1684
38 4 1328
38 4 954
38 5 1815
38 5 1372
38 5 1080
38 5 793
38 5 1657
38 5 1357
38 5 1059
38 5 763
38 5 2105
38 5 1689
38 5 1365
38 5 1465
38 5 1149
38 5 833
38 5 1955
38 5 1535
38 5 1213
38 5 911
38 5 1877
38 5 1540
38 5 1204
38 6 1828
38 6 1475
38 6 1195
38 6 929
38 6 1731
38 6 1452
38 6 1135
38 6 848
38 6 2068
38 6 1674
38 6 1392
38 6 1138
38 6 1667
38 6 1360
38 6 1082
38 6 797
38 6 2003
38 6 1590
38 6 1302
38 6 1032
38 6 2002
38 6 1704
38 6 1348
38 6 1118
38 8 1933
38 8 1615
38 8 1379
38 8 1157
38 8 922
38 8 1863
38 8 1528
38 8 1289
38 8 1046
38 8 837
38 8 1785
38 8 1471
38 8 1267
38 8 1022
38 8 789
38 10 2397
38 10 2080
38 10 1899
38 10 1694
38 10 1500
38 10 1922
38 10 1632
38 10 1420
38 10 1241
38 10 1076
38 10 896
38 10 2066
38 10 1726
38 10 1463
38 10 1233
38 10 1048
40 1 1921
40 1 1836
40 1 1952
40 1 1960
40 1 1933
40 1 2375
40 1 2339
40 1 2529
40 1 2300
40 1 2372
40 1 2242
40 1 2058
40 1 2182
40 1 1990
40 1 1983
40 2 1746
40 2 969
40 2 1914
40 2 1305
40 2 1836
40 2 1165
40 2 2283
40 2 1556
40 2 1715
40 2 1066
40 2 2008
40 2 1391
40 2 1758
40 2 1054
40 2 2054
40 2 1352
40 2 1945
40 2 1353
40 4 2109
40 4 1669
40 4 1289
40 4 2229
40 4 1846
40 4 1420
40 4 1990
40 4 1480
40 4 1136
40 4 1976
40 4 1657
40 4 1338
40 4 2115
40 4 1674
40 4 1336
40 4 1958
40 4 1580
40 4 1223
40 5 2048
40 5 1631
40 5 1274
40 5 987
40 5 1479
40 5 1159
40 5 842
40 5 2113
40 5 1670
40 5 1376
40 5 1078
40 5 1935
40 5 1610
40 5 1298
40 5 2078
40 5 1725
40 5 1406
40 5 1094
40 5 1903
40 5 1543
40 5 1205
40 6 2192
40 6 1785
40 6 1442
40 6 1191
40 6 2075
40 6 1842
40 6 1555
40 6 1276
40 6 1723
40 6 1411
40 6 1123
40 6 842
40 6 1740
40 6 1420
40 6 1130
40 6 891
40 6 2171
40 6 1811
40 6 1533
40 6 1254
40 6 2227
40 6 1931
40 6 1695
40 6 1465
40 8 2189
40 8 1817
40 8 1615
40 8 1375
40 8 1888
40 8 1585
40 8 1352
40 8 1166
40 8 931
40 8 2158
40 8 1821
40 8 1626
40 8 1387
40 8 1170
40 8 2139
40 8 1863
40 8 1628
40 8 1417
40 8 1176
40 10 2276
40 10 1982
40 10 1794
40 10 1622
40 10 1452
40 10 1237
40 10 1866
40 10 1556
40 10 1382
40 10 1161
40 10 961
40 10 1914
40 10 1603
40 10 1404
40 10 1222
40 10 981
45 1 2033
45 1 2109
45 1 1829
45 1 2034
45 1 1711
45 1 2105
45 1 2203
45 1 1944
45 1 2194
45 1 1939
45 1 2319
45 1 2263
45 1 2447
45 1 2395
45 1 2681
45 2 1955
45 2 1252
45 2 1950
45 2 1275
45 2 1899
45 2 1232
45 2 2162
45 2 1416
45 2 2007
45 2 1268
45 2 1750
45 2 1129
45 2 2308
45 2 1558
45 2 2237
45 2 1595
45 2 2263
45 2 1633
45 4 2030
45 4 1577
45 4 1193
45 4 2151
45 4 1772
45 4 1417
45 4 1845
45 4 1388
45 4 1010
45 4 1978
45 4 1579
45 4 1205
45 4 2081
45 4 1637
45 4 1270
45 4 1966
45 4 1633
45 4 1311
45 5 2274
45 5 1810
45 5 1449
45 5 1991
45 5 1657
45 5 1343
45 5 1015
45 5 2044
45 5 1666
45 5 1355
45 5 1908
45 5 1601
45 5 1323
45 5 1004
45 5 2247
45 5 1782
45 5 1489
45 5 1214
45 5 1781
45 5 1432
45 5 1125
45 6 2008
45 6 1521
45 6 1189
45 6 1962
45 6 1649
45 6 1362
45 6 1038
45 6 2143
45 6 1728
45 6 1390
45 6 1107
45 6 1898
45 6 1558
45 6 1187
45 6 2074
45 6 1663
45 6 1334
45 6 1003
45 6 1632
45 6 1306
45 6 1022
45 8 2087
45 8 1757
45 8 1494
45 8 1227
45 8 994
45 8 2458
45 8 2051
45 8 1817
45 8 1584
45 8 2288
45 8 2007
45 8 1761
45 8 1564
45 8 1368
45 8 1993
45 8 1664
45 8 1339
45 8 1036
45 8 1861
45 8 1591
45 8 1361
45 8 1166
45 8 923
45 10 2081
45 10 1749
45 10 1512
45 10 1208
45 10 998
45 10 1925
45 10 1619
45 10 1389
45 10 1117
45 10 904
45 10 2380
45 10 1868
45 10 1588
45 10 1369
45 10 1978
45 10 1725
45 10 1434
45 10 1193
45 10 1006
50 1 1903
50 1 2059
50 1 1959
50 1 1946
50 1 2540
50 1 1910
50 1 2064
50 1 2146
50 1 2442
50 1 2170
50 1 2479
50 1 2201
50 1 2177
50 1 2386
50 1 2150
50 2 2144
50 2 1413
50 2 2005
50 2 1365
50 2 2373
50 2 1740
50 2 2211
50 2 1438
50 2 2239
50 2 1644
50 2 1754
50 2 1156
50 2 2183
50 2 1288
50 2 2477
50 2 1848
50 2 2176
50 2 1552
50 4 2169
50 4 1662
50 4 1289
50 4 2151
50 4 1790
50 4 1416
50 4 1870
50 4 1404
50 4 1024
50 4 2147
50 4 1755
50 4 1391
50 4 2203
50 4 1749
50 4 1344
50 4 2246
50 4 1900
50 4 1526
50 5 2034
50 5 1611
50 5 1280
50 5 2030
50 5 1703
50 5 1381
50 5 1094
50 5 1963
50 5 1536
50 5 1239
50 5 918
50 5 1898
50 5 1553
50 5 1253
50 5 942
50 5 2167
50 5 1731
50 5 1377
50 5 1930
50 5 1594
50 5 1201
50 6 2158
50 6 1780
50 6 1438
50 6 1111
50 6 1979
50 6 1676
50 6 1382
50 6 1095
50 6 2503
50 6 2009
50 6 1647
50 6 2522
50 6 2187
50 6 1858
50 6 1891
50 6 1463
50 6 1154
50 6 858
50 6 2293
50 6 1988
50 6 1698
50 6 1398
50 8 1808
50 8 1459
50 8 1182
50 8 888
50 8 1908
50 8 1697
50 8 1436
50 8 1229
50 8 1015
50 8 2753
50 8 2297
50 8 1909
50 8 2501
50 8 2252
50 8 1975
50 8 1737
50 8 2106
50 8 1690
50 8 1427
50 8 1212
50 8 2137
50 8 1895
50 8 1645
50 8 1380
50 8 1176
50 10 2397
50 10 2048
50 10 1829
50 10 1639
50 10 1362
50 10 2150
50 10 1814
50 10 1551
50 10 1359
50 10 1149
50 10 2282
50 10 1990
50 10 1720
50 10 1504
50 10 1256
