R 1 1 1 000 1431358251345
R 1 1 1 001 1431358252415
R 1 1 1 002 1431358253472
R 1 1 1 003 1431358254542
R 1 1 1 004 1431358255611
---
W 1 1 1 000 1431358250855
W 1 1 1 001 1431358252277
W 1 1 1 002 1431358253378
W 1 1 1 003 1431358254435
W 1 1 1 004 1431358255510
W 1 1 1 005 0
W 1 1 1 006 0
W 1 1 1 007 0
W 1 1 1 008 0
W 1 1 1 009 0
***
R 1 1 2 000 1431358282917
R 1 1 2 001 1431358284031
R 1 1 2 002 1431358285110
R 1 1 2 003 1431358286170
R 1 1 2 004 1431358287226
---
W 1 1 2 000 1431358282722
W 1 1 2 001 1431358283885
W 1 1 2 002 1431358284997
W 1 1 2 003 1431358286068
W 1 1 2 004 1431358287122
W 1 1 2 005 0
W 1 1 2 006 0
W 1 1 2 007 0
W 1 1 2 008 0
W 1 1 2 009 0
***
R 1 2 1 000 1431358314527
R 1 2 1 001 1431358315132
R 1 2 1 002 1431358315711
R 1 2 1 003 1431358316277
R 1 2 1 004 1431358316848
---
W 1 2 1 000 1431358314341
W 1 2 1 001 1431358314988
W 1 2 1 002 1431358315597
W 1 2 1 003 1431358316166
W 1 2 1 004 1431358316735
W 1 2 1 005 1431358317308
W 1 2 1 006 0
W 1 2 1 007 0
W 1 2 1 008 0
W 1 2 1 009 0
***
R 1 2 2 000 1431358344150
R 1 2 2 001 1431358344748
R 1 2 2 002 1431358345324
R 1 2 2 003 1431358345890
R 1 2 2 004 1431358346456
---
W 1 2 2 000 1431358343954
W 1 2 2 001 1431358344614
W 1 2 2 002 1431358345213
W 1 2 2 003 1431358345783
W 1 2 2 004 1431358346352
W 1 2 2 005 1431358346922
W 1 2 2 006 0
W 1 2 2 007 0
W 1 2 2 008 0
W 1 2 2 009 0
***
R 1 4 1 000 1431358373692
R 1 4 1 001 1431358374058
R 1 4 1 002 1431358374361
R 1 4 1 003 1431358374661
R 1 4 1 004 1431358374982
---
W 1 4 1 000 1431358373502
W 1 4 1 001 1431358373906
W 1 4 1 002 1431358374269
W 1 4 1 003 1431358374572
W 1 4 1 004 1431358374876
W 1 4 1 005 1431358375194
W 1 4 1 006 1431358375523
W 1 4 1 007 0
W 1 4 1 008 0
W 1 4 1 009 0
***
R 1 4 2 000 1431358402293
R 1 4 2 001 1431358402660
R 1 4 2 002 1431358402995
R 1 4 2 003 1431358403306
R 1 4 2 004 1431358403631
---
W 1 4 2 000 1431358402102
W 1 4 2 001 1431358402504
W 1 4 2 002 1431358402869
W 1 4 2 003 1431358403197
W 1 4 2 004 1431358403518
W 1 4 2 005 1431358403842
W 1 4 2 006 1431358404178
W 1 4 2 007 0
W 1 4 2 008 0
W 1 4 2 009 0
***
R 1 5 1 000 1431358430977
R 1 5 1 001 1431358431274
R 1 5 1 002 1431358431545
R 1 5 1 003 1431358431810
R 1 5 1 004 1431358432064
---
W 1 5 1 000 1431358430781
W 1 5 1 001 1431358431130
W 1 5 1 002 1431358431430
W 1 5 1 003 1431358431704
W 1 5 1 004 1431358431971
W 1 5 1 005 1431358432227
W 1 5 1 006 1431358432508
W 1 5 1 007 0
W 1 5 1 008 0
W 1 5 1 009 0
***
R 1 5 2 000 1431358459306
R 1 5 2 001 1431358459608
R 1 5 2 002 1431358459887
R 1 5 2 003 1431358460152
R 1 5 2 004 1431358460415
---
W 1 5 2 000 1431358459097
W 1 5 2 001 1431358459459
W 1 5 2 002 1431358459768
W 1 5 2 003 1431358460043
W 1 5 2 004 1431358460312
W 1 5 2 005 1431358460580
W 1 5 2 006 1431358460858
W 1 5 2 007 0
W 1 5 2 008 0
W 1 5 2 009 0
***
R 1 6 1 000 1431358487632
R 1 6 1 001 1431358487898
R 1 6 1 002 1431358488144
R 1 6 1 003 1431358488374
R 1 6 1 004 1431358488612
---
W 1 6 1 000 1431358487434
W 1 6 1 001 1431358487756
W 1 6 1 002 1431358488027
W 1 6 1 003 1431358488266
W 1 6 1 004 1431358488504
W 1 6 1 005 1431358488740
W 1 6 1 006 1431358488983
W 1 6 1 007 0
W 1 6 1 008 0
W 1 6 1 009 0
***
R 1 6 2 000 1431358515797
R 1 6 2 001 1431358516066
R 1 6 2 002 1431358516308
R 1 6 2 003 1431358516540
R 1 6 2 004 1431358516775
---
W 1 6 2 000 1431358515610
W 1 6 2 001 1431358515921
W 1 6 2 002 1431358516191
W 1 6 2 003 1431358516433
W 1 6 2 004 1431358516666
W 1 6 2 005 1431358516901
W 1 6 2 006 1431358517155
W 1 6 2 007 0
W 1 6 2 008 0
W 1 6 2 009 0
***
R 1 8 1 000 1431358543964
R 1 8 1 001 1431358544200
R 1 8 1 002 1431358544404
R 1 8 1 003 1431358544590
R 1 8 1 004 1431358544793
---
W 1 8 1 000 1431358543778
W 1 8 1 001 1431358544052
W 1 8 1 002 1431358544287
W 1 8 1 003 1431358544483
W 1 8 1 004 1431358544678
W 1 8 1 005 1431358544875
W 1 8 1 006 1431358545079
W 1 8 1 007 1431358545280
W 1 8 1 008 0
W 1 8 1 009 0
***
R 1 8 2 000 1431358572038
R 1 8 2 001 1431358572272
R 1 8 2 002 1431358572470
R 1 8 2 003 1431358572664
R 1 8 2 004 1431358572853
---
W 1 8 2 000 1431358571846
W 1 8 2 001 1431358572124
W 1 8 2 002 1431358572358
W 1 8 2 003 1431358572550
W 1 8 2 004 1431358572748
W 1 8 2 005 1431358572944
W 1 8 2 006 1431358573160
W 1 8 2 007 1431358573362
W 1 8 2 008 0
W 1 8 2 009 0
***
R 1 10 1 000 1431358600066
R 1 10 1 001 1431358600291
R 1 10 1 002 1431358600468
R 1 10 1 003 1431358600634
R 1 10 1 004 1431358600804
---
W 1 10 1 000 1431358599889
W 1 10 1 001 1431358600130
W 1 10 1 002 1431358600351
W 1 10 1 003 1431358600524
W 1 10 1 004 1431358600693
W 1 10 1 005 1431358600865
W 1 10 1 006 1431358601042
W 1 10 1 007 1431358601218
W 1 10 1 008 0
W 1 10 1 009 0
***
R 1 10 2 000 1431358628045
R 1 10 2 001 1431358628256
R 1 10 2 002 1431358628437
R 1 10 2 003 1431358628590
R 1 10 2 004 1431358628765
---
W 1 10 2 000 1431358627849
W 1 10 2 001 1431358628102
W 1 10 2 002 1431358628314
W 1 10 2 003 1431358628488
W 1 10 2 004 1431358628654
W 1 10 2 005 1431358628827
W 1 10 2 006 1431358629001
W 1 10 2 007 1431358629178
W 1 10 2 008 0
W 1 10 2 009 0
***
R 3 1 1 000 1431358658961
R 3 1 1 001 1431358660087
R 3 1 1 002 1431358661145
R 3 1 1 003 1431358662215
R 3 1 1 004 1431358663292
---
W 3 1 1 000 1431358658750
W 3 1 1 001 1431358659928
W 3 1 1 002 1431358661044
W 3 1 1 003 1431358662109
W 3 1 1 004 1431358663172
W 3 1 1 005 1431358664244
W 3 1 1 006 0
W 3 1 1 007 0
W 3 1 1 008 0
W 3 1 1 009 0
***
R 3 1 2 000 1431358694553
R 3 1 2 001 1431358695682
R 3 1 2 002 1431358696756
R 3 1 2 003 1431358697813
R 3 1 2 004 1431358698883
---
W 3 1 2 000 1431358694345
W 3 1 2 001 1431358695522
W 3 1 2 002 1431358696637
W 3 1 2 003 1431358697700
W 3 1 2 004 1431358698767
W 3 1 2 005 1431358699840
W 3 1 2 006 0
W 3 1 2 007 0
W 3 1 2 008 0
W 3 1 2 009 0
***
R 3 2 1 000 1431358730354
R 3 2 1 001 1431358730992
R 3 2 1 002 1431358731537
R 3 2 1 003 1431358732113
R 3 2 1 004 1431358732670
---
W 3 2 1 000 1431358730159
W 3 2 1 001 1431358730818
W 3 2 1 002 1431358731432
W 3 2 1 003 1431358731996
W 3 2 1 004 1431358732567
W 3 2 1 005 1431358733132
W 3 2 1 006 1431358733713
W 3 2 1 007 1431358734304
W 3 2 1 008 0
W 3 2 1 009 0
***
R 3 2 2 000 1431358764232
R 3 2 2 001 1431358764845
R 3 2 2 002 1431358765407
R 3 2 2 003 1431358765987
R 3 2 2 004 1431358766545
---
W 3 2 2 000 1431358764015
W 3 2 2 001 1431358764699
W 3 2 2 002 1431358765299
W 3 2 2 003 1431358765870
W 3 2 2 004 1431358766439
W 3 2 2 005 1431358767002
W 3 2 2 006 1431358767585
W 3 2 2 007 1431358768165
W 3 2 2 008 0
W 3 2 2 009 0
***
R 3 4 1 000 1431358798273
R 3 4 1 001 1431358798656
R 3 4 1 002 1431358798974
R 3 4 1 003 1431358799284
R 3 4 1 004 1431358799601
---
W 3 4 1 000 1431358798056
W 3 4 1 001 1431358798494
W 3 4 1 002 1431358798865
W 3 4 1 003 1431358799177
W 3 4 1 004 1431358799494
W 3 4 1 005 1431358799813
W 3 4 1 006 1431358800132
W 3 4 1 007 1431358800464
W 3 4 1 008 1431358800794
W 3 4 1 009 1431358801119
***
R 3 4 2 000 1431358831008
R 3 4 2 001 1431358831377
R 3 4 2 002 1431358831696
R 3 4 2 003 1431358832011
R 3 4 2 004 1431358832327
---
W 3 4 2 000 1431358830767
W 3 4 2 001 1431358831219
W 3 4 2 002 1431358831578
W 3 4 2 003 1431358831896
W 3 4 2 004 1431358832214
W 3 4 2 005 1431358832535
W 3 4 2 006 1431358832875
W 3 4 2 007 1431358833198
W 3 4 2 008 1431358833512
W 3 4 2 009 1431358833827
***
R 3 5 1 000 1431358863617
R 3 5 1 001 1431358863938
R 3 5 1 002 1431358864211
R 3 5 1 003 1431358864484
R 3 5 1 004 1431358864752
---
W 3 5 1 000 1431358863401
W 3 5 1 001 1431358863787
W 3 5 1 002 1431358864096
W 3 5 1 003 1431358864363
W 3 5 1 004 1431358864630
W 3 5 1 005 1431358864902
W 3 5 1 006 1431358865221
W 3 5 1 007 1431358865499
W 3 5 1 008 1431358865785
W 3 5 1 009 1431358866057
***
R 3 5 2 000 1431358895934
R 3 5 2 001 1431358896251
R 3 5 2 002 1431358896507
R 3 5 2 003 1431358896786
R 3 5 2 004 1431358897054
---
W 3 5 2 000 1431358895719
W 3 5 2 001 1431358896101
W 3 5 2 002 1431358896414
W 3 5 2 003 1431358896671
W 3 5 2 004 1431358896943
W 3 5 2 005 1431358897212
W 3 5 2 006 1431358897515
W 3 5 2 007 1431358897795
W 3 5 2 008 1431358898080
W 3 5 2 009 1431358898339
***
R 3 6 1 000 1431358928238
R 3 6 1 001 1431358928528
R 3 6 1 002 1431358928759
R 3 6 1 003 1431358928990
R 3 6 1 004 1431358929207
---
W 3 6 1 000 1431358928016
W 3 6 1 001 1431358928374
W 3 6 1 002 1431358928651
W 3 6 1 003 1431358928882
W 3 6 1 004 1431358929110
W 3 6 1 005 1431358929333
W 3 6 1 006 1431358929560
W 3 6 1 007 1431358929805
W 3 6 1 008 1431358930047
W 3 6 1 009 1431358930294
***
R 3 6 2 000 1431358960362
R 3 6 2 001 1431358960629
R 3 6 2 002 1431358960878
R 3 6 2 003 1431358961092
R 3 6 2 004 1431358961332
---
W 3 6 2 000 1431358960117
W 3 6 2 001 1431358960481
W 3 6 2 002 1431358960756
W 3 6 2 003 1431358960991
W 3 6 2 004 1431358961218
W 3 6 2 005 1431358961455
W 3 6 2 006 1431358961732
W 3 6 2 007 1431358961969
W 3 6 2 008 1431358962207
W 3 6 2 009 1431358962455
***
R 3 8 1 000 1431358992288
R 3 8 1 001 1431358992534
R 3 8 1 002 1431358992724
R 3 8 1 003 1431358992917
R 3 8 1 004 1431358993110
---
W 3 8 1 000 1431358992057
W 3 8 1 001 1431358992383
W 3 8 1 002 1431358992618
W 3 8 1 003 1431358992812
W 3 8 1 004 1431358993001
W 3 8 1 005 1431358993197
W 3 8 1 006 1431358993386
W 3 8 1 007 1431358993602
W 3 8 1 008 1431358993801
W 3 8 1 009 1431358994015
***
R 3 8 2 000 1431359023851
R 3 8 2 001 1431359024107
R 3 8 2 002 1431359024312
R 3 8 2 003 1431359024512
R 3 8 2 004 1431359024676
---
W 3 8 2 000 1431359023626
W 3 8 2 001 1431359023950
W 3 8 2 002 1431359024192
W 3 8 2 003 1431359024390
W 3 8 2 004 1431359024577
W 3 8 2 005 1431359024766
W 3 8 2 006 1431359024955
W 3 8 2 007 1431359025154
W 3 8 2 008 1431359025349
W 3 8 2 009 1431359025576
***
R 3 10 1 000 1431359055480
R 3 10 1 001 1431359055721
R 3 10 1 002 1431359055882
R 3 10 1 003 1431359056049
R 3 10 1 004 1431359056199
---
W 3 10 1 000 1431359055257
W 3 10 1 001 1431359055554
W 3 10 1 002 1431359055773
W 3 10 1 003 1431359055945
W 3 10 1 004 1431359056105
W 3 10 1 005 1431359056265
W 3 10 1 006 1431359056431
W 3 10 1 007 1431359056608
W 3 10 1 008 1431359056773
W 3 10 1 009 1431359056939
***
R 3 10 2 000 1431359087189
R 3 10 2 001 1431359087378
R 3 10 2 002 1431359087550
R 3 10 2 003 1431359087708
R 3 10 2 004 1431359087877
---
W 3 10 2 000 1431359086920
W 3 10 2 001 1431359087226
W 3 10 2 002 1431359087437
W 3 10 2 003 1431359087605
W 3 10 2 004 1431359087768
W 3 10 2 005 1431359087927
W 3 10 2 006 1431359088093
W 3 10 2 007 1431359088274
W 3 10 2 008 1431359088441
W 3 10 2 009 1431359088610
***
R 5 1 1 000 1431359121717
R 5 1 1 001 1431359122838
R 5 1 1 002 1431359123910
R 5 1 1 003 1431359124978
R 5 1 1 004 1431359126041
---
W 5 1 1 000 1431359121471
W 5 1 1 001 1431359122688
W 5 1 1 002 1431359123798
W 5 1 1 003 1431359124858
W 5 1 1 004 1431359125917
W 5 1 1 005 1431359126984
W 5 1 1 006 1431359128066
W 5 1 1 007 0
W 5 1 1 008 0
W 5 1 1 009 0
***
R 5 1 2 000 1431359161343
R 5 1 2 001 1431359162457
R 5 1 2 002 1431359163518
R 5 1 2 003 1431359164599
R 5 1 2 004 1431359165679
---
W 5 1 2 000 1431359161123
W 5 1 2 001 1431359162299
W 5 1 2 002 1431359163406
W 5 1 2 003 1431359164478
W 5 1 2 004 1431359165555
W 5 1 2 005 1431359166637
W 5 1 2 006 1431359167706
W 5 1 2 007 0
W 5 1 2 008 0
W 5 1 2 009 0
***
R 5 2 1 000 1431359201084
R 5 2 1 001 1431359201693
R 5 2 1 002 1431359202268
R 5 2 1 003 1431359202843
R 5 2 1 004 1431359203425
---
W 5 2 1 000 1431359200817
W 5 2 1 001 1431359201527
W 5 2 1 002 1431359202151
W 5 2 1 003 1431359202719
W 5 2 1 004 1431359203299
W 5 2 1 005 1431359203877
W 5 2 1 006 1431359204469
W 5 2 1 007 1431359205049
W 5 2 1 008 1431359205631
W 5 2 1 009 1431359206214
***
R 5 2 2 000 1431359238915
R 5 2 2 001 1431359239507
R 5 2 2 002 1431359240081
R 5 2 2 003 1431359240657
R 5 2 2 004 1431359241222
---
W 5 2 2 000 1431359238648
W 5 2 2 001 1431359239355
W 5 2 2 002 1431359239956
W 5 2 2 003 1431359240531
W 5 2 2 004 1431359241098
W 5 2 2 005 1431359241664
W 5 2 2 006 1431359242249
W 5 2 2 007 1431359242831
W 5 2 2 008 1431359243405
W 5 2 2 009 0
***
R 5 4 1 000 1431359276502
R 5 4 1 001 1431359276869
R 5 4 1 002 1431359277212
R 5 4 1 003 1431359277544
R 5 4 1 004 1431359277847
---
W 5 4 1 000 1431359276236
W 5 4 1 001 1431359276699
W 5 4 1 002 1431359277088
W 5 4 1 003 1431359277416
W 5 4 1 004 1431359277743
W 5 4 1 005 1431359278050
W 5 4 1 006 1431359278378
W 5 4 1 007 1431359278714
W 5 4 1 008 1431359279063
W 5 4 1 009 1431359279391
***
R 5 4 2 000 1431359312801
R 5 4 2 001 1431359313196
R 5 4 2 002 1431359313512
R 5 4 2 003 1431359313833
R 5 4 2 004 1431359314168
---
W 5 4 2 000 1431359312512
W 5 4 2 001 1431359313011
W 5 4 2 002 1431359313401
W 5 4 2 003 1431359313717
W 5 4 2 004 1431359314041
W 5 4 2 005 1431359314369
W 5 4 2 006 1431359314747
W 5 4 2 007 1431359315074
W 5 4 2 008 1431359315409
W 5 4 2 009 1431359315750
***
R 5 5 1 000 1431359349065
R 5 5 1 001 1431359349381
R 5 5 1 002 1431359349697
R 5 5 1 003 1431359350005
R 5 5 1 004 1431359350274
---
W 5 5 1 000 1431359348779
W 5 5 1 001 1431359349220
W 5 5 1 002 1431359349557
W 5 5 1 003 1431359349873
W 5 5 1 004 1431359350148
W 5 5 1 005 1431359350438
W 5 5 1 006 1431359350745
W 5 5 1 007 1431359351024
W 5 5 1 008 1431359351312
W 5 5 1 009 1431359351579
***
R 5 5 2 000 1431359385118
R 5 5 2 001 1431359385402
R 5 5 2 002 1431359385711
R 5 5 2 003 1431359385971
R 5 5 2 004 1431359386239
---
W 5 5 2 000 1431359384814
W 5 5 2 001 1431359385261
W 5 5 2 002 1431359385588
W 5 5 2 003 1431359385862
W 5 5 2 004 1431359386129
W 5 5 2 005 1431359386418
W 5 5 2 006 1431359386727
W 5 5 2 007 1431359387025
W 5 5 2 008 1431359387315
W 5 5 2 009 1431359387593
***
R 5 6 1 000 1431359421209
R 5 6 1 001 1431359421454
R 5 6 1 002 1431359421694
R 5 6 1 003 1431359422011
R 5 6 1 004 1431359422195
---
W 5 6 1 000 1431359420869
W 5 6 1 001 1431359421285
W 5 6 1 002 1431359421578
W 5 6 1 003 1431359421828
W 5 6 1 004 1431359422073
W 5 6 1 005 1431359422309
W 5 6 1 006 1431359422594
W 5 6 1 007 1431359422844
W 5 6 1 008 1431359423140
W 5 6 1 009 1431359423376
***
R 5 6 2 000 1431359456974
R 5 6 2 001 1431359457297
R 5 6 2 002 1431359457523
R 5 6 2 003 1431359457767
R 5 6 2 004 1431359458012
---
W 5 6 2 000 1431359456708
W 5 6 2 001 1431359457109
W 5 6 2 002 1431359457404
W 5 6 2 003 1431359457642
W 5 6 2 004 1431359457887
W 5 6 2 005 1431359458135
W 5 6 2 006 1431359458461
W 5 6 2 007 1431359458694
W 5 6 2 008 1431359458977
W 5 6 2 009 1431359459210
***
R 5 8 1 000 1431359493140
R 5 8 1 001 1431359493411
R 5 8 1 002 1431359493626
R 5 8 1 003 1431359493848
R 5 8 1 004 1431359494063
---
W 5 8 1 000 1431359492846
W 5 8 1 001 1431359493224
W 5 8 1 002 1431359493493
W 5 8 1 003 1431359493707
W 5 8 1 004 1431359493905
W 5 8 1 005 1431359494146
W 5 8 1 006 1431359494392
W 5 8 1 007 1431359494650
W 5 8 1 008 1431359494848
W 5 8 1 009 1431359495053
***
R 5 8 2 000 1431359528873
R 5 8 2 001 1431359529151
R 5 8 2 002 1431359529382
R 5 8 2 003 1431359529571
R 5 8 2 004 1431359529763
---
W 5 8 2 000 1431359528588
W 5 8 2 001 1431359528984
W 5 8 2 002 1431359529244
W 5 8 2 003 1431359529451
W 5 8 2 004 1431359529647
W 5 8 2 005 1431359529844
W 5 8 2 006 1431359530068
W 5 8 2 007 1431359530269
W 5 8 2 008 1431359530486
W 5 8 2 009 1431359530693
***
R 5 10 1 000 1431359564663
R 5 10 1 001 1431359564881
R 5 10 1 002 1431359565101
R 5 10 1 003 1431359565287
R 5 10 1 004 1431359565488
---
W 5 10 1 000 1431359564336
W 5 10 1 001 1431359564704
W 5 10 1 002 1431359564949
W 5 10 1 003 1431359565141
W 5 10 1 004 1431359565348
W 5 10 1 005 1431359565552
W 5 10 1 006 1431359565736
W 5 10 1 007 1431359565930
W 5 10 1 008 1431359566127
W 5 10 1 009 1431359566318
***
R 5 10 2 000 1431359600427
R 5 10 2 001 1431359600634
R 5 10 2 002 1431359600829
R 5 10 2 003 1431359601006
R 5 10 2 004 1431359601244
---
W 5 10 2 000 1431359600087
W 5 10 2 001 1431359600469
W 5 10 2 002 1431359600712
W 5 10 2 003 1431359600890
W 5 10 2 004 1431359601104
W 5 10 2 005 1431359601309
W 5 10 2 006 1431359601519
W 5 10 2 007 1431359601727
W 5 10 2 008 1431359601912
W 5 10 2 009 1431359602113
***
R 10 1 1 000 1431359643248
R 10 1 1 001 1431359644387
R 10 1 1 002 1431359645518
R 10 1 1 003 1431359646571
R 10 1 1 004 1431359647681
---
W 10 1 1 000 1431359642926
W 10 1 1 001 1431359644203
W 10 1 1 002 1431359645358
W 10 1 1 003 1431359646442
W 10 1 1 004 1431359647510
W 10 1 1 005 1431359648634
W 10 1 1 006 1431359649729
W 10 1 1 007 1431359650817
W 10 1 1 008 1431359651908
W 10 1 1 009 1431359652982
***
R 10 1 2 000 1431359693051
R 10 1 2 001 1431359694169
R 10 1 2 002 1431359695300
R 10 1 2 003 1431359696445
R 10 1 2 004 1431359697515
---
W 10 1 2 000 1431359692750
W 10 1 2 001 1431359693997
W 10 1 2 002 1431359695107
W 10 1 2 003 1431359696293
W 10 1 2 004 1431359697368
W 10 1 2 005 1431359698528
W 10 1 2 006 1431359699627
W 10 1 2 007 1431359700728
W 10 1 2 008 1431359701819
W 10 1 2 009 1431359702904
***
R 10 2 1 000 1431359743052
R 10 2 1 001 1431359743774
R 10 2 1 002 1431359744409
R 10 2 1 003 1431359745030
R 10 2 1 004 1431359745590
---
W 10 2 1 000 1431359742748
W 10 2 1 001 1431359743533
W 10 2 1 002 1431359744190
W 10 2 1 003 1431359744844
W 10 2 1 004 1431359745447
W 10 2 1 005 1431359746014
W 10 2 1 006 1431359746673
W 10 2 1 007 1431359747336
W 10 2 1 008 1431359747928
W 10 2 1 009 1431359748525
***
R 10 2 2 000 1431359790328
R 10 2 2 001 1431359791067
R 10 2 2 002 1431359791728
R 10 2 2 003 1431359792321
R 10 2 2 004 1431359792934
---
W 10 2 2 000 1431359789997
W 10 2 2 001 1431359790833
W 10 2 2 002 1431359791495
W 10 2 2 003 1431359792166
W 10 2 2 004 1431359792768
W 10 2 2 005 1431359793341
W 10 2 2 006 1431359793926
W 10 2 2 007 1431359794643
W 10 2 2 008 1431359795253
W 10 2 2 009 1431359795882
***
R 10 4 1 000 1431359838546
R 10 4 1 001 1431359838956
R 10 4 1 002 1431359839443
R 10 4 1 003 1431359839797
R 10 4 1 004 1431359840257
---
W 10 4 1 000 1431359837971
W 10 4 1 001 1431359838749
W 10 4 1 002 1431359839211
W 10 4 1 003 1431359839635
W 10 4 1 004 1431359840044
W 10 4 1 005 1431359840455
W 10 4 1 006 1431359840922
W 10 4 1 007 1431359841305
W 10 4 1 008 1431359841783
W 10 4 1 009 1431359842154
***
R 10 4 2 000 1431359886368
R 10 4 2 001 1431359886879
R 10 4 2 002 1431359887232
R 10 4 2 003 1431359887817
R 10 4 2 004 1431359888182
---
W 10 4 2 000 1431359885899
W 10 4 2 001 1431359886570
W 10 4 2 002 1431359887035
W 10 4 2 003 1431359887548
W 10 4 2 004 1431359888004
W 10 4 2 005 1431359888408
W 10 4 2 006 1431359888914
W 10 4 2 007 1431359889342
W 10 4 2 008 1431359889905
W 10 4 2 009 1431359890275
***
R 10 5 1 000 1431359933986
R 10 5 1 001 1431359934403
R 10 5 1 002 1431359934796
R 10 5 1 003 1431359935137
R 10 5 1 004 1431359935509
---
W 10 5 1 000 1431359933426
W 10 5 1 001 1431359934131
W 10 5 1 002 1431359934590
W 10 5 1 003 1431359934941
W 10 5 1 004 1431359935318
W 10 5 1 005 1431359935788
W 10 5 1 006 1431359936240
W 10 5 1 007 1431359936549
W 10 5 1 008 1431359936909
W 10 5 1 009 1431359937227
***
R 10 5 2 000 1431359981410
R 10 5 2 001 1431359981905
R 10 5 2 002 1431359982322
R 10 5 2 003 1431359982820
R 10 5 2 004 1431359983234
---
W 10 5 2 000 1431359980907
W 10 5 2 001 1431359981635
W 10 5 2 002 1431359982070
W 10 5 2 003 1431359982473
W 10 5 2 004 1431359982986
W 10 5 2 005 1431359983378
W 10 5 2 006 1431359983969
W 10 5 2 007 1431359984282
W 10 5 2 008 1431359984655
W 10 5 2 009 1431359984995
***
R 10 6 1 000 1431360028963
R 10 6 1 001 1431360029405
R 10 6 1 002 1431360029841
R 10 6 1 003 1431360030193
R 10 6 1 004 1431360030527
---
W 10 6 1 000 1431360028443
W 10 6 1 001 1431360029093
W 10 6 1 002 1431360029542
W 10 6 1 003 1431360029931
W 10 6 1 004 1431360030268
W 10 6 1 005 1431360030632
W 10 6 1 006 1431360031046
W 10 6 1 007 1431360031410
W 10 6 1 008 1431360031709
W 10 6 1 009 1431360032132
***
R 10 6 2 000 1431360077091
R 10 6 2 001 1431360077500
R 10 6 2 002 1431360077901
R 10 6 2 003 1431360078334
R 10 6 2 004 1431360078621
---
W 10 6 2 000 1431360076502
W 10 6 2 001 1431360077191
W 10 6 2 002 1431360077635
W 10 6 2 003 1431360077992
W 10 6 2 004 1431360078414
W 10 6 2 005 1431360078763
W 10 6 2 006 1431360079123
W 10 6 2 007 1431360079512
W 10 6 2 008 1431360079785
W 10 6 2 009 1431360080299
***
R 10 8 1 000 1431360171625
R 10 8 1 001 1431360174146
R 10 8 1 002 1431360176019
R 10 8 1 003 1431360178828
R 10 8 1 004 1431360180123
---
W 10 8 1 000 1431360167926
W 10 8 1 001 1431360171880
W 10 8 1 002 1431360174439
W 10 8 1 003 1431360176268
W 10 8 1 004 1431360178876
W 10 8 1 005 1431360180306
W 10 8 1 006 1431360182056
W 10 8 1 007 1431360184539
W 10 8 1 008 1431360186404
W 10 8 1 009 1431360187693
***
R 10 8 2 000 1431360286179
R 10 8 2 001 1431360289239
R 10 8 2 002 1431360290957
R 10 8 2 003 1431360292519
R 10 8 2 004 1431360294527
---
W 10 8 2 000 1431360281177
W 10 8 2 001 1431360286356
W 10 8 2 002 1431360289633
W 10 8 2 003 1431360291220
W 10 8 2 004 1431360292797
W 10 8 2 005 1431360294494
W 10 8 2 006 1431360297418
W 10 8 2 007 1431360299202
W 10 8 2 008 1431360301184
W 10 8 2 009 1431360302798
***
R 10 10 1 000 1431360401759
R 10 10 1 001 1431360404523
R 10 10 1 002 1431360406425
R 10 10 1 003 1431360409063
R 10 10 1 004 1431360410612
---
W 10 10 1 000 1431360397820
W 10 10 1 001 1431360402043
W 10 10 1 002 1431360404787
W 10 10 1 003 1431360406758
W 10 10 1 004 1431360409124
W 10 10 1 005 1431360410855
W 10 10 1 006 1431360413238
W 10 10 1 007 1431360415116
W 10 10 1 008 1431360416554
W 10 10 1 009 1431360417988
***
R 10 10 2 000 1431360515611
R 10 10 2 001 1431360518978
R 10 10 2 002 1431360520457
R 10 10 2 003 1431360522305
R 10 10 2 004 1431360523447
---
W 10 10 2 000 1431360511466
W 10 10 2 001 1431360515854
W 10 10 2 002 1431360518968
W 10 10 2 003 1431360520671
W 10 10 2 004 1431360522320
W 10 10 2 005 1431360523491
W 10 10 2 006 1431360526157
W 10 10 2 007 1431360528415
W 10 10 2 008 1431360529874
W 10 10 2 009 1431360531298
***
R 15 1 1 000 1431360779479
R 15 1 1 001 1431360782502
R 15 1 1 002 1431360784595
R 15 1 1 003 1431360786884
R 15 1 1 004 1431360789066
---
W 15 1 1 000 1431360775171
W 15 1 1 001 1431360780476
W 15 1 1 002 1431360783464
W 15 1 1 003 1431360785564
W 15 1 1 004 1431360788068
W 15 1 1 005 1431360790277
W 15 1 1 006 1431360793025
W 15 1 1 007 1431360795492
W 15 1 1 008 1431360797296
W 15 1 1 009 1431360799289
***
R 15 1 2 000 1431360889320
R 15 1 2 001 1431360892338
R 15 1 2 002 1431360895136
R 15 1 2 003 1431360897447
R 15 1 2 004 1431360899520
---
W 15 1 2 000 1431360886061
W 15 1 2 001 1431360890249
W 15 1 2 002 1431360893549
W 15 1 2 003 1431360896228
W 15 1 2 004 1431360898538
W 15 1 2 005 1431360900371
W 15 1 2 006 1431360903766
W 15 1 2 007 1431360905232
W 15 1 2 008 1431360906627
W 15 1 2 009 1431360908067
***
R 15 2 1 000 1431360990010
R 15 2 1 001 1431360993076
R 15 2 1 002 1431360996174
R 15 2 1 003 1431360997867
R 15 2 1 004 1431360999571
---
W 15 2 1 000 1431360986411
W 15 2 1 001 1431360990659
W 15 2 1 002 1431360994353
W 15 2 1 003 1431360996717
W 15 2 1 004 1431360998494
W 15 2 1 005 1431361000364
W 15 2 1 006 1431361003434
W 15 2 1 007 1431361005539
W 15 2 1 008 1431361006533
W 15 2 1 009 1431361007329
***
R 15 2 2 000 1431361096551
R 15 2 2 001 1431361098672
R 15 2 2 002 1431361100572
R 15 2 2 003 1431361102195
R 15 2 2 004 1431361103967
---
W 15 2 2 000 1431361093680
W 15 2 2 001 1431361097232
W 15 2 2 002 1431361099318
W 15 2 2 003 1431361101271
W 15 2 2 004 1431361103026
W 15 2 2 005 1431361104381
W 15 2 2 006 1431361107396
W 15 2 2 007 1431361109304
W 15 2 2 008 1431361110378
W 15 2 2 009 1431361111324
***
R 15 4 1 001 1431361201937
R 15 4 1 002 1431361203809
R 15 4 1 003 1431361205824
R 15 4 1 004 1431361208023
R 15 4 1 005 1431361209616
---
W 15 4 1 000 1431361196079
W 15 4 1 001 1431361199687
W 15 4 1 002 1431361202681
W 15 4 1 003 1431361204098
W 15 4 1 004 1431361206244
W 15 4 1 005 1431361208211
W 15 4 1 006 1431361209918
W 15 4 1 007 1431361211170
W 15 4 1 008 1431361212117
W 15 4 1 009 1431361214163
***
R 15 4 2 000 1431361306192
R 15 4 2 001 1431361308701
R 15 4 2 002 1431361310513
R 15 4 2 003 1431361312118
R 15 4 2 004 1431361313572
---
W 15 4 2 000 1431361302454
W 15 4 2 001 1431361306585
W 15 4 2 002 1431361309286
W 15 4 2 003 1431361310832
W 15 4 2 004 1431361312507
W 15 4 2 005 1431361313920
W 15 4 2 006 1431361316820
W 15 4 2 007 1431361318788
W 15 4 2 008 1431361320468
W 15 4 2 009 1431361321190
***
R 15 5 1 000 1431361412555
R 15 5 1 001 1431361414427
R 15 5 1 002 1431361415864
R 15 5 1 003 1431361417905
R 15 5 1 004 1431361419394
---
W 15 5 1 000 1431361409018
W 15 5 1 001 1431361412775
W 15 5 1 002 1431361414862
W 15 5 1 003 1431361416236
W 15 5 1 004 1431361418087
W 15 5 1 005 1431361419515
W 15 5 1 006 1431361420646
W 15 5 1 007 1431361422718
W 15 5 1 008 1431361424413
W 15 5 1 009 1431361425039
***
R 15 5 2 000 1431361512824
R 15 5 2 001 1431361514800
R 15 5 2 002 1431361516547
R 15 5 2 003 1431361517776
R 15 5 2 004 1431361518904
---
W 15 5 2 000 1431361509082
W 15 5 2 001 1431361513045
W 15 5 2 002 1431361514970
W 15 5 2 003 1431361516839
W 15 5 2 004 1431361517948
W 15 5 2 005 1431361519249
W 15 5 2 006 1431361521184
W 15 5 2 007 1431361523133
W 15 5 2 008 1431361524184
W 15 5 2 009 1431361525108
***
R 15 6 1 000 1431361613179
R 15 6 1 001 1431361614980
R 15 6 1 002 1431361617039
R 15 6 1 003 1431361618340
R 15 6 1 004 1431361619700
---
W 15 6 1 000 1431361610099
W 15 6 1 001 1431361613339
W 15 6 1 002 1431361615185
W 15 6 1 003 1431361617261
W 15 6 1 004 1431361618726
W 15 6 1 005 1431361619849
W 15 6 1 006 1431361621533
W 15 6 1 007 1431361622583
W 15 6 1 008 1431361624294
W 15 6 1 009 1431361625768
***
R 15 6 2 001 1431361719020
R 15 6 2 002 1431361720651
R 15 6 2 003 1431361721690
R 15 6 2 004 1431361723106
R 15 6 2 005 1431361724313
---
W 15 6 2 000 1431361713749
W 15 6 2 001 1431361717228
W 15 6 2 002 1431361719279
W 15 6 2 003 1431361720798
W 15 6 2 004 1431361721925
W 15 6 2 005 1431361723421
W 15 6 2 006 1431361724585
W 15 6 2 007 1431361726766
W 15 6 2 008 1431361727696
W 15 6 2 009 1431361729020
***
R 15 8 1 000 1431361823518
R 15 8 1 001 1431361825309
R 15 8 1 002 1431361826495
R 15 8 1 003 1431361828503
R 15 8 1 004 1431361829783
---
W 15 8 1 000 1431361820351
W 15 8 1 001 1431361823613
W 15 8 1 002 1431361825538
W 15 8 1 003 1431361827143
W 15 8 1 004 1431361828737
W 15 8 1 005 1431361829959
W 15 8 1 006 1431361831187
W 15 8 1 007 1431361833274
W 15 8 1 008 1431361834451
W 15 8 1 009 1431361835183
***
R 15 8 2 000 1431361927207
R 15 8 2 001 1431361929398
R 15 8 2 002 1431361930991
R 15 8 2 003 1431361932386
R 15 8 2 004 1431361933685
---
W 15 8 2 000 1431361923795
W 15 8 2 001 1431361927343
W 15 8 2 002 1431361929580
W 15 8 2 003 1431361931224
W 15 8 2 004 1431361932627
W 15 8 2 005 1431361933911
W 15 8 2 006 1431361936455
W 15 8 2 007 1431361937592
W 15 8 2 008 1431361938436
W 15 8 2 009 1431361939190
***
R 15 8 3 000 1431365199763
R 15 8 3 001 1431365200057
R 15 8 3 002 1431365200280
R 15 8 3 003 1431365200481
R 15 8 3 004 1431365200722
---
W 15 8 3 000 1431365199357
W 15 8 3 001 1431365199841
W 15 8 3 002 1431365200116
W 15 8 3 003 1431365200365
W 15 8 3 004 1431365200580
W 15 8 3 005 1431365200812
W 15 8 3 006 1431365201126
W 15 8 3 007 1431365201369
W 15 8 3 008 1431365201565
W 15 8 3 009 1431365201790
***
R 15 10 1 000 1431365267417
R 15 10 1 001 1431365267740
R 15 10 1 002 1431365267938
R 15 10 1 003 1431365268131
R 15 10 1 004 1431365268384
---
W 15 10 1 000 1431365267048
W 15 10 1 001 1431365267523
W 15 10 1 002 1431365267792
W 15 10 1 003 1431365268005
W 15 10 1 004 1431365268218
W 15 10 1 005 1431365268432
W 15 10 1 006 1431365268621
W 15 10 1 007 1431365268814
W 15 10 1 008 1431365268991
W 15 10 1 009 1431365269171
***
R 15 10 2 000 1431365333311
R 15 10 2 001 1431365333558
R 15 10 2 002 1431365333773
R 15 10 2 003 1431365334018
R 15 10 2 004 1431365334211
---
W 15 10 2 000 1431365332922
W 15 10 2 001 1431365333358
W 15 10 2 002 1431365333607
W 15 10 2 003 1431365333818
W 15 10 2 004 1431365334063
W 15 10 2 005 1431365334276
W 15 10 2 006 1431365334494
W 15 10 2 007 1431365334686
W 15 10 2 008 1431365334863
W 15 10 2 009 1431365335044
***
R 15 10 3 000 1431365401195
R 15 10 3 001 1431365401437
R 15 10 3 002 1431365401705
R 15 10 3 003 1431365401884
R 15 10 3 004 1431365402114
---
W 15 10 3 000 1431365400732
W 15 10 3 001 1431365401263
W 15 10 3 002 1431365401512
W 15 10 3 003 1431365401748
W 15 10 3 004 1431365401956
W 15 10 3 005 1431365402180
W 15 10 3 006 1431365402366
W 15 10 3 007 1431365402546
W 15 10 3 008 1431365402716
W 15 10 3 009 1431365402884
***
R 20 1 1 000 1431365532386
R 20 1 1 001 1431365533518
R 20 1 1 002 1431365534567
R 20 1 1 003 1431365535635
R 20 1 1 004 1431365536720
---
W 20 1 1 000 1431365532116
W 20 1 1 001 1431365533334
W 20 1 1 002 1431365534446
W 20 1 1 003 1431365535515
W 20 1 1 004 1431365536588
W 20 1 1 005 1431365537664
W 20 1 1 006 1431365538741
W 20 1 1 007 1431365539830
W 20 1 1 008 1431365540920
W 20 1 1 009 1431365542007
***
R 20 1 2 000 1431365738729
R 20 1 2 001 1431365739882
R 20 1 2 002 1431365740979
R 20 1 2 003 1431365742043
R 20 1 2 004 1431365743120
---
W 20 1 2 000 1431365738470
W 20 1 2 001 1431365739691
W 20 1 2 002 1431365740842
W 20 1 2 003 1431365741932
W 20 1 2 004 1431365743002
W 20 1 2 005 1431365744073
W 20 1 2 006 1431365745149
W 20 1 2 007 1431365746231
W 20 1 2 008 1431365747307
W 20 1 2 009 1431365748391
***
R 20 1 3 000 1431365996544
R 20 1 3 001 1431365997654
R 20 1 3 002 1431365998730
R 20 1 3 003 1431365999853
R 20 1 3 004 1431366000959
---
W 20 1 3 000 1431365996197
W 20 1 3 001 1431365997487
W 20 1 3 002 1431365998613
W 20 1 3 003 1431365999680
W 20 1 3 004 1431366000798
W 20 1 3 005 1431366001905
W 20 1 3 006 1431366002979
W 20 1 3 007 1431366004045
W 20 1 3 008 1431366005133
W 20 1 3 009 1431366006204
***
R 20 2 1 000 1431366193263
R 20 2 1 001 1431366193905
R 20 2 1 002 1431366194465
R 20 2 1 003 1431366195059
R 20 2 1 004 1431366195650
---
W 20 2 1 000 1431366192947
W 20 2 1 001 1431366193717
W 20 2 1 002 1431366194355
W 20 2 1 003 1431366194934
W 20 2 1 004 1431366195524
W 20 2 1 005 1431366196090
W 20 2 1 006 1431366196670
W 20 2 1 007 1431366197248
W 20 2 1 008 1431366197828
W 20 2 1 009 1431366198435
***
R 20 2 2 000 1431366386854
R 20 2 2 001 1431366387515
R 20 2 2 002 1431366388103
R 20 2 2 003 1431366388662
R 20 2 2 004 1431366389215
---
W 20 2 2 000 1431366386580
W 20 2 2 001 1431366387321
W 20 2 2 002 1431366387970
W 20 2 2 003 1431366388545
W 20 2 2 004 1431366389116
W 20 2 2 005 1431366389679
W 20 2 2 006 1431366390255
W 20 2 2 007 1431366390825
W 20 2 2 008 1431366391409
W 20 2 2 009 1431366392009
***
R 20 2 3 000 1431366592478
R 20 2 3 001 1431366593140
R 20 2 3 002 1431366593706
R 20 2 3 003 1431366594280
R 20 2 3 004 1431366594846
---
W 20 2 3 000 1431366592176
W 20 2 3 001 1431366592932
W 20 2 3 002 1431366593581
W 20 2 3 003 1431366594157
W 20 2 3 004 1431366594725
W 20 2 3 005 1431366595302
W 20 2 3 006 1431366595889
W 20 2 3 007 1431366596462
W 20 2 3 008 1431366597033
W 20 2 3 009 1431366597601
***
R 20 4 1 000 1431366811966
R 20 4 1 001 1431366812329
R 20 4 1 002 1431366812709
R 20 4 1 003 1431366813023
R 20 4 1 004 1431366813358
---
W 20 4 1 000 1431366811645
W 20 4 1 001 1431366812161
W 20 4 1 002 1431366812534
W 20 4 1 003 1431366812893
W 20 4 1 004 1431366813229
W 20 4 1 005 1431366813562
W 20 4 1 006 1431366813897
W 20 4 1 007 1431366814227
W 20 4 1 008 1431366814561
W 20 4 1 009 1431366814881
***
R 20 4 2 000 1431367029297
R 20 4 2 001 1431367029693
R 20 4 2 002 1431367030052
R 20 4 2 003 1431367030397
R 20 4 2 004 1431367030728
---
W 20 4 2 000 1431367028951
W 20 4 2 001 1431367029509
W 20 4 2 002 1431367029893
W 20 4 2 003 1431367030258
W 20 4 2 004 1431367030610
W 20 4 2 005 1431367030945
W 20 4 2 006 1431367031293
W 20 4 2 007 1431367031619
W 20 4 2 008 1431367031954
W 20 4 2 009 1431367032279
***
R 20 4 3 000 1431367225995
R 20 4 3 001 1431367226404
R 20 4 3 002 1431367226740
R 20 4 3 003 1431367227082
R 20 4 3 004 1431367227462
---
W 20 4 3 000 1431367225629
W 20 4 3 001 1431367226197
W 20 4 3 002 1431367226617
W 20 4 3 003 1431367226966
W 20 4 3 004 1431367227295
W 20 4 3 005 1431367227673
W 20 4 3 006 1431367227998
W 20 4 3 007 1431367228337
W 20 4 3 008 1431367228664
W 20 4 3 009 1431367228986
***
R 20 5 1 000 1431367418005
R 20 5 1 001 1431367418341
R 20 5 1 002 1431367418610
R 20 5 1 003 1431367418914
R 20 5 1 004 1431367419234
---
W 20 5 1 000 1431367417645
W 20 5 1 001 1431367418160
W 20 5 1 002 1431367418480
W 20 5 1 003 1431367418778
W 20 5 1 004 1431367419060
W 20 5 1 005 1431367419372
W 20 5 1 006 1431367419670
W 20 5 1 007 1431367419971
W 20 5 1 008 1431367420254
W 20 5 1 009 1431367420521
***
R 20 5 2 000 1431367608741
R 20 5 2 001 1431367609061
R 20 5 2 002 1431367609401
R 20 5 2 003 1431367609672
R 20 5 2 004 1431367609933
---
W 20 5 2 000 1431367608363
W 20 5 2 001 1431367608888
W 20 5 2 002 1431367609261
W 20 5 2 003 1431367609546
W 20 5 2 004 1431367609816
W 20 5 2 005 1431367610100
W 20 5 2 006 1431367610369
W 20 5 2 007 1431367610655
W 20 5 2 008 1431367610932
W 20 5 2 009 1431367611207
***
R 20 5 3 000 1431367803622
R 20 5 3 001 1431367803985
R 20 5 3 002 1431367804209
R 20 5 3 003 1431367804510
R 20 5 3 004 1431367804804
---
W 20 5 3 000 1431367803256
W 20 5 3 001 1431367803748
W 20 5 3 002 1431367804081
W 20 5 3 003 1431367804371
W 20 5 3 004 1431367804655
W 20 5 3 005 1431367804935
W 20 5 3 006 1431367805235
W 20 5 3 007 1431367805548
W 20 5 3 008 1431367805813
W 20 5 3 009 1431367806084
***
R 20 6 1 000 1431367998925
R 20 6 1 001 1431367999250
R 20 6 1 002 1431367999543
R 20 6 1 003 1431367999786
R 20 6 1 004 1431368000043
---
W 20 6 1 000 1431367998592
W 20 6 1 001 1431367999063
W 20 6 1 002 1431367999351
W 20 6 1 003 1431367999643
W 20 6 1 004 1431367999905
W 20 6 1 005 1431368000173
W 20 6 1 006 1431368000468
W 20 6 1 007 1431368000763
W 20 6 1 008 1431368001010
W 20 6 1 009 1431368001244
***
R 20 6 2 000 1431368196715
R 20 6 2 001 1431368197039
R 20 6 2 002 1431368197297
R 20 6 2 003 1431368197543
R 20 6 2 004 1431368197790
---
W 20 6 2 000 1431368196347
W 20 6 2 001 1431368196846
W 20 6 2 002 1431368197173
W 20 6 2 003 1431368197418
W 20 6 2 004 1431368197663
W 20 6 2 005 1431368197903
W 20 6 2 006 1431368198186
W 20 6 2 007 1431368198431
W 20 6 2 008 1431368198680
W 20 6 2 009 1431368198920
***
R 20 6 3 000 1431368395191
R 20 6 3 001 1431368395521
R 20 6 3 002 1431368395795
R 20 6 3 003 1431368396064
R 20 6 3 004 1431368396299
---
W 20 6 3 000 1431368394825
W 20 6 3 001 1431368395311
W 20 6 3 002 1431368395641
W 20 6 3 003 1431368395921
W 20 6 3 004 1431368396168
W 20 6 3 005 1431368396418
W 20 6 3 006 1431368396694
W 20 6 3 007 1431368396957
W 20 6 3 008 1431368397195
W 20 6 3 009 1431368397440
***
R 20 8 1 000 1431368595117
R 20 8 1 001 1431368595386
R 20 8 1 002 1431368595624
R 20 8 1 003 1431368595867
R 20 8 1 004 1431368596140
---
W 20 8 1 000 1431368594743
W 20 8 1 001 1431368595188
W 20 8 1 002 1431368595466
W 20 8 1 003 1431368595727
W 20 8 1 004 1431368595982
W 20 8 1 005 1431368596211
W 20 8 1 006 1431368596472
W 20 8 1 007 1431368596679
W 20 8 1 008 1431368596910
W 20 8 1 009 1431368597098
***
R 20 8 2 000 1431368802764
R 20 8 2 001 1431368803046
R 20 8 2 002 1431368803275
R 20 8 2 003 1431368803505
R 20 8 2 004 1431368803711
---
W 20 8 2 000 1431368802392
W 20 8 2 001 1431368802853
W 20 8 2 002 1431368803137
W 20 8 2 003 1431368803344
W 20 8 2 004 1431368803592
W 20 8 2 005 1431368803804
W 20 8 2 006 1431368804058
W 20 8 2 007 1431368804271
W 20 8 2 008 1431368804497
W 20 8 2 009 1431368804694
***
R 20 8 3 000 1431369006420
R 20 8 3 001 1431369006787
R 20 8 3 002 1431369007021
R 20 8 3 003 1431369007222
R 20 8 3 004 1431369007454
---
W 20 8 3 000 1431369006081
W 20 8 3 001 1431369006528
W 20 8 3 002 1431369006873
W 20 8 3 003 1431369007102
W 20 8 3 004 1431369007329
W 20 8 3 005 1431369007538
W 20 8 3 006 1431369007737
W 20 8 3 007 1431369007953
W 20 8 3 008 1431369008160
W 20 8 3 009 1431369008358
***
R 20 10 1 000 1431369212888
R 20 10 1 001 1431369213190
R 20 10 1 002 1431369213341
R 20 10 1 003 1431369213529
R 20 10 1 004 1431369213717
---
W 20 10 1 000 1431369212512
W 20 10 1 001 1431369212940
W 20 10 1 002 1431369213210
W 20 10 1 003 1431369213399
W 20 10 1 004 1431369213592
W 20 10 1 005 1431369213771
W 20 10 1 006 1431369213948
W 20 10 1 007 1431369214138
W 20 10 1 008 1431369214317
W 20 10 1 009 1431369214499
***
R 20 10 2 000 1431369429820
R 20 10 2 001 1431369430067
R 20 10 2 002 1431369430253
R 20 10 2 003 1431369430448
R 20 10 2 004 1431369430636
---
W 20 10 2 000 1431369429437
W 20 10 2 001 1431369429897
W 20 10 2 002 1431369430127
W 20 10 2 003 1431369430308
W 20 10 2 004 1431369430514
W 20 10 2 005 1431369430730
W 20 10 2 006 1431369430903
W 20 10 2 007 1431369431088
W 20 10 2 008 1431369431264
W 20 10 2 009 1431369431435
***
R 20 10 3 000 1431369641070
R 20 10 3 001 1431369641323
R 20 10 3 002 1431369641530
R 20 10 3 003 1431369641778
R 20 10 3 004 1431369641973
---
W 20 10 3 000 1431369640699
W 20 10 3 001 1431369641149
W 20 10 3 002 1431369641392
W 20 10 3 003 1431369641578
W 20 10 3 004 1431369641816
W 20 10 3 005 1431369642020
W 20 10 3 006 1431369642208
W 20 10 3 007 1431369642416
W 20 10 3 008 1431369642633
W 20 10 3 009 1431369642797
***
R 25 1 1 000 1431369893392
R 25 1 1 001 1431369894535
R 25 1 1 002 1431369895650
R 25 1 1 003 1431369896782
R 25 1 1 004 1431369897856
---
W 25 1 1 000 1431369893030
W 25 1 1 001 1431369894372
W 25 1 1 002 1431369895519
W 25 1 1 003 1431369896646
W 25 1 1 004 1431369897730
W 25 1 1 005 1431369898809
W 25 1 1 006 1431369899889
W 25 1 1 007 1431369900977
W 25 1 1 008 1431369902053
W 25 1 1 009 1431369903127
***
R 25 1 2 000 1431370090054
R 25 1 2 001 1431370091191
R 25 1 2 002 1431370092312
R 25 1 2 003 1431370093420
R 25 1 2 004 1431370094508
---
W 25 1 2 000 1431370089740
W 25 1 2 001 1431370091031
W 25 1 2 002 1431370092189
W 25 1 2 003 1431370093272
W 25 1 2 004 1431370094367
W 25 1 2 005 1431370095474
W 25 1 2 006 1431370096551
W 25 1 2 007 1431370097644
W 25 1 2 008 1431370098723
W 25 1 2 009 1431370099804
***
R 25 1 3 000 1431370339311
R 25 1 3 001 1431370340446
R 25 1 3 002 1431370341543
R 25 1 3 003 1431370342654
R 25 1 3 004 1431370343724
---
W 25 1 3 000 1431370338965
W 25 1 3 001 1431370340272
W 25 1 3 002 1431370341393
W 25 1 3 003 1431370342502
W 25 1 3 004 1431370343593
W 25 1 3 005 1431370344671
W 25 1 3 006 1431370345754
W 25 1 3 007 1431370346833
W 25 1 3 008 1431370347917
W 25 1 3 009 1431370348995
***
R 25 2 1 000 1431370547453
R 25 2 1 001 1431370548057
R 25 2 1 002 1431370548651
R 25 2 1 003 1431370549240
R 25 2 1 004 1431370549840
---
W 25 2 1 000 1431370547047
W 25 2 1 001 1431370547891
W 25 2 1 002 1431370548520
W 25 2 1 003 1431370549110
W 25 2 1 004 1431370549687
W 25 2 1 005 1431370550280
W 25 2 1 006 1431370550862
W 25 2 1 007 1431370551437
W 25 2 1 008 1431370552013
W 25 2 1 009 1431370552587
***
R 25 2 2 000 1431370759856
R 25 2 2 001 1431370760480
R 25 2 2 002 1431370761073
R 25 2 2 003 1431370761629
R 25 2 2 004 1431370762206
---
W 25 2 2 000 1431370759475
W 25 2 2 001 1431370760303
W 25 2 2 002 1431370760933
W 25 2 2 003 1431370761523
W 25 2 2 004 1431370762089
W 25 2 2 005 1431370762661
W 25 2 2 006 1431370763238
W 25 2 2 007 1431370763813
W 25 2 2 008 1431370764384
W 25 2 2 009 1431370765001
***
R 25 2 3 000 1431370988613
R 25 2 3 001 1431370989241
R 25 2 3 002 1431370989827
R 25 2 3 003 1431370990436
R 25 2 3 004 1431370990992
---
W 25 2 3 000 1431370988252
W 25 2 3 001 1431370989052
W 25 2 3 002 1431370989700
W 25 2 3 003 1431370990281
W 25 2 3 004 1431370990859
W 25 2 3 005 1431370991446
W 25 2 3 006 1431370992026
W 25 2 3 007 1431370992601
W 25 2 3 008 1431370993170
W 25 2 3 009 1431370993729
***
R 25 4 1 000 1431371205738
R 25 4 1 001 1431371206140
R 25 4 1 002 1431371206465
R 25 4 1 003 1431371206836
R 25 4 1 004 1431371207167
---
W 25 4 1 000 1431371205331
W 25 4 1 001 1431371205948
W 25 4 1 002 1431371206331
W 25 4 1 003 1431371206707
W 25 4 1 004 1431371207034
W 25 4 1 005 1431371207372
W 25 4 1 006 1431371207701
W 25 4 1 007 1431371208051
W 25 4 1 008 1431371208380
W 25 4 1 009 1431371208699
***
R 25 4 2 000 1431371453402
R 25 4 2 001 1431371453799
R 25 4 2 002 1431371454136
R 25 4 2 003 1431371454481
R 25 4 2 004 1431371454822
---
W 25 4 2 000 1431371453036
W 25 4 2 001 1431371453609
W 25 4 2 002 1431371454001
W 25 4 2 003 1431371454348
W 25 4 2 004 1431371454687
W 25 4 2 005 1431371455012
W 25 4 2 006 1431371455338
W 25 4 2 007 1431371455680
W 25 4 2 008 1431371455995
W 25 4 2 009 1431371456324
***
R 25 4 3 000 1431371667701
R 25 4 3 001 1431371668069
R 25 4 3 002 1431371668404
R 25 4 3 003 1431371668730
R 25 4 3 004 1431371669048
---
W 25 4 3 000 1431371667344
W 25 4 3 001 1431371667896
W 25 4 3 002 1431371668269
W 25 4 3 003 1431371668604
W 25 4 3 004 1431371668935
W 25 4 3 005 1431371669257
W 25 4 3 006 1431371669643
W 25 4 3 007 1431371669967
W 25 4 3 008 1431371670292
W 25 4 3 009 1431371670616
***
R 25 5 1 000 1431371913754
R 25 5 1 001 1431371914100
R 25 5 1 002 1431371914387
R 25 5 1 003 1431371914664
R 25 5 1 004 1431371914943
---
W 25 5 1 000 1431371913363
W 25 5 1 001 1431371913905
W 25 5 1 002 1431371914243
W 25 5 1 003 1431371914522
W 25 5 1 004 1431371914799
W 25 5 1 005 1431371915077
W 25 5 1 006 1431371915388
W 25 5 1 007 1431371915661
W 25 5 1 008 1431371915927
W 25 5 1 009 1431371916211
***
R 25 5 2 000 1431372128976
R 25 5 2 001 1431372129306
R 25 5 2 002 1431372129637
R 25 5 2 003 1431372129940
R 25 5 2 004 1431372130214
---
W 25 5 2 000 1431372128597
W 25 5 2 001 1431372129133
W 25 5 2 002 1431372129496
W 25 5 2 003 1431372129769
W 25 5 2 004 1431372130076
W 25 5 2 005 1431372130380
W 25 5 2 006 1431372130702
W 25 5 2 007 1431372130973
W 25 5 2 008 1431372131252
W 25 5 2 009 1431372131510
***
R 25 5 3 000 1431372386294
R 25 5 3 001 1431372386628
R 25 5 3 002 1431372386935
R 25 5 3 003 1431372387228
R 25 5 3 004 1431372387536
---
W 25 5 3 000 1431372385865
W 25 5 3 001 1431372386452
W 25 5 3 002 1431372386797
W 25 5 3 003 1431372387098
W 25 5 3 004 1431372387383
W 25 5 3 005 1431372387675
W 25 5 3 006 1431372388018
W 25 5 3 007 1431372388284
W 25 5 3 008 1431372388553
W 25 5 3 009 1431372388820
***
R 25 6 1 000 1431372596909
R 25 6 1 001 1431372597219
R 25 6 1 002 1431372597517
R 25 6 1 003 1431372597792
R 25 6 1 004 1431372598059
---
W 25 6 1 000 1431372596512
W 25 6 1 001 1431372597027
W 25 6 1 002 1431372597329
W 25 6 1 003 1431372597640
W 25 6 1 004 1431372597920
W 25 6 1 005 1431372598177
W 25 6 1 006 1431372598478
W 25 6 1 007 1431372598724
W 25 6 1 008 1431372598972
W 25 6 1 009 1431372599203
***
R 25 6 2 000 1431372814255
R 25 6 2 001 1431372814567
R 25 6 2 002 1431372814839
R 25 6 2 003 1431372815098
R 25 6 2 004 1431372815426
---
W 25 6 2 000 1431372813867
W 25 6 2 001 1431372814369
W 25 6 2 002 1431372814673
W 25 6 2 003 1431372814982
W 25 6 2 004 1431372815250
W 25 6 2 005 1431372815492
W 25 6 2 006 1431372815789
W 25 6 2 007 1431372816027
W 25 6 2 008 1431372816266
W 25 6 2 009 1431372816503
***
R 25 6 3 000 1431373041756
R 25 6 3 001 1431373042077
R 25 6 3 002 1431373042375
R 25 6 3 003 1431373042585
R 25 6 3 004 1431373042898
---
W 25 6 3 000 1431373041363
W 25 6 3 001 1431373041890
W 25 6 3 002 1431373042194
W 25 6 3 003 1431373042453
W 25 6 3 004 1431373042737
W 25 6 3 005 1431373043032
W 25 6 3 006 1431373043339
W 25 6 3 007 1431373043589
W 25 6 3 008 1431373043844
W 25 6 3 009 1431373044099
***
R 25 8 1 000 1431373290741
R 25 8 1 001 1431373290983
R 25 8 1 002 1431373291199
R 25 8 1 003 1431373291423
R 25 8 1 004 1431373291633
---
W 25 8 1 000 1431373290287
W 25 8 1 001 1431373290813
W 25 8 1 002 1431373291069
W 25 8 1 003 1431373291278
W 25 8 1 004 1431373291504
W 25 8 1 005 1431373291717
W 25 8 1 006 1431373291938
W 25 8 1 007 1431373292155
W 25 8 1 008 1431373292375
W 25 8 1 009 1431373292576
***
R 25 8 2 000 1431373509053
R 25 8 2 001 1431373509418
R 25 8 2 002 1431373509618
R 25 8 2 003 1431373509865
R 25 8 2 004 1431373510111
---
W 25 8 2 000 1431373508622
W 25 8 2 001 1431373509152
W 25 8 2 002 1431373509472
W 25 8 2 003 1431373509724
W 25 8 2 004 1431373509955
W 25 8 2 005 1431373510181
W 25 8 2 006 1431373510415
W 25 8 2 007 1431373510617
W 25 8 2 008 1431373510842
W 25 8 2 009 1431373511050
***
R 25 8 3 000 1431373773022
R 25 8 3 001 1431373773307
R 25 8 3 002 1431373773532
R 25 8 3 003 1431373773771
R 25 8 3 004 1431373773993
---
W 25 8 3 000 1431373772629
W 25 8 3 001 1431373773114
W 25 8 3 002 1431373773397
W 25 8 3 003 1431373773608
W 25 8 3 004 1431373773845
W 25 8 3 005 1431373774099
W 25 8 3 006 1431373774416
W 25 8 3 007 1431373774624
W 25 8 3 008 1431373774831
W 25 8 3 009 1431373775034
***
R 25 10 1 000 1431374001712
R 25 10 1 001 1431374001998
R 25 10 1 002 1431374002222
R 25 10 1 003 1431374002409
R 25 10 1 004 1431374002640
---
W 25 10 1 000 1431374001301
W 25 10 1 001 1431374001792
W 25 10 1 002 1431374002079
W 25 10 1 003 1431374002260
W 25 10 1 004 1431374002496
W 25 10 1 005 1431374002696
W 25 10 1 006 1431374002910
W 25 10 1 007 1431374003130
W 25 10 1 008 1431374003315
W 25 10 1 009 1431374003511
***
R 25 10 2 000 1431374267272
R 25 10 2 001 1431374267468
R 25 10 2 002 1431374267683
R 25 10 2 003 1431374267894
R 25 10 2 004 1431374268112
---
W 25 10 2 000 1431374266795
W 25 10 2 001 1431374267289
W 25 10 2 002 1431374267550
W 25 10 2 003 1431374267746
W 25 10 2 004 1431374267962
W 25 10 2 005 1431374268147
W 25 10 2 006 1431374268336
W 25 10 2 007 1431374268553
W 25 10 2 008 1431374268799
W 25 10 2 009 1431374269011
***
R 25 10 3 000 1431374521590
R 25 10 3 001 1431374521860
R 25 10 3 002 1431374522073
R 25 10 3 003 1431374522298
R 25 10 3 004 1431374522463
---
W 25 10 3 000 1431374521187
W 25 10 3 001 1431374521663
W 25 10 3 002 1431374521922
W 25 10 3 003 1431374522117
W 25 10 3 004 1431374522319
W 25 10 3 005 1431374522514
W 25 10 3 006 1431374522699
W 25 10 3 007 1431374522907
W 25 10 3 008 1431374523094
W 25 10 3 009 1431374523262
***
R 30 1 1 000 1431374772646
R 30 1 1 001 1431374773751
R 30 1 1 002 1431374774825
R 30 1 1 003 1431374775924
R 30 1 1 004 1431374776989
---
W 30 1 1 000 1431374772290
W 30 1 1 001 1431374773593
W 30 1 1 002 1431374774713
W 30 1 1 003 1431374775787
W 30 1 1 004 1431374776871
W 30 1 1 005 1431374777944
W 30 1 1 006 1431374779029
W 30 1 1 007 1431374780095
W 30 1 1 008 1431374781192
W 30 1 1 009 1431374782279
***
R 30 1 2 000 1431375040435
R 30 1 2 001 1431375041540
R 30 1 2 002 1431375042609
R 30 1 2 003 1431375043734
R 30 1 2 004 1431375044780
---
W 30 1 2 000 1431375040079
W 30 1 2 001 1431375041364
W 30 1 2 002 1431375042480
W 30 1 2 003 1431375043566
W 30 1 2 004 1431375044648
W 30 1 2 005 1431375045728
W 30 1 2 006 1431375046812
W 30 1 2 007 1431375047894
W 30 1 2 008 1431375048970
W 30 1 2 009 1431375050063
***
R 30 1 3 000 1431375318226
R 30 1 3 001 1431375319379
R 30 1 3 002 1431375320469
R 30 1 3 003 1431375321540
R 30 1 3 004 1431375322635
---
W 30 1 3 000 1431375317923
W 30 1 3 001 1431375319200
W 30 1 3 002 1431375320334
W 30 1 3 003 1431375321412
W 30 1 3 004 1431375322496
W 30 1 3 005 1431375323588
W 30 1 3 006 1431375324665
W 30 1 3 007 1431375325752
W 30 1 3 008 1431375326836
W 30 1 3 009 1431375327917
***
R 30 2 1 000 1431375545275
R 30 2 1 001 1431375545962
R 30 2 1 002 1431375546486
R 30 2 1 003 1431375547060
R 30 2 1 004 1431375547657
---
W 30 2 1 000 1431375544951
W 30 2 1 001 1431375545746
W 30 2 1 002 1431375546360
W 30 2 1 003 1431375546940
W 30 2 1 004 1431375547519
W 30 2 1 005 1431375548123
W 30 2 1 006 1431375548702
W 30 2 1 007 1431375549273
W 30 2 1 008 1431375549844
W 30 2 1 009 1431375550463
***
R 30 2 2 000 1431375863675
R 30 2 2 001 1431375864314
R 30 2 2 002 1431375864907
R 30 2 2 003 1431375865483
R 30 2 2 004 1431375866075
---
W 30 2 2 000 1431375863330
W 30 2 2 001 1431375864144
W 30 2 2 002 1431375864768
W 30 2 2 003 1431375865359
W 30 2 2 004 1431375865931
W 30 2 2 005 1431375866520
W 30 2 2 006 1431375867111
W 30 2 2 007 1431375867696
W 30 2 2 008 1431375868270
W 30 2 2 009 1431375868889
***
R 30 2 3 000 1431376112978
R 30 2 3 001 1431376113608
R 30 2 3 002 1431376114217
R 30 2 3 003 1431376114754
R 30 2 3 004 1431376115360
---
W 30 2 3 000 1431376112628
W 30 2 3 001 1431376113437
W 30 2 3 002 1431376114053
W 30 2 3 003 1431376114638
W 30 2 3 004 1431376115204
W 30 2 3 005 1431376115811
W 30 2 3 006 1431376116398
W 30 2 3 007 1431376116977
W 30 2 3 008 1431376117558
W 30 2 3 009 1431376118169
***
R 30 4 1 000 1431376368166
R 30 4 1 001 1431376368545
R 30 4 1 002 1431376368876
R 30 4 1 003 1431376369232
R 30 4 1 004 1431376369587
---
W 30 4 1 000 1431376367754
W 30 4 1 001 1431376368361
W 30 4 1 002 1431376368730
W 30 4 1 003 1431376369085
W 30 4 1 004 1431376369437
W 30 4 1 005 1431376369791
W 30 4 1 006 1431376370162
W 30 4 1 007 1431376370488
W 30 4 1 008 1431376370806
W 30 4 1 009 1431376371137
***
R 30 4 2 000 1431376677231
R 30 4 2 001 1431376677598
R 30 4 2 002 1431376677932
R 30 4 2 003 1431376678262
R 30 4 2 004 1431376678586
---
W 30 4 2 000 1431376676831
W 30 4 2 001 1431376677423
W 30 4 2 002 1431376677805
W 30 4 2 003 1431376678138
W 30 4 2 004 1431376678466
W 30 4 2 005 1431376678787
W 30 4 2 006 1431376679188
W 30 4 2 007 1431376679514
W 30 4 2 008 1431376679854
W 30 4 2 009 1431376680175
***
R 30 4 3 000 1431376898137
R 30 4 3 001 1431376898566
R 30 4 3 002 1431376898903
R 30 4 3 003 1431376899195
R 30 4 3 004 1431376899511
---
W 30 4 3 000 1431376897764
W 30 4 3 001 1431376898360
W 30 4 3 002 1431376898754
W 30 4 3 003 1431376899077
W 30 4 3 004 1431376899390
W 30 4 3 005 1431376899710
W 30 4 3 006 1431376900048
W 30 4 3 007 1431376900379
W 30 4 3 008 1431376900688
W 30 4 3 009 1431376901008
***
R 30 5 1 000 1431377260956
R 30 5 1 001 1431377261305
R 30 5 1 002 1431377261592
R 30 5 1 003 1431377261901
R 30 5 1 004 1431377262219
---
W 30 5 1 000 1431377260535
W 30 5 1 001 1431377261127
W 30 5 1 002 1431377261467
W 30 5 1 003 1431377261749
W 30 5 1 004 1431377262076
W 30 5 1 005 1431377262390
W 30 5 1 006 1431377262688
W 30 5 1 007 1431377262984
W 30 5 1 008 1431377263287
W 30 5 1 009 1431377263559
***
R 30 5 2 000 1431377546003
R 30 5 2 001 1431377546373
R 30 5 2 002 1431377546665
R 30 5 2 003 1431377546935
R 30 5 2 004 1431377547306
---
W 30 5 2 000 1431377545580
W 30 5 2 001 1431377546184
W 30 5 2 002 1431377546542
W 30 5 2 003 1431377546811
W 30 5 2 004 1431377547096
W 30 5 2 005 1431377547429
W 30 5 2 006 1431377547742
W 30 5 2 007 1431377548034
W 30 5 2 008 1431377548337
W 30 5 2 009 1431377548613
***
R 30 5 3 000 1431377797667
R 30 5 3 001 1431377798001
R 30 5 3 002 1431377798329
R 30 5 3 003 1431377798610
R 30 5 3 004 1431377798929
---
W 30 5 3 000 1431377797236
W 30 5 3 001 1431377797824
W 30 5 3 002 1431377798173
W 30 5 3 003 1431377798475
W 30 5 3 004 1431377798768
W 30 5 3 005 1431377799049
W 30 5 3 006 1431377799423
W 30 5 3 007 1431377799698
W 30 5 3 008 1431377799965
W 30 5 3 009 1431377800226
***
R 30 6 1 000 1431378046294
R 30 6 1 001 1431378046587
R 30 6 1 002 1431378046854
R 30 6 1 003 1431378047123
R 30 6 1 004 1431378047385
---
W 30 6 1 000 1431378045890
W 30 6 1 001 1431378046414
W 30 6 1 002 1431378046709
W 30 6 1 003 1431378046990
W 30 6 1 004 1431378047254
W 30 6 1 005 1431378047498
W 30 6 1 006 1431378047839
W 30 6 1 007 1431378048076
W 30 6 1 008 1431378048310
W 30 6 1 009 1431378048532
***
R 30 6 2 000 1431378351515
R 30 6 2 001 1431378351854
R 30 6 2 002 1431378352118
R 30 6 2 003 1431378352378
R 30 6 2 004 1431378352606
---
W 30 6 2 000 1431378351113
W 30 6 2 001 1431378351656
W 30 6 2 002 1431378351986
W 30 6 2 003 1431378352251
W 30 6 2 004 1431378352488
W 30 6 2 005 1431378352725
W 30 6 2 006 1431378352990
W 30 6 2 007 1431378353244
W 30 6 2 008 1431378353483
W 30 6 2 009 1431378353714
***
R 30 6 3 000 1431378567805
R 30 6 3 001 1431378568146
R 30 6 3 002 1431378568496
R 30 6 3 003 1431378568773
R 30 6 3 004 1431378569039
---
W 30 6 3 000 1431378567275
W 30 6 3 001 1431378567952
W 30 6 3 002 1431378568285
W 30 6 3 003 1431378568584
W 30 6 3 004 1431378568827
W 30 6 3 005 1431378569120
W 30 6 3 006 1431378569363
W 30 6 3 007 1431378569621
W 30 6 3 008 1431378569881
W 30 6 3 009 1431378570115
***
R 30 8 1 000 1431378907268
R 30 8 1 001 1431378907528
R 30 8 1 002 1431378907746
R 30 8 1 003 1431378908005
R 30 8 1 004 1431378908213
---
W 30 8 1 000 1431378906830
W 30 8 1 001 1431378907354
W 30 8 1 002 1431378907619
W 30 8 1 003 1431378907833
W 30 8 1 004 1431378908069
W 30 8 1 005 1431378908279
W 30 8 1 006 1431378908479
W 30 8 1 007 1431378908682
W 30 8 1 008 1431378908884
W 30 8 1 009 1431378909085
***
R 30 8 2 000 1431379165195
R 30 8 2 001 1431379165487
R 30 8 2 002 1431379165716
R 30 8 2 003 1431379165906
R 30 8 2 004 1431379166115
---
W 30 8 2 000 1431379164773
W 30 8 2 001 1431379165267
W 30 8 2 002 1431379165568
W 30 8 2 003 1431379165777
W 30 8 2 004 1431379165984
W 30 8 2 005 1431379166199
W 30 8 2 006 1431379166409
W 30 8 2 007 1431379166662
W 30 8 2 008 1431379166892
W 30 8 2 009 1431379167078
***
R 30 8 3 000 1431379487234
R 30 8 3 001 1431379487503
R 30 8 3 002 1431379487702
R 30 8 3 003 1431379487937
R 30 8 3 004 1431379488162
---
W 30 8 3 000 1431379486804
W 30 8 3 001 1431379487323
W 30 8 3 002 1431379487582
W 30 8 3 003 1431379487801
W 30 8 3 004 1431379488027
W 30 8 3 005 1431379488231
W 30 8 3 006 1431379488453
W 30 8 3 007 1431379488654
W 30 8 3 008 1431379488866
W 30 8 3 009 1431379489073
***
R 30 10 1 000 1431379724928
R 30 10 1 001 1431379725192
R 30 10 1 002 1431379725394
R 30 10 1 003 1431379725575
R 30 10 1 004 1431379725751
---
W 30 10 1 000 1431379724509
W 30 10 1 001 1431379725006
W 30 10 1 002 1431379725238
W 30 10 1 003 1431379725430
W 30 10 1 004 1431379725624
W 30 10 1 005 1431379725814
W 30 10 1 006 1431379725995
W 30 10 1 007 1431379726181
W 30 10 1 008 1431379726361
W 30 10 1 009 1431379726558
***
R 30 10 2 000 1431380040012
R 30 10 2 001 1431380040242
R 30 10 2 002 1431380040450
R 30 10 2 003 1431380040673
R 30 10 2 004 1431380040896
---
W 30 10 2 000 1431380039530
W 30 10 2 001 1431380040024
W 30 10 2 002 1431380040312
W 30 10 2 003 1431380040516
W 30 10 2 004 1431380040734
W 30 10 2 005 1431380040927
W 30 10 2 006 1431380041133
W 30 10 2 007 1431380041336
W 30 10 2 008 1431380041539
W 30 10 2 009 1431380041722
***
R 30 10 3 000 1431380278278
R 30 10 3 001 1431380278516
R 30 10 3 002 1431380278716
R 30 10 3 003 1431380278908
R 30 10 3 004 1431380279105
---
W 30 10 3 000 1431380277837
W 30 10 3 001 1431380278321
W 30 10 3 002 1431380278567
W 30 10 3 003 1431380278767
W 30 10 3 004 1431380278966
W 30 10 3 005 1431380279171
W 30 10 3 006 1431380279370
W 30 10 3 007 1431380279589
W 30 10 3 008 1431380279795
W 30 10 3 009 1431380279960
***
R 32 1 1 000 1431380575140
R 32 1 1 001 1431380576278
R 32 1 1 002 1431380577346
R 32 1 1 003 1431380578456
R 32 1 1 004 1431380579571
---
W 32 1 1 000 1431380574765
W 32 1 1 001 1431380576109
W 32 1 1 002 1431380577227
W 32 1 1 003 1431380578313
W 32 1 1 004 1431380579420
W 32 1 1 005 1431380580505
W 32 1 1 006 1431380581593
W 32 1 1 007 1431380582663
W 32 1 1 008 1431380583743
W 32 1 1 009 1431380584814
***
R 32 1 2 000 1431380865704
R 32 1 2 001 1431380866825
R 32 1 2 002 1431380867932
R 32 1 2 003 1431380869014
R 32 1 2 004 1431380870117
---
W 32 1 2 000 1431380865315
W 32 1 2 001 1431380866640
W 32 1 2 002 1431380867766
W 32 1 2 003 1431380868878
W 32 1 2 004 1431380869963
W 32 1 2 005 1431380871055
W 32 1 2 006 1431380872136
W 32 1 2 007 1431380873215
W 32 1 2 008 1431380874305
W 32 1 2 009 1431380875392
***
R 32 1 3 000 1431381164080
R 32 1 3 001 1431381165202
R 32 1 3 002 1431381166289
R 32 1 3 003 1431381167374
R 32 1 3 004 1431381168492
---
W 32 1 3 000 1431381163745
W 32 1 3 001 1431381165034
W 32 1 3 002 1431381166161
W 32 1 3 003 1431381167237
W 32 1 3 004 1431381168331
W 32 1 3 005 1431381169435
W 32 1 3 006 1431381170517
W 32 1 3 007 1431381171598
W 32 1 3 008 1431381172683
W 32 1 3 009 1431381173761
***
R 32 2 1 000 1431381415081
R 32 2 1 001 1431381415698
R 32 2 1 002 1431381416276
R 32 2 1 003 1431381416901
R 32 2 1 004 1431381417470
---
W 32 2 1 000 1431381414748
W 32 2 1 001 1431381415529
W 32 2 1 002 1431381416143
W 32 2 1 003 1431381416746
W 32 2 1 004 1431381417326
W 32 2 1 005 1431381417907
W 32 2 1 006 1431381418485
W 32 2 1 007 1431381419055
W 32 2 1 008 1431381419613
W 32 2 1 009 1431381420187
***
R 32 2 2 000 1431381747482
R 32 2 2 001 1431381748138
R 32 2 2 002 1431381748696
R 32 2 2 003 1431381749262
R 32 2 2 004 1431381749912
---
W 32 2 2 000 1431381747094
W 32 2 2 001 1431381747925
W 32 2 2 002 1431381748558
W 32 2 2 003 1431381749142
W 32 2 2 004 1431381749711
W 32 2 2 005 1431381750328
W 32 2 2 006 1431381750975
W 32 2 2 007 1431381751542
W 32 2 2 008 1431381752123
W 32 2 2 009 1431381752731
***
R 32 2 3 000 1431382009760
R 32 2 3 001 1431382010417
R 32 2 3 002 1431382010990
R 32 2 3 003 1431382011584
R 32 2 3 004 1431382012136
---
W 32 2 3 000 1431382009359
W 32 2 3 001 1431382010215
W 32 2 3 002 1431382010858
W 32 2 3 003 1431382011437
W 32 2 3 004 1431382012028
W 32 2 3 005 1431382012599
W 32 2 3 006 1431382013194
W 32 2 3 007 1431382013761
W 32 2 3 008 1431382014364
W 32 2 3 009 1431382014965
***
R 32 4 1 000 1431382330851
R 32 4 1 001 1431382331294
R 32 4 1 002 1431382331656
R 32 4 1 003 1431382331970
R 32 4 1 004 1431382332360
---
W 32 4 1 000 1431382330439
W 32 4 1 001 1431382331085
W 32 4 1 002 1431382331504
W 32 4 1 003 1431382331851
W 32 4 1 004 1431382332174
W 32 4 1 005 1431382332535
W 32 4 1 006 1431382332879
W 32 4 1 007 1431382333206
W 32 4 1 008 1431382333528
W 32 4 1 009 1431382333840
***
R 32 4 2 000 1431382599786
R 32 4 2 001 1431382600196
R 32 4 2 002 1431382600528
R 32 4 2 003 1431382600869
R 32 4 2 004 1431382601281
---
W 32 4 2 000 1431382599395
W 32 4 2 001 1431382599993
W 32 4 2 002 1431382600391
W 32 4 2 003 1431382600742
W 32 4 2 004 1431382601078
W 32 4 2 005 1431382601450
W 32 4 2 006 1431382601826
W 32 4 2 007 1431382602175
W 32 4 2 008 1431382602506
W 32 4 2 009 1431382602826
***
R 32 4 3 000 1431382935244
R 32 4 3 001 1431382935620
R 32 4 3 002 1431382935983
R 32 4 3 003 1431382936343
R 32 4 3 004 1431382936670
---
W 32 4 3 000 1431382934855
W 32 4 3 001 1431382935446
W 32 4 3 002 1431382935847
W 32 4 3 003 1431382936178
W 32 4 3 004 1431382936545
W 32 4 3 005 1431382936885
W 32 4 3 006 1431382937224
W 32 4 3 007 1431382937557
W 32 4 3 008 1431382937877
W 32 4 3 009 1431382938198
***
R 32 5 1 000 1431383239664
R 32 5 1 001 1431383240020
R 32 5 1 002 1431383240267
R 32 5 1 003 1431383240563
R 32 5 1 004 1431383240841
---
W 32 5 1 000 1431383239252
W 32 5 1 001 1431383239823
W 32 5 1 002 1431383240152
W 32 5 1 003 1431383240426
W 32 5 1 004 1431383240718
W 32 5 1 005 1431383240991
W 32 5 1 006 1431383241347
W 32 5 1 007 1431383241637
W 32 5 1 008 1431383241912
W 32 5 1 009 1431383242209
***
R 32 5 2 000 1431383549380
R 32 5 2 001 1431383549788
R 32 5 2 002 1431383550109
R 32 5 2 003 1431383550339
R 32 5 2 004 1431383550612
---
W 32 5 2 000 1431383548967
W 32 5 2 001 1431383549523
W 32 5 2 002 1431383549905
W 32 5 2 003 1431383550207
W 32 5 2 004 1431383550489
W 32 5 2 005 1431383550781
W 32 5 2 006 1431383551057
W 32 5 2 007 1431383551347
W 32 5 2 008 1431383551637
W 32 5 2 009 1431383551904
***
R 32 5 3 000 1431383825615
R 32 5 3 001 1431383825922
R 32 5 3 002 1431383826245
R 32 5 3 003 1431383826496
R 32 5 3 004 1431383826775
---
W 32 5 3 000 1431383825169
W 32 5 3 001 1431383825755
W 32 5 3 002 1431383826080
W 32 5 3 003 1431383826367
W 32 5 3 004 1431383826643
W 32 5 3 005 1431383826923
W 32 5 3 006 1431383827257
W 32 5 3 007 1431383827561
W 32 5 3 008 1431383827842
W 32 5 3 009 1431383828117
***
R 32 6 1 000 1431384123021
R 32 6 1 001 1431384123376
R 32 6 1 002 1431384123601
R 32 6 1 003 1431384123851
R 32 6 1 004 1431384124122
---
W 32 6 1 000 1431384122588
W 32 6 1 001 1431384123144
W 32 6 1 002 1431384123455
W 32 6 1 003 1431384123707
W 32 6 1 004 1431384123972
W 32 6 1 005 1431384124234
W 32 6 1 006 1431384124467
W 32 6 1 007 1431384124706
W 32 6 1 008 1431384124965
W 32 6 1 009 1431384125200
***
R 32 6 2 000 1431384398673
R 32 6 2 001 1431384398969
R 32 6 2 002 1431384399229
R 32 6 2 003 1431384399479
R 32 6 2 004 1431384399776
---
W 32 6 2 000 1431384398259
W 32 6 2 001 1431384398787
W 32 6 2 002 1431384399086
W 32 6 2 003 1431384399354
W 32 6 2 004 1431384399621
W 32 6 2 005 1431384399878
W 32 6 2 006 1431384400211
W 32 6 2 007 1431384400454
W 32 6 2 008 1431384400707
W 32 6 2 009 1431384400959
***
R 32 6 3 000 1431384734092
R 32 6 3 001 1431384734408
R 32 6 3 002 1431384734656
R 32 6 3 003 1431384734920
R 32 6 3 004 1431384735160
---
W 32 6 3 000 1431384733634
W 32 6 3 001 1431384734208
W 32 6 3 002 1431384734519
W 32 6 3 003 1431384734777
W 32 6 3 004 1431384735035
W 32 6 3 005 1431384735279
W 32 6 3 006 1431384735561
W 32 6 3 007 1431384735805
W 32 6 3 008 1431384736052
W 32 6 3 009 1431384736298
***
R 32 8 1 000 1431385026699
R 32 8 1 001 1431385026953
R 32 8 1 002 1431385027140
R 32 8 1 003 1431385027365
R 32 8 1 004 1431385027576
---
W 32 8 1 000 1431385026241
W 32 8 1 001 1431385026754
W 32 8 1 002 1431385027017
W 32 8 1 003 1431385027225
W 32 8 1 004 1431385027455
W 32 8 1 005 1431385027666
W 32 8 1 006 1431385027918
W 32 8 1 007 1431385028127
W 32 8 1 008 1431385028354
W 32 8 1 009 1431385028563
***
R 32 8 2 000 1431385352822
R 32 8 2 001 1431385353080
R 32 8 2 002 1431385353281
R 32 8 2 003 1431385353513
R 32 8 2 004 1431385353734
---
W 32 8 2 000 1431385352388
W 32 8 2 001 1431385352897
W 32 8 2 002 1431385353155
W 32 8 2 003 1431385353378
W 32 8 2 004 1431385353606
W 32 8 2 005 1431385353800
W 32 8 2 006 1431385354071
W 32 8 2 007 1431385354268
W 32 8 2 008 1431385354482
W 32 8 2 009 1431385354685
***
R 32 8 3 000 1431385639989
R 32 8 3 001 1431385640229
R 32 8 3 002 1431385640459
R 32 8 3 003 1431385640648
R 32 8 3 004 1431385640891
---
W 32 8 3 000 1431385639501
W 32 8 3 001 1431385640042
W 32 8 3 002 1431385640312
W 32 8 3 003 1431385640526
W 32 8 3 004 1431385640738
W 32 8 3 005 1431385640963
W 32 8 3 006 1431385641258
W 32 8 3 007 1431385641469
W 32 8 3 008 1431385641680
W 32 8 3 009 1431385641870
***
W 32 10 1 000 1431385967756
W 32 10 1 001 1431385968241
W 32 10 1 002 1431385968481
W 32 10 1 003 1431385968676
W 32 10 1 004 1431385968903
W 32 10 1 005 1431385969153
W 32 10 1 006 1431385969351
W 32 10 1 007 1431385969556
W 32 10 1 008 1431385969744
W 32 10 1 009 1431385969931
***
W 32 10 2 000 1431386376430
W 32 10 2 001 1431386376879
W 32 10 2 002 1431386377111
W 32 10 2 003 1431386377282
W 32 10 2 004 1431386377462
W 32 10 2 005 1431386377653
W 32 10 2 006 1431386377840
W 32 10 2 007 1431386378008
W 32 10 2 008 1431386378180
W 32 10 2 009 1431386378345
***
W 32 10 3 000 1431386737304
W 32 10 3 001 1431386737758
W 32 10 3 002 1431386737993
W 32 10 3 003 1431386738165
W 32 10 3 004 1431386738342
W 32 10 3 005 1431386738544
W 32 10 3 006 1431386738739
W 32 10 3 007 1431386738911
W 32 10 3 008 1431386739095
W 32 10 3 009 1431386739278
***
W 34 1 1 000 1431387122727
W 34 1 1 001 1431387124051
W 34 1 1 002 1431387125174
W 34 1 1 003 1431387126245
W 34 1 1 004 1431387127315
W 34 1 1 005 1431387128379
W 34 1 1 006 1431387129452
W 34 1 1 007 1431387130543
W 34 1 1 008 1431387131608
W 34 1 1 009 1431387132673
***
W 34 1 2 000 1431387485038
W 34 1 2 001 1431387489091
W 34 1 2 002 1431387490961
W 34 1 2 003 1431387492674
W 34 1 2 004 1431387494326
W 34 1 2 005 1431387495955
W 34 1 2 006 1431387497551
W 34 1 2 007 1431387499113
W 34 1 2 008 1431387500622
W 34 1 2 009 1431387502181
***
W 34 1 3 000 1431387907010
W 34 1 3 001 1431387911348
W 34 1 3 002 1431387913301
W 34 1 3 003 1431387915101
W 34 1 3 004 1431387916684
W 34 1 3 005 1431387918210
W 34 1 3 006 1431387919962
W 34 1 3 007 1431387921529
W 34 1 3 008 1431387923092
W 34 1 3 009 1431387924712
***
W 34 2 1 000 1431388333525
W 34 2 1 001 1431388339608
W 34 2 1 002 1431388341433
W 34 2 1 003 1431388342827
W 34 2 1 004 1431388344013
W 34 2 1 005 1431388345154
W 34 2 1 006 1431388346450
W 34 2 1 007 1431388347951
W 34 2 1 008 1431388349109
W 34 2 1 009 1431388350453
***
W 34 2 2 000 1431388772114
W 34 2 2 001 1431388780359
W 34 2 2 002 1431388782329
W 34 2 2 003 1431388783869
W 34 2 2 004 1431388785304
W 34 2 2 005 1431388786750
W 34 2 2 006 1431388788027
W 34 2 2 007 1431388789433
W 34 2 2 008 1431388790757
W 34 2 2 009 1431388792003
***
W 34 2 3 000 1431389217568
W 34 2 3 001 1431389224006
W 34 2 3 002 1431389226889
W 34 2 3 003 1431389228637
W 34 2 3 004 1431389230051
W 34 2 3 005 1431389231410
W 34 2 3 006 1431389232910
W 34 2 3 007 1431389234515
W 34 2 3 008 1431389236016
W 34 2 3 009 1431389237449
***
W 34 4 1 000 1431389678548
W 34 4 1 001 1431389688184
W 34 4 1 002 1431389690859
W 34 4 1 003 1431389692127
W 34 4 1 004 1431389693491
W 34 4 1 005 1431389694827
W 34 4 1 006 1431389696227
W 34 4 1 007 1431389697765
W 34 4 1 008 1431389698982
W 34 4 1 009 1431389700283
***
W 34 4 2 000 1431390235453
W 34 4 2 001 1431390247593
W 34 4 2 002 1431390251267
W 34 4 2 003 1431390253098
W 34 4 2 004 1431390255022
W 34 4 2 005 1431390256835
W 34 4 2 006 1431390259183
W 34 4 2 007 1431390261132
W 34 4 2 008 1431390263144
W 34 4 2 009 1431390265442
***
W 34 4 3 000 1431390765558
W 34 4 3 001 1431390776859
W 34 4 3 002 1431390780649
W 34 4 3 003 1431390783263
W 34 4 3 004 1431390785653
W 34 4 3 005 1431390787377
W 34 4 3 006 1431390789279
W 34 4 3 007 1431390791184
W 34 4 3 008 1431390793534
W 34 4 3 009 1431390795471
***
W 34 5 1 000 1431391335800
W 34 5 1 001 1431391353344
W 34 5 1 002 1431391358685
W 34 5 1 003 1431391361072
W 34 5 1 004 1431391363611
W 34 5 1 005 1431391366193
W 34 5 1 006 1431391369311
W 34 5 1 007 1431391372256
W 34 5 1 008 1431391374153
W 34 5 1 009 1431391376180
***
W 34 5 2 000 1431391961769
W 34 5 2 001 1431391977309
W 34 5 2 002 1431391983672
W 34 5 2 003 1431391986301
W 34 5 2 004 1431391989093
W 34 5 2 005 1431391992639
W 34 5 2 006 1431391995537
W 34 5 2 007 1431391998328
W 34 5 2 008 1431392000775
W 34 5 2 009 1431392002922
***
W 34 5 3 000 1431392569890
W 34 5 3 001 1431392586452
W 34 5 3 002 1431392592907
W 34 5 3 003 1431392596709
W 34 5 3 004 1431392599951
W 34 5 3 005 1431392603214
W 34 5 3 006 1431392606301
W 34 5 3 007 1431392608947
W 34 5 3 008 1431392611967
W 34 5 3 009 1431392614563
***
W 34 6 1 000 1431393212206
W 34 6 1 001 1431393233530
W 34 6 1 002 1431393240908
W 34 6 1 003 1431393244528
W 34 6 1 004 1431393247812
W 34 6 1 005 1431393251287
W 34 6 1 006 1431393254244
W 34 6 1 007 1431393256596
W 34 6 1 008 1431393260349
W 34 6 1 009 1431393263628
***
W 34 6 2 000 1431393871093
W 34 6 2 001 1431393892076
W 34 6 2 002 1431393898045
W 34 6 2 003 1431393901191
W 34 6 2 004 1431393904493
W 34 6 2 005 1431393907704
W 34 6 2 006 1431393910395
W 34 6 2 007 1431393913707
W 34 6 2 008 1431393917563
W 34 6 2 009 1431393920283
***
W 34 6 3 000 1431394588247
W 34 6 3 001 1431394608632
W 34 6 3 002 1431394615575
W 34 6 3 003 1431394620892
W 34 6 3 004 1431394624772
W 34 6 3 005 1431394628819
W 34 6 3 006 1431394632487
W 34 6 3 007 1431394635793
W 34 6 3 008 1431394638803
W 34 6 3 009 1431394642262
***
W 34 8 1 000 1431395316168
W 34 8 1 001 1431395339646
W 34 8 1 002 1431395347135
W 34 8 1 003 1431395351731
W 34 8 1 004 1431395356169
W 34 8 1 005 1431395359543
W 34 8 1 006 1431395362654
W 34 8 1 007 1431395365776
W 34 8 1 008 1431395368140
W 34 8 1 009 1431395370810
***
W 34 8 2 000 1431396054397
W 34 8 2 001 1431396081453
W 34 8 2 002 1431396088831
W 34 8 2 003 1431396091807
W 34 8 2 004 1431396095341
W 34 8 2 005 1431396100527
W 34 8 2 006 1431396105061
W 34 8 2 007 1431396108478
W 34 8 2 008 1431396112067
W 34 8 2 009 1431396116434
***
W 34 8 3 000 1431396841817
W 34 8 3 001 1431396872459
W 34 8 3 002 1431396880385
W 34 8 3 003 1431396885153
W 34 8 3 004 1431396888746
W 34 8 3 005 1431396892754
W 34 8 3 006 1431396897070
W 34 8 3 007 1431396901319
W 34 8 3 008 1431396905039
W 34 8 3 009 1431396908555
***
W 34 10 1 000 1431397624903
W 34 10 1 001 1431397659666
W 34 10 1 002 1431397667639
W 34 10 1 003 1431397672156
W 34 10 1 004 1431397676080
W 34 10 1 005 1431397679962
W 34 10 1 006 1431397684055
W 34 10 1 007 1431397688216
W 34 10 1 008 1431397691082
W 34 10 1 009 1431397695386
***
W 34 10 2 000 1431398445192
W 34 10 2 001 1431398484692
W 34 10 2 002 1431398495216
W 34 10 2 003 1431398501051
W 34 10 2 004 1431398505035
W 34 10 2 005 1431398510770
W 34 10 2 006 1431398516249
W 34 10 2 007 1431398521186
W 34 10 2 008 1431398526273
W 34 10 2 009 1431398530543
***
W 34 10 3 000 1431399268760
W 34 10 3 001 1431399310354
W 34 10 3 002 1431399319318
W 34 10 3 003 1431399323614
W 34 10 3 004 1431399329824
W 34 10 3 005 1431399334383
W 34 10 3 006 1431399338979
W 34 10 3 007 1431399344467
W 34 10 3 008 1431399350050
W 34 10 3 009 1431399353894
***
W 36 1 1 000 1431400160686
W 36 1 1 001 1431400224028
W 36 1 1 002 1431400234008
W 36 1 1 003 1431400239333
W 36 1 1 004 1431400246073
W 36 1 1 005 1431400252830
W 36 1 1 006 1431400260019
W 36 1 1 007 1431400268127
W 36 1 1 008 1431400272710
W 36 1 1 009 1431400277663
***
W 36 1 2 000 1431401060017
W 36 1 2 001 1431401116743
W 36 1 2 002 1431401131207
W 36 1 2 003 1431401138206
W 36 1 2 004 1431401143384
W 36 1 2 005 1431401149541
W 36 1 2 006 1431401154117
W 36 1 2 007 1431401159754
W 36 1 2 008 1431401165391
W 36 1 2 009 1431401171408
***
W 36 1 3 000 1431402041476
W 36 1 3 001 1431402088440
W 36 1 3 002 1431402102167
W 36 1 3 003 1431402108057
W 36 1 3 004 1431402112713
W 36 1 3 005 1431402118045
W 36 1 3 006 1431402122889
W 36 1 3 007 1431402127206
W 36 1 3 008 1431402131698
W 36 1 3 009 1431402135815
***
W 36 2 1 000 1431402878829
W 36 2 1 001 1431402926578
W 36 2 1 002 1431402935278
W 36 2 1 003 1431402940059
W 36 2 1 004 1431402945649
W 36 2 1 005 1431402951266
W 36 2 1 006 1431402955727
W 36 2 1 007 1431402960250
W 36 2 1 008 1431402964123
W 36 2 1 009 1431402968317
***
W 36 2 2 000 1431403769474
W 36 2 2 001 1431403817922
W 36 2 2 002 1431403831593
W 36 2 2 003 1431403835710
W 36 2 2 004 1431403839592
W 36 2 2 005 1431403843766
W 36 2 2 006 1431403848103
W 36 2 2 007 1431403851913
W 36 2 2 008 1431403855532
W 36 2 2 009 1431403859960
***
W 36 2 3 000 1431404569794
W 36 2 3 001 1431404618508
W 36 2 3 002 1431404627681
W 36 2 3 003 1431404630950
W 36 2 3 004 1431404634908
W 36 2 3 005 1431404638016
W 36 2 3 006 1431404641371
W 36 2 3 007 1431404643573
W 36 2 3 008 1431404646162
W 36 2 3 009 1431404648787
***
W 36 4 1 000 1431405399516
W 36 4 1 001 1431405457279
W 36 4 1 002 1431405464834
W 36 4 1 003 1431405468300
W 36 4 1 004 1431405471079
W 36 4 1 005 1431405474103
W 36 4 1 006 1431405476710
W 36 4 1 007 1431405479451
W 36 4 1 008 1431405482742
W 36 4 1 009 1431405485382
***
W 36 4 2 000 1431406230547
W 36 4 2 001 1431406279253
W 36 4 2 002 1431406286442
W 36 4 2 003 1431406289587
W 36 4 2 004 1431406292315
W 36 4 2 005 1431406295001
W 36 4 2 006 1431406298211
W 36 4 2 007 1431406301092
W 36 4 2 008 1431406303988
W 36 4 2 009 1431406306140
***
W 36 4 3 000 1431407063123
W 36 4 3 001 1431407129176
W 36 4 3 002 1431407136496
W 36 4 3 003 1431407139779
W 36 4 3 004 1431407143231
W 36 4 3 005 1431407146759
W 36 4 3 006 1431407150191
W 36 4 3 007 1431407153228
W 36 4 3 008 1431407156105
W 36 4 3 009 1431407159426
***
W 36 5 1 000 1431407892388
W 36 5 1 001 1431407952829
W 36 5 1 002 1431407961287
W 36 5 1 003 1431407964630
W 36 5 1 004 1431407967864
W 36 5 1 005 1431407971445
W 36 5 1 006 1431407975023
W 36 5 1 007 1431407977606
W 36 5 1 008 1431407980575
W 36 5 1 009 1431407983934
***
R 36 6 1 000 1431408723017
R 36 6 1 001 1431408726392
R 36 6 1 002 1431408729005
R 36 6 1 003 1431408731721
R 36 6 1 004 1431408733472
---
W 36 6 1 000 1431408717457
W 36 6 1 001 1431408723101
W 36 6 1 002 1431408726736
W 36 6 1 003 1431408729429
W 36 6 1 004 1431408732289
W 36 6 1 005 1431408733642
W 36 6 1 006 1431408735298
W 36 6 1 007 1431408736963
W 36 6 1 008 1431408738115
W 36 6 1 009 1431408739355
***
R 36 8 1 000 1431409246706
R 36 8 1 001 1431409251116
R 36 8 1 002 1431409253005
R 36 8 1 003 1431409254896
R 36 8 1 004 1431409256978
---
W 36 8 1 000 1431409238764
W 36 8 1 001 1431409246902
W 36 8 1 002 1431409251234
W 36 8 1 003 1431409253340
W 36 8 1 004 1431409255197
W 36 8 1 005 1431409257204
W 36 8 1 006 1431409258206
W 36 8 1 007 1431409259234
W 36 8 1 008 1431409260202
W 36 8 1 009 1431409260772
***
W 36 10 1 000 1431409819910
W 36 10 1 001 1431409824537
W 36 10 1 002 1431409826486
W 36 10 1 003 1431409827844
W 36 10 1 004 1431409829235
W 36 10 1 005 1431409830026
W 36 10 1 006 1431409831122
W 36 10 1 007 1431409832477
W 36 10 1 008 1431409833163
W 36 10 1 009 1431409833831
***
