R 1 1 1 002 1417711717018
R 1 1 1 003 1417711718045
R 1 1 1 004 1417711719030
R 1 1 1 005 1417711720070
R 1 1 1 006 1417711720978
---
W 1 1 1 000 1417711709858
W 1 1 1 001 1417711710919
W 1 1 1 002 1417711715975
W 1 1 1 003 1417711717886
W 1 1 1 004 1417711718909
W 1 1 1 005 1417711719927
W 1 1 1 006 1417711720945
W 1 1 1 007 0
W 1 1 1 008 0
W 1 1 1 009 0
***
R 1 1 2 001 1417711781730
R 1 1 2 002 1417711782679
R 1 1 2 003 1417711783800
R 1 1 2 004 1417711784809
R 1 1 2 005 1417711785756
---
W 1 1 2 000 1417711780488
W 1 1 2 001 1417711781595
W 1 1 2 002 1417711782618
W 1 1 2 003 1417711783640
W 1 1 2 004 1417711784660
W 1 1 2 005 1417711785684
W 1 1 2 006 0
W 1 1 2 007 0
W 1 1 2 008 0
W 1 1 2 009 0
***
R 1 1 3 001 1417711846564
R 1 1 3 002 1417711847605
R 1 1 3 003 1417711848662
R 1 1 3 004 1417711849570
R 1 1 3 005 1417711850733
---
W 1 1 3 000 1417711845374
W 1 1 3 001 1417711846451
W 1 1 3 002 1417711847472
W 1 1 3 003 1417711848493
W 1 1 3 004 1417711849511
W 1 1 3 005 1417711850531
W 1 1 3 006 0
W 1 1 3 007 0
W 1 1 3 008 0
W 1 1 3 009 0
***
R 1 1 4 000 1417712338158
R 1 1 4 001 1417712339165
R 1 1 4 002 1417712340201
R 1 1 4 003 1417712341247
R 1 1 4 004 1417712342273
---
W 1 1 4 000 1417712337607
W 1 1 4 001 1417712339125
W 1 1 4 002 1417712340146
W 1 1 4 003 1417712341166
W 1 1 4 004 1417712342185
W 1 1 4 005 0
W 1 1 4 006 0
W 1 1 4 007 0
W 1 1 4 008 0
W 1 1 4 009 0
***
R 1 1 5 000 1417712411997
R 1 1 5 001 1417712413018
R 1 1 5 002 1417712413994
R 1 1 5 003 1417712415059
R 1 1 5 004 1417712416034
---
W 1 1 5 000 1417712411845
W 1 1 5 001 1417712412901
W 1 1 5 002 1417712413920
W 1 1 5 003 1417712414939
W 1 1 5 004 1417712415960
W 1 1 5 005 0
W 1 1 5 006 0
W 1 1 5 007 0
W 1 1 5 008 0
W 1 1 5 009 0
***
R 1 2 1 000 1417712485720
R 1 2 1 001 1417712486241
R 1 2 1 002 1417712486856
R 1 2 1 003 1417712487353
R 1 2 1 004 1417712487775
---
W 1 2 1 000 1417712485624
W 1 2 1 001 1417712486179
W 1 2 1 002 1417712486702
W 1 2 1 003 1417712487218
W 1 2 1 004 1417712487739
W 1 2 1 005 1417712488256
W 1 2 1 006 0
W 1 2 1 007 0
W 1 2 1 008 0
W 1 2 1 009 0
***
R 1 2 2 000 1417712557622
R 1 2 2 001 1417712558140
R 1 2 2 002 1417712558648
R 1 2 2 003 1417712559268
R 1 2 2 004 1417712559712
---
W 1 2 2 000 1417712557506
W 1 2 2 001 1417712558071
W 1 2 2 002 1417712558592
W 1 2 2 003 1417712559116
W 1 2 2 004 1417712559638
W 1 2 2 005 1417712560157
W 1 2 2 006 0
W 1 2 2 007 0
W 1 2 2 008 0
W 1 2 2 009 0
***
R 1 2 3 000 1417712629475
R 1 2 3 001 1417712629889
R 1 2 3 002 1417712630423
R 1 2 3 003 1417712630933
R 1 2 3 004 1417712631529
---
W 1 2 3 000 1417712629282
W 1 2 3 001 1417712629839
W 1 2 3 002 1417712630364
W 1 2 3 003 1417712630891
W 1 2 3 004 1417712631414
W 1 2 3 005 1417712631934
W 1 2 3 006 0
W 1 2 3 007 0
W 1 2 3 008 0
W 1 2 3 009 0
***
R 1 2 4 000 1417712701351
R 1 2 4 001 1417712701801
R 1 2 4 002 1417712702289
R 1 2 4 003 1417712702804
R 1 2 4 004 1417712703351
---
W 1 2 4 000 1417712701138
W 1 2 4 001 1417712701697
W 1 2 4 002 1417712702223
W 1 2 4 003 1417712702745
W 1 2 4 004 1417712703268
W 1 2 4 005 1417712703794
W 1 2 4 006 0
W 1 2 4 007 0
W 1 2 4 008 0
W 1 2 4 009 0
***
R 1 2 5 000 1417712773115
R 1 2 5 001 1417712773671
R 1 2 5 002 1417712774106
R 1 2 5 003 1417712774733
R 1 2 5 004 1417712775102
---
W 1 2 5 000 1417712772934
W 1 2 5 001 1417712773489
W 1 2 5 002 1417712774016
W 1 2 5 003 1417712774538
W 1 2 5 004 1417712775058
W 1 2 5 005 1417712775583
W 1 2 5 006 0
W 1 2 5 007 0
W 1 2 5 008 0
W 1 2 5 009 0
***
R 1 4 1 000 1417712844899
R 1 4 1 001 1417712845070
R 1 4 1 002 1417712845314
R 1 4 1 003 1417712845579
R 1 4 1 004 1417712845845
---
W 1 4 1 000 1417712844665
W 1 4 1 001 1417712844976
W 1 4 1 002 1417712845247
W 1 4 1 003 1417712845526
W 1 4 1 004 1417712845794
W 1 4 1 005 1417712846070
W 1 4 1 006 1417712846343
W 1 4 1 007 0
W 1 4 1 008 0
W 1 4 1 009 0
***
R 1 4 2 000 1417712915671
R 1 4 2 001 1417712915831
R 1 4 2 002 1417712916131
R 1 4 2 003 1417712916516
R 1 4 2 004 1417712916679
---
W 1 4 2 000 1417712915443
W 1 4 2 001 1417712915756
W 1 4 2 002 1417712916030
W 1 4 2 003 1417712916304
W 1 4 2 004 1417712916577
W 1 4 2 005 1417712916852
W 1 4 2 006 1417712917122
W 1 4 2 007 0
W 1 4 2 008 0
W 1 4 2 009 0
***
R 1 4 3 000 1417712986584
R 1 4 3 001 1417712986740
R 1 4 3 002 1417712987051
R 1 4 3 003 1417712987229
R 1 4 3 004 1417712987492
---
W 1 4 3 000 1417712986288
W 1 4 3 001 1417712986598
W 1 4 3 002 1417712986877
W 1 4 3 003 1417712987154
W 1 4 3 004 1417712987431
W 1 4 3 005 1417712987706
W 1 4 3 006 1417712987978
W 1 4 3 007 0
W 1 4 3 008 0
W 1 4 3 009 0
***
R 1 4 4 000 1417713057198
R 1 4 4 001 1417713057537
R 1 4 4 002 1417713057773
R 1 4 4 003 1417713058051
R 1 4 4 004 1417713058400
---
W 1 4 4 000 1417713057103
W 1 4 4 001 1417713057408
W 1 4 4 002 1417713057680
W 1 4 4 003 1417713057957
W 1 4 4 004 1417713058235
W 1 4 4 005 1417713058505
W 1 4 4 006 1417713058778
W 1 4 4 007 0
W 1 4 4 008 0
W 1 4 4 009 0
***
R 1 4 5 000 1417713128188
R 1 4 5 001 1417713128461
R 1 4 5 002 1417713128725
R 1 4 5 003 1417713128966
R 1 4 5 004 1417713129253
---
W 1 4 5 000 1417713128004
W 1 4 5 001 1417713128317
W 1 4 5 002 1417713128591
W 1 4 5 003 1417713128867
W 1 4 5 004 1417713129137
W 1 4 5 005 1417713129414
W 1 4 5 006 1417713129689
W 1 4 5 007 0
W 1 4 5 008 0
W 1 4 5 009 0
***
R 1 6 1 000 1417713199208
R 1 6 1 001 1417713199208
R 1 6 1 002 1417713199296
R 1 6 1 003 1417713199524
R 1 6 1 004 1417713199677
---
W 1 6 1 000 1417713198837
W 1 6 1 001 1417713199061
W 1 6 1 002 1417713199249
W 1 6 1 003 1417713199440
W 1 6 1 004 1417713199629
W 1 6 1 005 1417713199812
W 1 6 1 006 1417713200007
W 1 6 1 007 1417713200193
W 1 6 1 008 0
W 1 6 1 009 0
***
R 1 6 2 000 1417713269502
R 1 6 2 001 1417713269645
R 1 6 2 002 1417713269792
R 1 6 2 003 1417713269981
R 1 6 2 004 1417713270162
---
W 1 6 2 000 1417713269256
W 1 6 2 001 1417713269484
W 1 6 2 002 1417713269680
W 1 6 2 003 1417713269873
W 1 6 2 004 1417713270060
W 1 6 2 005 1417713270253
W 1 6 2 006 1417713270449
W 1 6 2 007 1417713270648
W 1 6 2 008 0
W 1 6 2 009 0
***
R 1 6 3 000 1417713339955
R 1 6 3 001 1417713340152
R 1 6 3 002 1417713340234
R 1 6 3 003 1417713340409
R 1 6 3 004 1417713340694
---
W 1 6 3 000 1417713339766
W 1 6 3 001 1417713339993
W 1 6 3 002 1417713340181
W 1 6 3 003 1417713340375
W 1 6 3 004 1417713340561
W 1 6 3 005 1417713340749
W 1 6 3 006 1417713340942
W 1 6 3 007 1417713341132
W 1 6 3 008 0
W 1 6 3 009 0
***
R 1 6 4 000 1417713410569
R 1 6 4 001 1417713410569
R 1 6 4 002 1417713410829
R 1 6 4 003 1417713410992
R 1 6 4 004 1417713411180
---
W 1 6 4 000 1417713410300
W 1 6 4 001 1417713410523
W 1 6 4 002 1417713410713
W 1 6 4 003 1417713410904
W 1 6 4 004 1417713411094
W 1 6 4 005 1417713411285
W 1 6 4 006 1417713411474
W 1 6 4 007 1417713411663
W 1 6 4 008 0
W 1 6 4 009 0
***
R 1 6 5 000 1417713480923
R 1 6 5 001 1417713481052
R 1 6 5 002 1417713481407
R 1 6 5 003 1417713481576
R 1 6 5 004 1417713481723
---
W 1 6 5 000 1417713480791
W 1 6 5 001 1417713481023
W 1 6 5 002 1417713481218
W 1 6 5 003 1417713481412
W 1 6 5 004 1417713481606
W 1 6 5 005 1417713481797
W 1 6 5 006 1417713481985
W 1 6 5 007 1417713482179
W 1 6 5 008 0
W 1 6 5 009 0
***
R 1 8 1 000 1417713551571
R 1 8 1 001 1417713551571
R 1 8 1 002 1417713551733
R 1 8 1 003 1417713551866
R 1 8 1 004 1417713552090
---
W 1 8 1 000 1417713551330
W 1 8 1 001 1417713551514
W 1 8 1 002 1417713551666
W 1 8 1 003 1417713551814
W 1 8 1 004 1417713551960
W 1 8 1 005 1417713552104
W 1 8 1 006 1417713552254
W 1 8 1 007 1417713552405
W 1 8 1 008 1417713552551
W 1 8 1 009 0
***
R 1 8 2 000 1417713621934
R 1 8 2 001 1417713621934
R 1 8 2 002 1417713622035
R 1 8 2 003 1417713622180
R 1 8 2 004 1417713622361
---
W 1 8 2 000 1417713621665
W 1 8 2 001 1417713621848
W 1 8 2 002 1417713621992
W 1 8 2 003 1417713622138
W 1 8 2 004 1417713622281
W 1 8 2 005 1417713622428
W 1 8 2 006 1417713622581
W 1 8 2 007 1417713622731
W 1 8 2 008 1417713622878
W 1 8 2 009 0
***
R 1 8 3 000 1417713692166
R 1 8 3 001 1417713692166
R 1 8 3 002 1417713692385
R 1 8 3 003 1417713692594
R 1 8 3 004 1417713692594
---
W 1 8 3 000 1417713691943
W 1 8 3 001 1417713692124
W 1 8 3 002 1417713692268
W 1 8 3 003 1417713692413
W 1 8 3 004 1417713692560
W 1 8 3 005 1417713692701
W 1 8 3 006 1417713692847
W 1 8 3 007 1417713692992
W 1 8 3 008 1417713693140
W 1 8 3 009 0
***
R 1 8 4 000 1417713762407
R 1 8 4 001 1417713762407
R 1 8 4 002 1417713762505
R 1 8 4 003 1417713762728
R 1 8 4 004 1417713762865
---
W 1 8 4 000 1417713762127
W 1 8 4 001 1417713762310
W 1 8 4 002 1417713762453
W 1 8 4 003 1417713762601
W 1 8 4 004 1417713762745
W 1 8 4 005 1417713762887
W 1 8 4 006 1417713763034
W 1 8 4 007 1417713763184
W 1 8 4 008 1417713763332
W 1 8 4 009 0
***
R 1 8 5 000 1417713832711
R 1 8 5 001 1417713832711
R 1 8 5 002 1417713832885
R 1 8 5 003 1417713832915
R 1 8 5 004 1417713833112
---
W 1 8 5 000 1417713832402
W 1 8 5 001 1417713832584
W 1 8 5 002 1417713832729
W 1 8 5 003 1417713832878
W 1 8 5 004 1417713833029
W 1 8 5 005 1417713833176
W 1 8 5 006 1417713833326
W 1 8 5 007 1417713833481
W 1 8 5 008 1417713833629
W 1 8 5 009 0
***
R 1 10 1 000 1417713903014
R 1 10 1 001 1417713903014
R 1 10 1 002 1417713903170
R 1 10 1 003 1417713903222
R 1 10 1 004 1417713903328
---
W 1 10 1 000 1417713902757
W 1 10 1 001 1417713902919
W 1 10 1 002 1417713903043
W 1 10 1 003 1417713903171
W 1 10 1 004 1417713903302
W 1 10 1 005 1417713903421
W 1 10 1 006 1417713903551
W 1 10 1 007 1417713903673
W 1 10 1 008 1417713903797
W 1 10 1 009 0
***
R 1 10 2 000 1417713973296
R 1 10 2 001 1417713973296
R 1 10 2 002 1417713973296
R 1 10 2 003 1417713973432
R 1 10 2 004 1417713973545
---
W 1 10 2 000 1417713972963
W 1 10 2 001 1417713973121
W 1 10 2 002 1417713973249
W 1 10 2 003 1417713973379
W 1 10 2 004 1417713973502
W 1 10 2 005 1417713973628
W 1 10 2 006 1417713973756
W 1 10 2 007 1417713973878
W 1 10 2 008 1417713974004
W 1 10 2 009 0
***
R 1 10 3 000 1417714043394
R 1 10 3 001 1417714043394
R 1 10 3 002 1417714043562
R 1 10 3 003 1417714043562
R 1 10 3 004 1417714043729
---
W 1 10 3 000 1417714043118
W 1 10 3 001 1417714043271
W 1 10 3 002 1417714043394
W 1 10 3 003 1417714043521
W 1 10 3 004 1417714043645
W 1 10 3 005 1417714043771
W 1 10 3 006 1417714043899
W 1 10 3 007 1417714044028
W 1 10 3 008 1417714044157
W 1 10 3 009 1417714044283
***
R 1 10 4 000 1417714113549
R 1 10 4 001 1417714113549
R 1 10 4 002 1417714113675
R 1 10 4 003 1417714113798
R 1 10 4 004 1417714113913
---
W 1 10 4 000 1417714113335
W 1 10 4 001 1417714113489
W 1 10 4 002 1417714113613
W 1 10 4 003 1417714113741
W 1 10 4 004 1417714113864
W 1 10 4 005 1417714113983
W 1 10 4 006 1417714114115
W 1 10 4 007 1417714114239
W 1 10 4 008 1417714114363
W 1 10 4 009 0
***
R 1 10 5 000 1417714183749
R 1 10 5 001 1417714183749
R 1 10 5 002 1417714183939
R 1 10 5 003 1417714184053
R 1 10 5 004 1417714184151
---
W 1 10 5 000 1417714183540
W 1 10 5 001 1417714183693
W 1 10 5 002 1417714183819
W 1 10 5 003 1417714183941
W 1 10 5 004 1417714184058
W 1 10 5 005 1417714184174
W 1 10 5 006 1417714184306
W 1 10 5 007 1417714184433
W 1 10 5 008 1417714184557
W 1 10 5 009 1417714184684
***
R 2 1 1 000 1417714255669
R 2 1 1 001 1417714256629
R 2 1 1 002 1417714257643
R 2 1 1 003 1417714258738
R 2 1 1 004 1417714259714
---
W 2 1 1 000 1417714255433
W 2 1 1 001 1417714256499
W 2 1 1 002 1417714257532
W 2 1 1 003 1417714258560
W 2 1 1 004 1417714259591
W 2 1 1 005 1417714260617
W 2 1 1 006 0
W 2 1 1 007 0
W 2 1 1 008 0
W 2 1 1 009 0
***
R 2 1 2 000 1417714331709
R 2 1 2 001 1417714332800
R 2 1 2 002 1417714333808
R 2 1 2 003 1417714334867
R 2 1 2 004 1417714335819
---
W 2 1 2 000 1417714331645
W 2 1 2 001 1417714332701
W 2 1 2 002 1417714333729
W 2 1 2 003 1417714334757
W 2 1 2 004 1417714335784
W 2 1 2 005 1417714336810
W 2 1 2 006 0
W 2 1 2 007 0
W 2 1 2 008 0
W 2 1 2 009 0
***
R 2 1 3 000 1417714407819
R 2 1 3 001 1417714408847
R 2 1 3 002 1417714409870
R 2 1 3 003 1417714410855
R 2 1 3 004 1417714411902
---
W 2 1 3 000 1417714407686
W 2 1 3 001 1417714408753
W 2 1 3 002 1417714409783
W 2 1 3 003 1417714410805
W 2 1 3 004 1417714411838
W 2 1 3 005 1417714412862
W 2 1 3 006 0
W 2 1 3 007 0
W 2 1 3 008 0
W 2 1 3 009 0
***
R 2 1 4 000 1417714484048
R 2 1 4 001 1417714485016
R 2 1 4 002 1417714486098
R 2 1 4 003 1417714487068
R 2 1 4 004 1417714488108
---
W 2 1 4 000 1417714483898
W 2 1 4 001 1417714484956
W 2 1 4 002 1417714485985
W 2 1 4 003 1417714487014
W 2 1 4 004 1417714488045
W 2 1 4 005 1417714489074
W 2 1 4 006 0
W 2 1 4 007 0
W 2 1 4 008 0
W 2 1 4 009 0
***
R 2 1 5 000 1417714560099
R 2 1 5 001 1417714561112
R 2 1 5 002 1417714562253
R 2 1 5 003 1417714563150
R 2 1 5 004 1417714564223
---
W 2 1 5 000 1417714559980
W 2 1 5 001 1417714561046
W 2 1 5 002 1417714562074
W 2 1 5 003 1417714563097
W 2 1 5 004 1417714564125
W 2 1 5 005 1417714565153
W 2 1 5 006 0
W 2 1 5 007 0
W 2 1 5 008 0
W 2 1 5 009 0
***
R 2 2 1 000 1417714636191
R 2 2 1 001 1417714636819
R 2 2 1 002 1417714637301
R 2 2 1 003 1417714637834
R 2 2 1 004 1417714638292
---
W 2 2 1 000 1417714636102
W 2 2 1 001 1417714636677
W 2 2 1 002 1417714637201
W 2 2 1 003 1417714637727
W 2 2 1 004 1417714638252
W 2 2 1 005 1417714638782
W 2 2 1 006 1417714639309
W 2 2 1 007 0
W 2 2 1 008 0
W 2 2 1 009 0
***
R 2 2 2 000 1417714710338
R 2 2 2 001 1417714710923
R 2 2 2 002 1417714711387
R 2 2 2 003 1417714711889
R 2 2 2 004 1417714712416
---
W 2 2 2 000 1417714710227
W 2 2 2 001 1417714710804
W 2 2 2 002 1417714711329
W 2 2 2 003 1417714711854
W 2 2 2 004 1417714712382
W 2 2 2 005 1417714712911
W 2 2 2 006 1417714713436
W 2 2 2 007 0
W 2 2 2 008 0
W 2 2 2 009 0
***
R 2 2 3 000 1417714784484
R 2 2 3 001 1417714784985
R 2 2 3 002 1417714785502
R 2 2 3 003 1417714786045
R 2 2 3 004 1417714786608
---
W 2 2 3 000 1417714784355
W 2 2 3 001 1417714784921
W 2 2 3 002 1417714785442
W 2 2 3 003 1417714785960
W 2 2 3 004 1417714786485
W 2 2 3 005 1417714787009
W 2 2 3 006 1417714787535
W 2 2 3 007 0
W 2 2 3 008 0
W 2 2 3 009 0
***
R 2 2 4 000 1417714858535
R 2 2 4 001 1417714859072
R 2 2 4 002 1417714859567
R 2 2 4 003 1417714860063
R 2 2 4 004 1417714860671
---
W 2 2 4 000 1417714858433
W 2 2 4 001 1417714858989
W 2 2 4 002 1417714859511
W 2 2 4 003 1417714860030
W 2 2 4 004 1417714860556
W 2 2 4 005 1417714861083
W 2 2 4 006 1417714861603
W 2 2 4 007 0
W 2 2 4 008 0
W 2 2 4 009 0
***
R 2 2 5 000 1417714932588
R 2 2 5 001 1417714933237
R 2 2 5 002 1417714933760
R 2 2 5 003 1417714934143
R 2 2 5 004 1417714934691
---
W 2 2 5 000 1417714932501
W 2 2 5 001 1417714933061
W 2 2 5 002 1417714933584
W 2 2 5 003 1417714934110
W 2 2 5 004 1417714934633
W 2 2 5 005 1417714935161
W 2 2 5 006 1417714935682
W 2 2 5 007 0
W 2 2 5 008 0
W 2 2 5 009 0
***
R 2 4 1 000 1417715006624
R 2 4 1 001 1417715006944
R 2 4 1 002 1417715007188
R 2 4 1 003 1417715007444
R 2 4 1 004 1417715007763
---
W 2 4 1 000 1417715006551
W 2 4 1 001 1417715006867
W 2 4 1 002 1417715007143
W 2 4 1 003 1417715007417
W 2 4 1 004 1417715007691
W 2 4 1 005 1417715007958
W 2 4 1 006 1417715008223
W 2 4 1 007 1417715008493
W 2 4 1 008 1417715008767
W 2 4 1 009 0
***
R 2 4 2 000 1417715079695
R 2 4 2 001 1417715080007
R 2 4 2 002 1417715080337
R 2 4 2 003 1417715080514
R 2 4 2 004 1417715080808
---
W 2 4 2 000 1417715079593
W 2 4 2 001 1417715079928
W 2 4 2 002 1417715080207
W 2 4 2 003 1417715080483
W 2 4 2 004 1417715080753
W 2 4 2 005 1417715081027
W 2 4 2 006 1417715081300
W 2 4 2 007 1417715081579
W 2 4 2 008 1417715081858
W 2 4 2 009 0
***
R 2 4 3 000 1417715152796
R 2 4 3 001 1417715153071
R 2 4 3 002 1417715153432
R 2 4 3 003 1417715153647
R 2 4 3 004 1417715154040
---
W 2 4 3 000 1417715152721
W 2 4 3 001 1417715153031
W 2 4 3 002 1417715153308
W 2 4 3 003 1417715153587
W 2 4 3 004 1417715153863
W 2 4 3 005 1417715154138
W 2 4 3 006 1417715154412
W 2 4 3 007 1417715154690
W 2 4 3 008 1417715154966
W 2 4 3 009 0
***
R 2 4 4 000 1417715226008
R 2 4 4 001 1417715226259
R 2 4 4 002 1417715226550
R 2 4 4 003 1417715226901
R 2 4 4 004 1417715227136
---
W 2 4 4 000 1417715225908
W 2 4 4 001 1417715226227
W 2 4 4 002 1417715226496
W 2 4 4 003 1417715226774
W 2 4 4 004 1417715227050
W 2 4 4 005 1417715227329
W 2 4 4 006 1417715227608
W 2 4 4 007 1417715227889
W 2 4 4 008 1417715228167
W 2 4 4 009 0
***
R 2 4 5 000 1417715299163
R 2 4 5 001 1417715299451
R 2 4 5 002 1417715299680
R 2 4 5 003 1417715300003
R 2 4 5 004 1417715300192
---
W 2 4 5 000 1417715299016
W 2 4 5 001 1417715299328
W 2 4 5 002 1417715299604
W 2 4 5 003 1417715299879
W 2 4 5 004 1417715300158
W 2 4 5 005 1417715300436
W 2 4 5 006 1417715300710
W 2 4 5 007 1417715300990
W 2 4 5 008 1417715301266
W 2 4 5 009 0
***
R 2 6 1 000 1417715372141
R 2 6 1 001 1417715372417
R 2 6 1 002 1417715372554
R 2 6 1 003 1417715372731
R 2 6 1 004 1417715372942
---
W 2 6 1 000 1417715372059
W 2 6 1 001 1417715372292
W 2 6 1 002 1417715372483
W 2 6 1 003 1417715372670
W 2 6 1 004 1417715372866
W 2 6 1 005 1417715373058
W 2 6 1 006 1417715373240
W 2 6 1 007 1417715373435
W 2 6 1 008 1417715373621
W 2 6 1 009 1417715373814
***
R 2 6 2 000 1417715444836
R 2 6 2 001 1417715445039
R 2 6 2 002 1417715445218
R 2 6 2 003 1417715445390
R 2 6 2 004 1417715445655
---
W 2 6 2 000 1417715444752
W 2 6 2 001 1417715444980
W 2 6 2 002 1417715445169
W 2 6 2 003 1417715445365
W 2 6 2 004 1417715445553
W 2 6 2 005 1417715445746
W 2 6 2 006 1417715445941
W 2 6 2 007 1417715446138
W 2 6 2 008 1417715446327
W 2 6 2 009 1417715446526
***
R 2 6 3 000 1417715517588
R 2 6 3 001 1417715517780
R 2 6 3 002 1417715517974
R 2 6 3 003 1417715518225
R 2 6 3 004 1417715518369
---
W 2 6 3 000 1417715517469
W 2 6 3 001 1417715517700
W 2 6 3 002 1417715517895
W 2 6 3 003 1417715518085
W 2 6 3 004 1417715518279
W 2 6 3 005 1417715518469
W 2 6 3 006 1417715518668
W 2 6 3 007 1417715518867
W 2 6 3 008 1417715519065
W 2 6 3 009 1417715519252
***
R 2 6 4 000 1417715590436
R 2 6 4 001 1417715590538
R 2 6 4 002 1417715590734
R 2 6 4 003 1417715590931
R 2 6 4 004 1417715591218
---
W 2 6 4 000 1417715590248
W 2 6 4 001 1417715590496
W 2 6 4 002 1417715590697
W 2 6 4 003 1417715590888
W 2 6 4 004 1417715591072
W 2 6 4 005 1417715591266
W 2 6 4 006 1417715591466
W 2 6 4 007 1417715591664
W 2 6 4 008 1417715591852
W 2 6 4 009 1417715592046
***
R 2 6 5 000 1417715663133
R 2 6 5 001 1417715663297
R 2 6 5 002 1417715663493
R 2 6 5 003 1417715663667
R 2 6 5 004 1417715663802
---
W 2 6 5 000 1417715662947
W 2 6 5 001 1417715663174
W 2 6 5 002 1417715663366
W 2 6 5 003 1417715663556
W 2 6 5 004 1417715663746
W 2 6 5 005 1417715663931
W 2 6 5 006 1417715664122
W 2 6 5 007 1417715664323
W 2 6 5 008 1417715664512
W 2 6 5 009 1417715664704
***
R 2 8 1 000 1417715735733
R 2 8 1 001 1417715735974
R 2 8 1 002 1417715736126
R 2 8 1 003 1417715736204
R 2 8 1 004 1417715736471
---
W 2 8 1 000 1417715735660
W 2 8 1 001 1417715735856
W 2 8 1 002 1417715736002
W 2 8 1 003 1417715736153
W 2 8 1 004 1417715736304
W 2 8 1 005 1417715736454
W 2 8 1 006 1417715736611
W 2 8 1 007 1417715736754
W 2 8 1 008 1417715736905
W 2 8 1 009 1417715737054
***
R 2 8 2 000 1417715808089
R 2 8 2 001 1417715808213
R 2 8 2 002 1417715808336
R 2 8 2 003 1417715808511
R 2 8 2 004 1417715808675
---
W 2 8 2 000 1417715807946
W 2 8 2 001 1417715808142
W 2 8 2 002 1417715808295
W 2 8 2 003 1417715808441
W 2 8 2 004 1417715808591
W 2 8 2 005 1417715808742
W 2 8 2 006 1417715808890
W 2 8 2 007 1417715809046
W 2 8 2 008 1417715809197
W 2 8 2 009 1417715809349
***
R 2 8 3 000 1417715880340
R 2 8 3 001 1417715880493
R 2 8 3 002 1417715880616
R 2 8 3 003 1417715880743
R 2 8 3 004 1417715880950
---
W 2 8 3 000 1417715880198
W 2 8 3 001 1417715880389
W 2 8 3 002 1417715880536
W 2 8 3 003 1417715880687
W 2 8 3 004 1417715880835
W 2 8 3 005 1417715880990
W 2 8 3 006 1417715881136
W 2 8 3 007 1417715881279
W 2 8 3 008 1417715881435
W 2 8 3 009 1417715881587
***
R 2 8 4 000 1417715952672
R 2 8 4 001 1417715952850
R 2 8 4 002 1417715953046
R 2 8 4 003 1417715953125
R 2 8 4 004 1417715953280
---
W 2 8 4 000 1417715952595
W 2 8 4 001 1417715952781
W 2 8 4 002 1417715952924
W 2 8 4 003 1417715953070
W 2 8 4 004 1417715953216
W 2 8 4 005 1417715953365
W 2 8 4 006 1417715953511
W 2 8 4 007 1417715953658
W 2 8 4 008 1417715953820
W 2 8 4 009 1417715953972
***
R 2 8 5 000 1417716024939
R 2 8 5 001 1417716025066
R 2 8 5 002 1417716025246
R 2 8 5 003 1417716025481
R 2 8 5 004 1417716025612
---
W 2 8 5 000 1417716024834
W 2 8 5 001 1417716025023
W 2 8 5 002 1417716025170
W 2 8 5 003 1417716025321
W 2 8 5 004 1417716025472
W 2 8 5 005 1417716025625
W 2 8 5 006 1417716025779
W 2 8 5 007 1417716025930
W 2 8 5 008 1417716026080
W 2 8 5 009 1417716026229
***
R 2 10 1 000 1417716097154
R 2 10 1 001 1417716097329
R 2 10 1 002 1417716097402
R 2 10 1 003 1417716097580
R 2 10 1 004 1417716097783
R 2 10 1 005 1417716097783
---
W 2 10 1 000 1417716097080
W 2 10 1 001 1417716097247
W 2 10 1 002 1417716097363
W 2 10 1 003 1417716097489
W 2 10 1 004 1417716097613
W 2 10 1 005 1417716097732
W 2 10 1 006 1417716097853
W 2 10 1 007 1417716097973
W 2 10 1 008 1417716098091
W 2 10 1 009 1417716098209
***
R 2 10 2 000 1417716169214
R 2 10 2 001 1417716169271
R 2 10 2 002 1417716169424
R 2 10 2 003 1417716169651
R 2 10 2 004 1417716169651
---
W 2 10 2 000 1417716169057
W 2 10 2 001 1417716169227
W 2 10 2 002 1417716169351
W 2 10 2 003 1417716169474
W 2 10 2 004 1417716169594
W 2 10 2 005 1417716169717
W 2 10 2 006 1417716169835
W 2 10 2 007 1417716169957
W 2 10 2 008 1417716170075
W 2 10 2 009 1417716170195
***
R 2 10 3 000 1417716241223
R 2 10 3 001 1417716241412
R 2 10 3 002 1417716241412
R 2 10 3 003 1417716241612
R 2 10 3 004 1417716241685
---
W 2 10 3 000 1417716241086
W 2 10 3 001 1417716241263
W 2 10 3 002 1417716241383
W 2 10 3 003 1417716241506
W 2 10 3 004 1417716241632
W 2 10 3 005 1417716241759
W 2 10 3 006 1417716241883
W 2 10 3 007 1417716242000
W 2 10 3 008 1417716242120
W 2 10 3 009 1417716242240
***
R 2 10 4 000 1417716313213
R 2 10 4 001 1417716313402
R 2 10 4 002 1417716313475
R 2 10 4 003 1417716313669
R 2 10 4 004 1417716313669
---
W 2 10 4 000 1417716313112
W 2 10 4 001 1417716313276
W 2 10 4 002 1417716313396
W 2 10 4 003 1417716313527
W 2 10 4 004 1417716313646
W 2 10 4 005 1417716313768
W 2 10 4 006 1417716313892
W 2 10 4 007 1417716314026
W 2 10 4 008 1417716314148
W 2 10 4 009 1417716314268
***
R 2 10 5 000 1417716385451
R 2 10 5 001 1417716385451
R 2 10 5 002 1417716385641
R 2 10 5 003 1417716385717
R 2 10 5 004 1417716385808
---
W 2 10 5 000 1417716385220
W 2 10 5 001 1417716385402
W 2 10 5 002 1417716385530
W 2 10 5 003 1417716385653
W 2 10 5 004 1417716385777
W 2 10 5 005 1417716385902
W 2 10 5 006 1417716386026
W 2 10 5 007 1417716386151
W 2 10 5 008 1417716386269
W 2 10 5 009 1417716386389
***
R 5 1 1 000 1417716462547
R 5 1 1 001 1417716463712
R 5 1 1 002 1417716464617
R 5 1 1 003 1417716465694
R 5 1 1 004 1417716466672
---
W 5 1 1 000 1417716462446
W 5 1 1 001 1417716463513
W 5 1 1 002 1417716464562
W 5 1 1 003 1417716465587
W 5 1 1 004 1417716466629
W 5 1 1 005 1417716467650
W 5 1 1 006 1417716468680
W 5 1 1 007 0
W 5 1 1 008 0
W 5 1 1 009 0
***
R 5 1 2 000 1417716545733
R 5 1 2 001 1417716546720
R 5 1 2 002 1417716547828
R 5 1 2 003 1417716548773
R 5 1 2 004 1417716549894
---
W 5 1 2 000 1417716545547
W 5 1 2 001 1417716546632
W 5 1 2 002 1417716547659
W 5 1 2 003 1417716548702
W 5 1 2 004 1417716549754
W 5 1 2 005 1417716550791
W 5 1 2 006 1417716551824
W 5 1 2 007 0
W 5 1 2 008 0
W 5 1 2 009 0
***
R 5 1 3 000 1417716628769
R 5 1 3 001 1417716629800
R 5 1 3 002 1417716630870
R 5 1 3 003 1417716631925
R 5 1 3 004 1417716632935
---
W 5 1 3 000 1417716628655
W 5 1 3 001 1417716629720
W 5 1 3 002 1417716630752
W 5 1 3 003 1417716631793
W 5 1 3 004 1417716632819
W 5 1 3 005 1417716633885
W 5 1 3 006 1417716634913
W 5 1 3 007 0
W 5 1 3 008 0
W 5 1 3 009 0
***
R 5 1 4 000 1417716711966
R 5 1 4 001 1417716712965
R 5 1 4 002 1417716713936
R 5 1 4 003 1417716714977
R 5 1 4 004 1417716716012
---
W 5 1 4 000 1417716711779
W 5 1 4 001 1417716712864
W 5 1 4 002 1417716713896
W 5 1 4 003 1417716714920
W 5 1 4 004 1417716715964
W 5 1 4 005 1417716716997
W 5 1 4 006 1417716718035
W 5 1 4 007 0
W 5 1 4 008 0
W 5 1 4 009 0
***
R 5 1 5 000 1417716794921
R 5 1 5 001 1417716795871
R 5 1 5 002 1417716796884
R 5 1 5 003 1417716797906
R 5 1 5 004 1417716798942
---
W 5 1 5 000 1417716794743
W 5 1 5 001 1417716795801
W 5 1 5 002 1417716796837
W 5 1 5 003 1417716797862
W 5 1 5 004 1417716798891
W 5 1 5 005 1417716799921
W 5 1 5 006 1417716800949
W 5 1 5 007 0
W 5 1 5 008 0
W 5 1 5 009 0
***
R 5 2 1 000 1417716877870
R 5 2 1 001 1417716878427
R 5 2 1 002 1417716878894
R 5 2 1 003 1417716879473
R 5 2 1 004 1417716880012
---
W 5 2 1 000 1417716877718
W 5 2 1 001 1417716878287
W 5 2 1 002 1417716878815
W 5 2 1 003 1417716879344
W 5 2 1 004 1417716879873
W 5 2 1 005 1417716880404
W 5 2 1 006 1417716880924
W 5 2 1 007 1417716881453
W 5 2 1 008 1417716881977
W 5 2 1 009 1417716882494
***
R 5 2 2 000 1417716958936
R 5 2 2 001 1417716959525
R 5 2 2 002 1417716959974
R 5 2 2 003 1417716960552
R 5 2 2 004 1417716961163
---
W 5 2 2 000 1417716958776
W 5 2 2 001 1417716959390
W 5 2 2 002 1417716959923
W 5 2 2 003 1417716960446
W 5 2 2 004 1417716960973
W 5 2 2 005 1417716961498
W 5 2 2 006 1417716962020
W 5 2 2 007 1417716962562
W 5 2 2 008 1417716963096
W 5 2 2 009 1417716963617
***
R 5 2 3 000 1417717040088
R 5 2 3 001 1417717040556
R 5 2 3 002 1417717041135
R 5 2 3 003 1417717041674
R 5 2 3 004 1417717042208
---
W 5 2 3 000 1417717039917
W 5 2 3 001 1417717040509
W 5 2 3 002 1417717041030
W 5 2 3 003 1417717041563
W 5 2 3 004 1417717042090
W 5 2 3 005 1417717042617
W 5 2 3 006 1417717043158
W 5 2 3 007 1417717043695
W 5 2 3 008 1417717044228
W 5 2 3 009 1417717044754
***
R 5 2 4 000 1417717121306
R 5 2 4 001 1417717121799
R 5 2 4 002 1417717122362
R 5 2 4 003 1417717122865
R 5 2 4 004 1417717123480
---
W 5 2 4 000 1417717121093
W 5 2 4 001 1417717121684
W 5 2 4 002 1417717122219
W 5 2 4 003 1417717122748
W 5 2 4 004 1417717123278
W 5 2 4 005 1417717123802
W 5 2 4 006 1417717124335
W 5 2 4 007 1417717124885
W 5 2 4 008 1417717125402
W 5 2 4 009 1417717125930
***
R 5 2 5 000 1417717202521
R 5 2 5 001 1417717202965
R 5 2 5 002 1417717203650
R 5 2 5 003 1417717204051
R 5 2 5 004 1417717204565
---
W 5 2 5 000 1417717202351
W 5 2 5 001 1417717202914
W 5 2 5 002 1417717203442
W 5 2 5 003 1417717203972
W 5 2 5 004 1417717204517
W 5 2 5 005 1417717205039
W 5 2 5 006 1417717205564
W 5 2 5 007 1417717206091
W 5 2 5 008 1417717206616
W 5 2 5 009 1417717207140
***
R 5 4 1 000 1417717283476
R 5 4 1 001 1417717283804
R 5 4 1 002 1417717284082
R 5 4 1 003 1417717284377
R 5 4 1 004 1417717284620
---
W 5 4 1 000 1417717283339
W 5 4 1 001 1417717283691
W 5 4 1 002 1417717283967
W 5 4 1 003 1417717284277
W 5 4 1 004 1417717284560
W 5 4 1 005 1417717284841
W 5 4 1 006 1417717285113
W 5 4 1 007 1417717285381
W 5 4 1 008 1417717285656
W 5 4 1 009 1417717285928
***
R 5 4 2 000 1417717362951
R 5 4 2 001 1417717363114
R 5 4 2 002 1417717363562
R 5 4 2 003 1417717363760
R 5 4 2 004 1417717364075
---
W 5 4 2 000 1417717362688
W 5 4 2 001 1417717363047
W 5 4 2 002 1417717363335
W 5 4 2 003 1417717363673
W 5 4 2 004 1417717363946
W 5 4 2 005 1417717364223
W 5 4 2 006 1417717364509
W 5 4 2 007 1417717364796
W 5 4 2 008 1417717365076
W 5 4 2 009 1417717365353
***
R 5 4 3 000 1417717442332
R 5 4 3 001 1417717442646
R 5 4 3 002 1417717442969
R 5 4 3 003 1417717443185
R 5 4 3 004 1417717443467
---
W 5 4 3 000 1417717442185
W 5 4 3 001 1417717442544
W 5 4 3 002 1417717442829
W 5 4 3 003 1417717443106
W 5 4 3 004 1417717443386
W 5 4 3 005 1417717443661
W 5 4 3 006 1417717443936
W 5 4 3 007 1417717444212
W 5 4 3 008 1417717444480
W 5 4 3 009 1417717444753
***
R 5 4 4 000 1417717521730
R 5 4 4 001 1417717522176
R 5 4 4 002 1417717522280
R 5 4 4 003 1417717522583
R 5 4 4 004 1417717522867
---
W 5 4 4 000 1417717521556
W 5 4 4 001 1417717521925
W 5 4 4 002 1417717522231
W 5 4 4 003 1417717522530
W 5 4 4 004 1417717522821
W 5 4 4 005 1417717523116
W 5 4 4 006 1417717523394
W 5 4 4 007 1417717523680
W 5 4 4 008 1417717523959
W 5 4 4 009 1417717524241
***
R 5 4 5 000 1417717601246
R 5 4 5 001 1417717601499
R 5 4 5 002 1417717601735
R 5 4 5 003 1417717602057
R 5 4 5 004 1417717602304
---
W 5 4 5 000 1417717601051
W 5 4 5 001 1417717601378
W 5 4 5 002 1417717601655
W 5 4 5 003 1417717601935
W 5 4 5 004 1417717602214
W 5 4 5 005 1417717602489
W 5 4 5 006 1417717602780
W 5 4 5 007 1417717603060
W 5 4 5 008 1417717603332
W 5 4 5 009 1417717603602
***
R 5 6 1 000 1417717680606
R 5 6 1 001 1417717680810
R 5 6 1 002 1417717681004
R 5 6 1 003 1417717681179
R 5 6 1 004 1417717681676
R 5 6 1 005 1417717681676
---
W 5 6 1 000 1417717680435
W 5 6 1 001 1417717680730
W 5 6 1 002 1417717680937
W 5 6 1 003 1417717681133
W 5 6 1 004 1417717681332
W 5 6 1 005 1417717681552
W 5 6 1 006 1417717681748
W 5 6 1 007 1417717681958
W 5 6 1 008 1417717682159
W 5 6 1 009 1417717682368
***
R 5 6 2 000 1417717760099
R 5 6 2 001 1417717760259
R 5 6 2 002 1417717760462
R 5 6 2 003 1417717760712
R 5 6 2 004 1417717760852
---
W 5 6 2 000 1417717759903
W 5 6 2 001 1417717760182
W 5 6 2 002 1417717760384
W 5 6 2 003 1417717760592
W 5 6 2 004 1417717760801
W 5 6 2 005 1417717760987
W 5 6 2 006 1417717761236
W 5 6 2 007 1417717761438
W 5 6 2 008 1417717761635
W 5 6 2 009 1417717761835
***
R 5 6 3 000 1417717839114
R 5 6 3 001 1417717839267
R 5 6 3 002 1417717839463
R 5 6 3 003 1417717839764
R 5 6 3 004 1417717839878
---
W 5 6 3 000 1417717838877
W 5 6 3 001 1417717839144
W 5 6 3 002 1417717839357
W 5 6 3 003 1417717839567
W 5 6 3 004 1417717839753
W 5 6 3 005 1417717839952
W 5 6 3 006 1417717840158
W 5 6 3 007 1417717840358
W 5 6 3 008 1417717840558
W 5 6 3 009 1417717840754
***
R 5 6 4 000 1417717918252
R 5 6 4 001 1417717918424
R 5 6 4 002 1417717918700
R 5 6 4 003 1417717918887
R 5 6 4 004 1417717919083
---
W 5 6 4 000 1417717918062
W 5 6 4 001 1417717918373
W 5 6 4 002 1417717918581
W 5 6 4 003 1417717918791
W 5 6 4 004 1417717918996
W 5 6 4 005 1417717919197
W 5 6 4 006 1417717919391
W 5 6 4 007 1417717919609
W 5 6 4 008 1417717919814
W 5 6 4 009 1417717920041
***
R 5 6 5 000 1417717997615
R 5 6 5 001 1417717997714
R 5 6 5 002 1417717998003
R 5 6 5 003 1417717998130
R 5 6 5 004 1417717998434
---
W 5 6 5 000 1417717997328
W 5 6 5 001 1417717997621
W 5 6 5 002 1417717997833
W 5 6 5 003 1417717998042
W 5 6 5 004 1417717998258
W 5 6 5 005 1417717998478
W 5 6 5 006 1417717998676
W 5 6 5 007 1417717998873
W 5 6 5 008 1417717999073
W 5 6 5 009 1417717999285
***
R 5 8 1 000 1417718076877
R 5 8 1 001 1417718077121
R 5 8 1 002 1417718077121
R 5 8 1 003 1417718077345
R 5 8 1 004 1417718077530
---
W 5 8 1 000 1417718076636
W 5 8 1 001 1417718076919
W 5 8 1 002 1417718077084
W 5 8 1 003 1417718077246
W 5 8 1 004 1417718077412
W 5 8 1 005 1417718077579
W 5 8 1 006 1417718077738
W 5 8 1 007 1417718077912
W 5 8 1 008 1417718078071
W 5 8 1 009 1417718078246
***
R 5 8 2 000 1417718156094
R 5 8 2 001 1417718156239
R 5 8 2 002 1417718156318
R 5 8 2 003 1417718156493
R 5 8 2 004 1417718156629
---
W 5 8 2 000 1417718155793
W 5 8 2 001 1417718156063
W 5 8 2 002 1417718156230
W 5 8 2 003 1417718156394
W 5 8 2 004 1417718156545
W 5 8 2 005 1417718156714
W 5 8 2 006 1417718156873
W 5 8 2 007 1417718157034
W 5 8 2 008 1417718157190
W 5 8 2 009 1417718157355
***
R 5 8 3 000 1417718235118
R 5 8 3 001 1417718235248
R 5 8 3 002 1417718235424
R 5 8 3 003 1417718235569
R 5 8 3 004 1417718235695
---
W 5 8 3 000 1417718234869
W 5 8 3 001 1417718235142
W 5 8 3 002 1417718235309
W 5 8 3 003 1417718235475
W 5 8 3 004 1417718235644
W 5 8 3 005 1417718235809
W 5 8 3 006 1417718235959
W 5 8 3 007 1417718236120
W 5 8 3 008 1417718236275
W 5 8 3 009 1417718236434
***
R 5 8 4 000 1417718314105
R 5 8 4 001 1417718314260
R 5 8 4 002 1417718314448
R 5 8 4 003 1417718314758
R 5 8 4 004 1417718314758
---
W 5 8 4 000 1417718313931
W 5 8 4 001 1417718314188
W 5 8 4 002 1417718314352
W 5 8 4 003 1417718314510
W 5 8 4 004 1417718314669
W 5 8 4 005 1417718314832
W 5 8 4 006 1417718314994
W 5 8 4 007 1417718315169
W 5 8 4 008 1417718315325
W 5 8 4 009 1417718315484
***
R 5 8 5 000 1417718393123
R 5 8 5 001 1417718393290
R 5 8 5 002 1417718393475
R 5 8 5 003 1417718393591
R 5 8 5 004 1417718393736
---
W 5 8 5 000 1417718392922
W 5 8 5 001 1417718393209
W 5 8 5 002 1417718393365
W 5 8 5 003 1417718393533
W 5 8 5 004 1417718393686
W 5 8 5 005 1417718393853
W 5 8 5 006 1417718394007
W 5 8 5 007 1417718394165
W 5 8 5 008 1417718394324
W 5 8 5 009 1417718394488
***
R 5 10 1 000 1417718472162
R 5 10 1 001 1417718472256
R 5 10 1 002 1417718472392
R 5 10 1 003 1417718472572
R 5 10 1 004 1417718472663
---
W 5 10 1 000 1417718471960
W 5 10 1 001 1417718472207
W 5 10 1 002 1417718472336
W 5 10 1 003 1417718472479
W 5 10 1 004 1417718472613
W 5 10 1 005 1417718472757
W 5 10 1 006 1417718472886
W 5 10 1 007 1417718473019
W 5 10 1 008 1417718473155
W 5 10 1 009 1417718473274
***
R 5 10 2 000 1417718551092
R 5 10 2 001 1417718551168
R 5 10 2 002 1417718551313
R 5 10 2 003 1417718551424
R 5 10 2 004 1417718551635
---
W 5 10 2 000 1417718550830
W 5 10 2 001 1417718551069
W 5 10 2 002 1417718551202
W 5 10 2 003 1417718551342
W 5 10 2 004 1417718551477
W 5 10 2 005 1417718551617
W 5 10 2 006 1417718551750
W 5 10 2 007 1417718551896
W 5 10 2 008 1417718552036
W 5 10 2 009 1417718552172
***
R 5 10 3 000 1417718629908
R 5 10 3 001 1417718630061
R 5 10 3 002 1417718630242
R 5 10 3 003 1417718630326
R 5 10 3 004 1417718630490
---
W 5 10 3 000 1417718629736
W 5 10 3 001 1417718629974
W 5 10 3 002 1417718630113
W 5 10 3 003 1417718630256
W 5 10 3 004 1417718630387
W 5 10 3 005 1417718630529
W 5 10 3 006 1417718630663
W 5 10 3 007 1417718630813
W 5 10 3 008 1417718630944
W 5 10 3 009 1417718631076
***
R 5 10 4 000 1417718709016
R 5 10 4 001 1417718709016
R 5 10 4 002 1417718709166
R 5 10 4 003 1417718709293
R 5 10 4 004 1417718709454
---
W 5 10 4 000 1417718708716
W 5 10 4 001 1417718708955
W 5 10 4 002 1417718709088
W 5 10 4 003 1417718709231
W 5 10 4 004 1417718709364
W 5 10 4 005 1417718709504
W 5 10 4 006 1417718709642
W 5 10 4 007 1417718709791
W 5 10 4 008 1417718709914
W 5 10 4 009 1417718710064
***
R 5 10 5 000 1417718787839
R 5 10 5 001 1417718788001
R 5 10 5 002 1417718788179
R 5 10 5 003 1417718788393
R 5 10 5 004 1417718788393
---
W 5 10 5 000 1417718787725
W 5 10 5 001 1417718787925
W 5 10 5 002 1417718788067
W 5 10 5 003 1417718788206
W 5 10 5 004 1417718788339
W 5 10 5 005 1417718788479
W 5 10 5 006 1417718788609
W 5 10 5 007 1417718788760
W 5 10 5 008 1417718788896
W 5 10 5 009 1417718789025
***
R 10 1 1 000 1417718875531
R 10 1 1 001 1417718876652
R 10 1 1 002 1417718877674
R 10 1 1 003 1417718878785
R 10 1 1 004 1417718879758
---
W 10 1 1 000 1417718875304
W 10 1 1 001 1417718876506
W 10 1 1 002 1417718877565
W 10 1 1 003 1417718878591
W 10 1 1 004 1417718879621
W 10 1 1 005 1417718880673
W 10 1 1 006 1417718881707
W 10 1 1 007 1417718882735
W 10 1 1 008 1417718883762
W 10 1 1 009 1417718884791
***
R 10 1 2 000 1417718970535
R 10 1 2 001 1417718971462
R 10 1 2 002 1417718972622
R 10 1 2 003 1417718973623
R 10 1 2 004 1417718974677
---
W 10 1 2 000 1417718970238
W 10 1 2 001 1417718971341
W 10 1 2 002 1417718972372
W 10 1 2 003 1417718973515
W 10 1 2 004 1417718974539
W 10 1 2 005 1417718975608
W 10 1 2 006 1417718976635
W 10 1 2 007 1417718977692
W 10 1 2 008 1417718978721
W 10 1 2 009 1417718979742
***
R 10 1 3 000 1417719065206
R 10 1 3 001 1417719066415
R 10 1 3 002 1417719067385
R 10 1 3 003 1417719068351
R 10 1 3 004 1417719069421
---
W 10 1 3 000 1417719064991
W 10 1 3 001 1417719066114
W 10 1 3 002 1417719067190
W 10 1 3 003 1417719068230
W 10 1 3 004 1417719069261
W 10 1 3 005 1417719070285
W 10 1 3 006 1417719071322
W 10 1 3 007 1417719072365
W 10 1 3 008 1417719073390
W 10 1 3 009 1417719074413
***
R 10 1 4 000 1417719160113
R 10 1 4 001 1417719161220
R 10 1 4 002 1417719162170
R 10 1 4 004 1417719164145
R 10 1 4 005 1417719165357
---
W 10 1 4 000 1417719159897
W 10 1 4 001 1417719161001
W 10 1 4 002 1417719162043
W 10 1 4 003 1417719163073
W 10 1 4 004 1417719164094
W 10 1 4 005 1417719165133
W 10 1 4 006 1417719166157
W 10 1 4 007 1417719167188
W 10 1 4 008 1417719168218
W 10 1 4 009 1417719169244
***
R 10 1 5 000 1417719255548
R 10 1 5 001 1417719256528
R 10 1 5 002 1417719257583
R 10 1 5 003 1417719258634
R 10 1 5 004 1417719259837
---
W 10 1 5 000 1417719255224
W 10 1 5 001 1417719256361
W 10 1 5 002 1417719257434
W 10 1 5 003 1417719258496
W 10 1 5 004 1417719259538
W 10 1 5 005 1417719260567
W 10 1 5 006 1417719261612
W 10 1 5 007 1417719262655
W 10 1 5 008 1417719263685
W 10 1 5 009 1417719264716
***
R 10 2 1 000 1417719350803
R 10 2 1 001 1417719351288
R 10 2 1 002 1417719351788
R 10 2 1 003 1417719352479
R 10 2 1 004 1417719352912
---
W 10 2 1 000 1417719350473
W 10 2 1 001 1417719351169
W 10 2 1 002 1417719351719
W 10 2 1 003 1417719352269
W 10 2 1 004 1417719352819
W 10 2 1 005 1417719353369
W 10 2 1 006 1417719353919
W 10 2 1 007 1417719354469
W 10 2 1 008 1417719355033
W 10 2 1 009 1417719355577
***
R 10 2 2 001 1417719443791
R 10 2 2 002 1417719444348
R 10 2 2 003 1417719444914
R 10 2 2 004 1417719445356
R 10 2 2 005 1417719445876
---
W 10 2 2 000 1417719442985
W 10 2 2 001 1417719443613
W 10 2 2 002 1417719444164
W 10 2 2 003 1417719444705
W 10 2 2 004 1417719445247
W 10 2 2 005 1417719445790
W 10 2 2 006 1417719446320
W 10 2 2 007 1417719446863
W 10 2 2 008 1417719447398
W 10 2 2 009 1417719447929
***
R 10 2 3 000 1417719536031
R 10 2 3 001 1417719536614
R 10 2 3 002 1417719537322
R 10 2 3 003 1417719537670
R 10 2 3 004 1417719538378
---
W 10 2 3 000 1417719535842
W 10 2 3 001 1417719536509
W 10 2 3 002 1417719537061
W 10 2 3 003 1417719537608
W 10 2 3 004 1417719538148
W 10 2 3 005 1417719538693
W 10 2 3 006 1417719539241
W 10 2 3 007 1417719539796
W 10 2 3 008 1417719540344
W 10 2 3 009 1417719540911
***
R 10 2 4 000 1417719628697
R 10 2 4 001 1417719629201
R 10 2 4 002 1417719629763
R 10 2 4 003 1417719630358
R 10 2 4 004 1417719630836
---
W 10 2 4 000 1417719628315
W 10 2 4 001 1417719629108
W 10 2 4 002 1417719629651
W 10 2 4 003 1417719630206
W 10 2 4 004 1417719630743
W 10 2 4 005 1417719631283
W 10 2 4 006 1417719631821
W 10 2 4 007 1417719632364
W 10 2 4 008 1417719632907
W 10 2 4 009 1417719633434
***
R 10 2 5 000 1417719721056
R 10 2 5 001 1417719721703
R 10 2 5 002 1417719722347
R 10 2 5 003 1417719722719
R 10 2 5 004 1417719723231
---
W 10 2 5 000 1417719720883
W 10 2 5 001 1417719721508
W 10 2 5 002 1417719722049
W 10 2 5 003 1417719722595
W 10 2 5 004 1417719723133
W 10 2 5 005 1417719723688
W 10 2 5 006 1417719724224
W 10 2 5 007 1417719724766
W 10 2 5 008 1417719725300
W 10 2 5 009 1417719725855
***
R 10 4 1 001 1417719813799
R 10 4 1 002 1417719814085
R 10 4 1 003 1417719814374
R 10 4 1 004 1417719814641
R 10 4 1 005 1417719814938
---
W 10 4 1 000 1417719813249
W 10 4 1 001 1417719813715
W 10 4 1 002 1417719814006
W 10 4 1 003 1417719814299
W 10 4 1 004 1417719814586
W 10 4 1 005 1417719814866
W 10 4 1 006 1417719815149
W 10 4 1 007 1417719815437
W 10 4 1 008 1417719815724
W 10 4 1 009 1417719816022
***
R 10 4 2 000 1417719905287
R 10 4 2 001 1417719905587
R 10 4 2 002 1417719905964
R 10 4 2 003 1417719906253
R 10 4 2 004 1417719906590
---
W 10 4 2 000 1417719904939
W 10 4 2 001 1417719905475
W 10 4 2 002 1417719905774
W 10 4 2 003 1417719906062
W 10 4 2 004 1417719906362
W 10 4 2 005 1417719906659
W 10 4 2 006 1417719906948
W 10 4 2 007 1417719907227
W 10 4 2 008 1417719907520
W 10 4 2 009 1417719907819
***
R 10 4 3 000 1417719996987
R 10 4 3 001 1417719997272
R 10 4 3 002 1417719997613
R 10 4 3 003 1417719998101
R 10 4 3 004 1417719998124
---
W 10 4 3 000 1417719996667
W 10 4 3 001 1417719997128
W 10 4 3 002 1417719997448
W 10 4 3 003 1417719997743
W 10 4 3 004 1417719998028
W 10 4 3 005 1417719998320
W 10 4 3 006 1417719998614
W 10 4 3 007 1417719998904
W 10 4 3 008 1417719999187
W 10 4 3 009 1417719999488
***
R 10 4 4 000 1417720088308
R 10 4 4 001 1417720088848
R 10 4 4 002 1417720088952
R 10 4 4 003 1417720089191
R 10 4 4 004 1417720089480
---
W 10 4 4 000 1417720088049
W 10 4 4 001 1417720088539
W 10 4 4 002 1417720088849
W 10 4 4 003 1417720089136
W 10 4 4 004 1417720089423
W 10 4 4 005 1417720089709
W 10 4 4 006 1417720090021
W 10 4 4 007 1417720090309
W 10 4 4 008 1417720090616
W 10 4 4 009 1417720090903
***
R 10 4 5 000 1417720179965
R 10 4 5 001 1417720180327
R 10 4 5 003 1417720180816
R 10 4 5 004 1417720181228
R 10 4 5 005 1417720181497
---
W 10 4 5 000 1417720179570
W 10 4 5 001 1417720180122
W 10 4 5 002 1417720180412
W 10 4 5 003 1417720180731
W 10 4 5 004 1417720181023
W 10 4 5 005 1417720181316
W 10 4 5 006 1417720181599
W 10 4 5 007 1417720181946
W 10 4 5 008 1417720182232
W 10 4 5 009 1417720182518
***
R 10 6 1 000 1417720271567
R 10 6 1 001 1417720271792
R 10 6 1 002 1417720272172
R 10 6 1 003 1417720272320
R 10 6 1 004 1417720272429
---
W 10 6 1 000 1417720271346
W 10 6 1 001 1417720271707
W 10 6 1 002 1417720271924
W 10 6 1 003 1417720272125
W 10 6 1 004 1417720272333
W 10 6 1 005 1417720272532
W 10 6 1 006 1417720272726
W 10 6 1 007 1417720272928
W 10 6 1 008 1417720273124
W 10 6 1 009 1417720273329
***
R 10 6 2 000 1417720364656
R 10 6 2 001 1417720365105
R 10 6 2 002 1417720365345
R 10 6 2 003 1417720365366
R 10 6 2 004 1417720365627
---
W 10 6 2 000 1417720364153
W 10 6 2 001 1417720364889
W 10 6 2 002 1417720365092
W 10 6 2 003 1417720365311
W 10 6 2 004 1417720365513
W 10 6 2 005 1417720365715
W 10 6 2 006 1417720365951
W 10 6 2 007 1417720366172
W 10 6 2 008 1417720366391
W 10 6 2 009 1417720366590
***
R 10 6 3 001 1417720457122
R 10 6 3 002 1417720457429
R 10 6 3 003 1417720457666
R 10 6 3 004 1417720457926
R 10 6 3 005 1417720458014
---
W 10 6 3 000 1417720456398
W 10 6 3 001 1417720457039
W 10 6 3 002 1417720457254
W 10 6 3 003 1417720457536
W 10 6 3 004 1417720457749
W 10 6 3 005 1417720457949
W 10 6 3 006 1417720458143
W 10 6 3 007 1417720458349
W 10 6 3 008 1417720458617
W 10 6 3 009 1417720458832
***
R 10 6 4 001 1417720549024
R 10 6 4 002 1417720549200
R 10 6 4 003 1417720549465
R 10 6 4 004 1417720549623
R 10 6 4 005 1417720549861
---
W 10 6 4 000 1417720548061
W 10 6 4 001 1417720548808
W 10 6 4 002 1417720549059
W 10 6 4 003 1417720549280
W 10 6 4 004 1417720549478
W 10 6 4 005 1417720549679
W 10 6 4 006 1417720549911
W 10 6 4 007 1417720550119
W 10 6 4 008 1417720550332
W 10 6 4 009 1417720550594
***
R 10 6 5 000 1417720640799
R 10 6 5 001 1417720640966
R 10 6 5 002 1417720641158
R 10 6 5 003 1417720641341
R 10 6 5 004 1417720641576
---
W 10 6 5 000 1417720640224
W 10 6 5 001 1417720640802
W 10 6 5 002 1417720641012
W 10 6 5 003 1417720641263
W 10 6 5 004 1417720641461
W 10 6 5 005 1417720641698
W 10 6 5 006 1417720641908
W 10 6 5 007 1417720642149
W 10 6 5 008 1417720642372
W 10 6 5 009 1417720642582
***
R 10 8 1 001 1417720732508
R 10 8 1 002 1417720732766
R 10 8 1 003 1417720732766
R 10 8 1 004 1417720733026
R 10 8 1 005 1417720733095
---
W 10 8 1 000 1417720731599
W 10 8 1 001 1417720732286
W 10 8 1 002 1417720732484
W 10 8 1 003 1417720732670
W 10 8 1 004 1417720732827
W 10 8 1 005 1417720732992
W 10 8 1 006 1417720733186
W 10 8 1 007 1417720733344
W 10 8 1 008 1417720733539
W 10 8 1 009 1417720733704
***
R 10 8 2 000 1417720824151
R 10 8 2 001 1417720824151
R 10 8 2 002 1417720824440
R 10 8 2 003 1417720824469
R 10 8 2 004 1417720824667
---
W 10 8 2 000 1417720823385
W 10 8 2 001 1417720824081
W 10 8 2 002 1417720824236
W 10 8 2 003 1417720824399
W 10 8 2 004 1417720824564
W 10 8 2 005 1417720824731
W 10 8 2 006 1417720824889
W 10 8 2 007 1417720825066
W 10 8 2 008 1417720825223
W 10 8 2 009 1417720825436
***
R 10 8 3 000 1417720915401
R 10 8 3 001 1417720915508
R 10 8 3 002 1417720915672
R 10 8 3 003 1417720915791
R 10 8 3 004 1417720916057
---
W 10 8 3 000 1417720914741
W 10 8 3 001 1417720915310
W 10 8 3 002 1417720915495
W 10 8 3 003 1417720915665
W 10 8 3 004 1417720915829
W 10 8 3 005 1417720915983
W 10 8 3 006 1417720916168
W 10 8 3 007 1417720916323
W 10 8 3 008 1417720916493
W 10 8 3 009 1417720916654
***
R 10 8 4 000 1417721006455
R 10 8 4 001 1417721006737
R 10 8 4 002 1417721006737
R 10 8 4 003 1417721007010
R 10 8 4 004 1417721007180
---
W 10 8 4 000 1417721005950
W 10 8 4 001 1417721006497
W 10 8 4 002 1417721006678
W 10 8 4 003 1417721006856
W 10 8 4 004 1417721007012
W 10 8 4 005 1417721007173
W 10 8 4 006 1417721007330
W 10 8 4 007 1417721007481
W 10 8 4 008 1417721007652
W 10 8 4 009 1417721007810
***
R 10 8 5 000 1417721097661
R 10 8 5 001 1417721097856
R 10 8 5 002 1417721098137
R 10 8 5 003 1417721098409
R 10 8 5 004 1417721098409
---
W 10 8 5 000 1417721097158
W 10 8 5 001 1417721097651
W 10 8 5 002 1417721097977
W 10 8 5 003 1417721098158
W 10 8 5 004 1417721098318
W 10 8 5 005 1417721098476
W 10 8 5 006 1417721098661
W 10 8 5 007 1417721098821
W 10 8 5 008 1417721098987
W 10 8 5 009 1417721099142
***
R 10 10 1 000 1417721189215
R 10 10 1 001 1417721189300
R 10 10 1 002 1417721189530
R 10 10 1 003 1417721189651
R 10 10 1 004 1417721189939
R 10 10 1 005 1417721189939
---
W 10 10 1 000 1417721188547
W 10 10 1 001 1417721189232
W 10 10 1 002 1417721189382
W 10 10 1 003 1417721189537
W 10 10 1 004 1417721189669
W 10 10 1 005 1417721189814
W 10 10 1 006 1417721189991
W 10 10 1 007 1417721190186
W 10 10 1 008 1417721190373
W 10 10 1 009 1417721190516
***
R 10 10 2 000 1417721280974
R 10 10 2 001 1417721281467
R 10 10 2 002 1417721281467
R 10 10 2 003 1417721281570
R 10 10 2 004 1417721281570
---
W 10 10 2 000 1417721280228
W 10 10 2 001 1417721280922
W 10 10 2 002 1417721281145
W 10 10 2 003 1417721281303
W 10 10 2 004 1417721281480
W 10 10 2 005 1417721281608
W 10 10 2 006 1417721281757
W 10 10 2 007 1417721281894
W 10 10 2 008 1417721282093
W 10 10 2 009 1417721282231
***
R 10 10 3 000 1417721371932
R 10 10 3 001 1417721372242
R 10 10 3 002 1417721372593
R 10 10 3 003 1417721372848
R 10 10 3 004 1417721372848
---
W 10 10 3 000 1417721371492
W 10 10 3 001 1417721372067
W 10 10 3 002 1417721372272
W 10 10 3 003 1417721372405
W 10 10 3 004 1417721372572
W 10 10 3 005 1417721372713
W 10 10 3 006 1417721372872
W 10 10 3 007 1417721373006
W 10 10 3 008 1417721373148
W 10 10 3 009 1417721373290
***
R 10 10 4 000 1417721463923
R 10 10 4 001 1417721464158
R 10 10 4 002 1417721464326
R 10 10 4 003 1417721464326
R 10 10 4 004 1417721464689
---
W 10 10 4 000 1417721463178
W 10 10 4 001 1417721463973
W 10 10 4 002 1417721464109
W 10 10 4 003 1417721464249
W 10 10 4 004 1417721464507
W 10 10 4 005 1417721464674
W 10 10 4 006 1417721464805
W 10 10 4 007 1417721464968
W 10 10 4 008 1417721465101
W 10 10 4 009 1417721465234
***
R 10 10 5 000 1417721555525
R 10 10 5 001 1417721555790
R 10 10 5 002 1417721555790
R 10 10 5 003 1417721555949
R 10 10 5 004 1417721556188
R 10 10 5 005 1417721556188
---
W 10 10 5 000 1417721554773
W 10 10 5 001 1417721555481
W 10 10 5 002 1417721555631
W 10 10 5 003 1417721555773
W 10 10 5 004 1417721555919
W 10 10 5 005 1417721556072
W 10 10 5 006 1417721556214
W 10 10 5 007 1417721556343
W 10 10 5 008 1417721556478
W 10 10 5 009 1417721556606
***
R 15 1 1 000 1417721655947
R 15 1 1 001 1417721656957
R 15 1 1 002 1417721657878
R 15 1 1 003 1417721659093
R 15 1 1 004 1417721660205
---
W 15 1 1 000 1417721655503
W 15 1 1 001 1417721656760
W 15 1 1 002 1417721657816
W 15 1 1 003 1417721658864
W 15 1 1 004 1417721659912
W 15 1 1 005 1417721660945
W 15 1 1 006 1417721661998
W 15 1 1 007 1417721663029
W 15 1 1 008 1417721664084
W 15 1 1 009 1417721665126
***
R 15 1 2 000 1417721762400
R 15 1 2 001 1417721763395
R 15 1 2 002 1417721764415
R 15 1 2 003 1417721765454
R 15 1 2 004 1417721766543
---
W 15 1 2 000 1417721762140
W 15 1 2 001 1417721763300
W 15 1 2 002 1417721764345
W 15 1 2 003 1417721765391
W 15 1 2 004 1417721766442
W 15 1 2 005 1417721767485
W 15 1 2 006 1417721768516
W 15 1 2 007 1417721769543
W 15 1 2 008 1417721770609
W 15 1 2 009 1417721771645
***
R 15 1 3 000 1417721868979
R 15 1 3 001 1417721870020
R 15 1 3 002 1417721871147
R 15 1 3 003 1417721872172
R 15 1 3 004 1417721873182
---
W 15 1 3 000 1417721868798
W 15 1 3 001 1417721869945
W 15 1 3 002 1417721870998
W 15 1 3 003 1417721872031
W 15 1 3 004 1417721873073
W 15 1 3 005 1417721874122
W 15 1 3 006 1417721875160
W 15 1 3 007 1417721876295
W 15 1 3 008 1417721877344
W 15 1 3 009 1417721878369
***
R 15 1 4 000 1417721975391
R 15 1 4 001 1417721976529
R 15 1 4 002 1417721977653
R 15 1 4 003 1417721978589
R 15 1 4 005 1417721980682
---
W 15 1 4 000 1417721975206
W 15 1 4 001 1417721976388
W 15 1 4 002 1417721977442
W 15 1 4 003 1417721978487
W 15 1 4 004 1417721979532
W 15 1 4 005 1417721980594
W 15 1 4 006 1417721981644
W 15 1 4 007 1417721982688
W 15 1 4 008 1417721983738
W 15 1 4 009 1417721984788
***
R 15 1 5 000 1417722083056
R 15 1 5 001 1417722084095
R 15 1 5 002 1417722085121
R 15 1 5 003 1417722086254
R 15 1 5 004 1417722087243
---
W 15 1 5 000 1417722082784
W 15 1 5 001 1417722083926
W 15 1 5 002 1417722085035
W 15 1 5 003 1417722086092
W 15 1 5 004 1417722087133
W 15 1 5 005 1417722088174
W 15 1 5 006 1417722089211
W 15 1 5 007 1417722090252
W 15 1 5 008 1417722091312
W 15 1 5 009 1417722092359
***
R 15 2 1 000 1417722190044
R 15 2 1 001 1417722190661
R 15 2 1 002 1417722191301
R 15 2 1 003 1417722191708
R 15 2 1 004 1417722192286
---
W 15 2 1 000 1417722189508
W 15 2 1 001 1417722190402
W 15 2 1 002 1417722191049
W 15 2 1 003 1417722191589
W 15 2 1 004 1417722192124
W 15 2 1 005 1417722192662
W 15 2 1 006 1417722193250
W 15 2 1 007 1417722193799
W 15 2 1 008 1417722194336
W 15 2 1 009 1417722194884
***
R 15 2 2 000 1417722295554
R 15 2 2 001 1417722296146
R 15 2 2 002 1417722296606
R 15 2 2 003 1417722297392
R 15 2 2 004 1417722297767
---
W 15 2 2 000 1417722294763
W 15 2 2 001 1417722295927
W 15 2 2 002 1417722296521
W 15 2 2 003 1417722297065
W 15 2 2 004 1417722297597
W 15 2 2 005 1417722298143
W 15 2 2 006 1417722298687
W 15 2 2 007 1417722299225
W 15 2 2 008 1417722299785
W 15 2 2 009 1417722300322
***
R 15 2 3 000 1417722401101
R 15 2 3 001 1417722401572
R 15 2 3 002 1417722402330
R 15 2 3 004 1417722403449
R 15 2 3 005 1417722403815
---
W 15 2 3 000 1417722400281
W 15 2 3 001 1417722401482
W 15 2 3 002 1417722402022
W 15 2 3 003 1417722402574
W 15 2 3 004 1417722403111
W 15 2 3 005 1417722403660
W 15 2 3 006 1417722404194
W 15 2 3 007 1417722404751
W 15 2 3 008 1417722405305
W 15 2 3 009 1417722405896
***
R 15 2 4 000 1417722506977
R 15 2 4 001 1417722507574
R 15 2 4 002 1417722508160
R 15 2 4 003 1417722508729
R 15 2 4 004 1417722509435
---
W 15 2 4 000 1417722506004
W 15 2 4 001 1417722507367
W 15 2 4 002 1417722507914
W 15 2 4 003 1417722508463
W 15 2 4 004 1417722509010
W 15 2 4 005 1417722509637
W 15 2 4 006 1417722510176
W 15 2 4 007 1417722510714
W 15 2 4 008 1417722511246
W 15 2 4 009 1417722511775
***
R 15 2 5 000 1417722612916
R 15 2 5 001 1417722613236
R 15 2 5 002 1417722613804
R 15 2 5 003 1417722614398
R 15 2 5 004 1417722615005
---
W 15 2 5 000 1417722611788
W 15 2 5 001 1417722613163
W 15 2 5 002 1417722613709
W 15 2 5 003 1417722614256
W 15 2 5 004 1417722614831
W 15 2 5 005 1417722615377
W 15 2 5 006 1417722615923
W 15 2 5 007 1417722616475
W 15 2 5 008 1417722617014
W 15 2 5 009 1417722617544
***
R 15 4 1 000 1417722718795
R 15 4 1 001 1417722719097
R 15 4 1 002 1417722719576
R 15 4 1 003 1417722719815
R 15 4 1 005 1417722720524
---
W 15 4 1 000 1417722717348
W 15 4 1 001 1417722718915
W 15 4 1 002 1417722719221
W 15 4 1 003 1417722719644
W 15 4 1 004 1417722719929
W 15 4 1 005 1417722720423
W 15 4 1 006 1417722720710
W 15 4 1 007 1417722720999
W 15 4 1 008 1417722721312
W 15 4 1 009 1417722721637
***
R 15 4 2 001 1417722825293
R 15 4 2 002 1417722825531
R 15 4 2 003 1417722825850
R 15 4 2 004 1417722826294
R 15 4 2 005 1417722826452
---
W 15 4 2 000 1417722823292
W 15 4 2 001 1417722824872
W 15 4 2 002 1417722825337
W 15 4 2 003 1417722825625
W 15 4 2 004 1417722826058
W 15 4 2 005 1417722826348
W 15 4 2 006 1417722826628
W 15 4 2 007 1417722826908
W 15 4 2 008 1417722827203
W 15 4 2 009 1417722827494
***
R 15 4 3 001 1417722931176
R 15 4 3 002 1417722931730
R 15 4 3 003 1417722932165
R 15 4 3 004 1417722932165
R 15 4 3 005 1417722932301
---
W 15 4 3 000 1417722929406
W 15 4 3 001 1417722930979
W 15 4 3 002 1417722931286
W 15 4 3 003 1417722931572
W 15 4 3 004 1417722931866
W 15 4 3 005 1417722932223
W 15 4 3 006 1417722932514
W 15 4 3 007 1417722932803
W 15 4 3 008 1417722933099
W 15 4 3 009 1417722933390
***
R 15 4 4 001 1417723037231
R 15 4 4 002 1417723037304
R 15 4 4 003 1417723037927
R 15 4 4 004 1417723037956
R 15 4 4 005 1417723038667
---
W 15 4 4 000 1417723035502
W 15 4 4 001 1417723036864
W 15 4 4 002 1417723037197
W 15 4 4 003 1417723037518
W 15 4 4 004 1417723037820
W 15 4 4 005 1417723038149
W 15 4 4 006 1417723038434
W 15 4 4 007 1417723038715
W 15 4 4 008 1417723039014
W 15 4 4 009 1417723039340
***
R 15 4 5 000 1417723143364
R 15 4 5 002 1417723144048
R 15 4 5 003 1417723144048
R 15 4 5 004 1417723144333
R 15 4 5 005 1417723144854
---
W 15 4 5 000 1417723141830
W 15 4 5 001 1417723143385
W 15 4 5 002 1417723143684
W 15 4 5 003 1417723143966
W 15 4 5 004 1417723144252
W 15 4 5 005 1417723144561
W 15 4 5 006 1417723144851
W 15 4 5 007 1417723145134
W 15 4 5 008 1417723145420
W 15 4 5 009 1417723145701
***
R 15 6 1 001 1417723249492
R 15 6 1 002 1417723249789
R 15 6 1 003 1417723250131
R 15 6 1 004 1417723250190
R 15 6 1 005 1417723250436
---
W 15 6 1 000 1417723247663
W 15 6 1 001 1417723249284
W 15 6 1 002 1417723249494
W 15 6 1 003 1417723249689
W 15 6 1 004 1417723250042
W 15 6 1 005 1417723250322
W 15 6 1 006 1417723250541
W 15 6 1 007 1417723250792
W 15 6 1 008 1417723251026
W 15 6 1 009 1417723251227
***
R 15 6 2 000 1417723369961
R 15 6 2 001 1417723370287
R 15 6 2 004 1417723371383
R 15 6 2 005 1417723371654
R 15 6 2 006 1417723371695
---
W 15 6 2 000 1417723368743
W 15 6 2 001 1417723370093
W 15 6 2 002 1417723370293
W 15 6 2 003 1417723370526
W 15 6 2 004 1417723371109
W 15 6 2 005 1417723371375
W 15 6 2 006 1417723371588
W 15 6 2 007 1417723371830
W 15 6 2 008 1417723372088
W 15 6 2 009 1417723372297
***
R 15 6 3 000 1417723476245
R 15 6 3 001 1417723476536
R 15 6 3 003 1417723477232
R 15 6 3 004 1417723477258
R 15 6 3 005 1417723477639
---
W 15 6 3 000 1417723474483
W 15 6 3 001 1417723476183
W 15 6 3 002 1417723476394
W 15 6 3 003 1417723476856
W 15 6 3 004 1417723477062
W 15 6 3 005 1417723477273
W 15 6 3 006 1417723477533
W 15 6 3 007 1417723477828
W 15 6 3 008 1417723478064
W 15 6 3 009 1417723478321
***
R 15 6 4 000 1417723582671
R 15 6 4 001 1417723583099
R 15 6 4 002 1417723583527
R 15 6 4 003 1417723583582
R 15 6 4 004 1417723583790
---
W 15 6 4 000 1417723581437
W 15 6 4 001 1417723582822
W 15 6 4 002 1417723583190
W 15 6 4 003 1417723583394
W 15 6 4 004 1417723583606
W 15 6 4 005 1417723583824
W 15 6 4 006 1417723584070
W 15 6 4 007 1417723584322
W 15 6 4 008 1417723584571
W 15 6 4 009 1417723584926
***
R 15 6 5 000 1417723688799
R 15 6 5 001 1417723688799
R 15 6 5 002 1417723689279
R 15 6 5 003 1417723689546
R 15 6 5 004 1417723689704
---
W 15 6 5 000 1417723687532
W 15 6 5 001 1417723688717
W 15 6 5 002 1417723688934
W 15 6 5 003 1417723689153
W 15 6 5 004 1417723689426
W 15 6 5 005 1417723689633
W 15 6 5 006 1417723689888
W 15 6 5 007 1417723690123
W 15 6 5 008 1417723690347
W 15 6 5 009 1417723690718
***
R 15 8 1 000 1417723821252
R 15 8 1 001 1417723821758
R 15 8 1 002 1417723821758
R 15 8 1 003 1417723821789
R 15 8 1 004 1417723822098
---
W 15 8 1 000 1417723819480
W 15 8 1 001 1417723821242
W 15 8 1 002 1417723821419
W 15 8 1 003 1417723821610
W 15 8 1 004 1417723821863
W 15 8 1 005 1417723822195
W 15 8 1 006 1417723822380
W 15 8 1 007 1417723822805
W 15 8 1 008 1417723822981
W 15 8 1 009 1417723823164
***
R 15 8 2 000 1417723951369
R 15 8 2 001 1417723952371
R 15 8 2 002 1417723953620
R 15 8 2 003 1417723955026
R 15 8 2 004 1417723955883
---
W 15 8 2 000 1417723926623
W 15 8 2 001 1417723951503
W 15 8 2 002 1417723952401
W 15 8 2 003 1417723953700
W 15 8 2 004 1417723955059
W 15 8 2 005 1417723955760
W 15 8 2 006 1417723956907
W 15 8 2 007 1417723957698
W 15 8 2 008 1417723957883
W 15 8 2 009 1417723958040
***
R 15 8 3 000 1417724083174
R 15 8 3 001 1417724084114
R 15 8 3 002 1417724084825
R 15 8 3 003 1417724086075
R 15 8 3 004 1417724086922
---
W 15 8 3 000 1417724059693
W 15 8 3 001 1417724082799
W 15 8 3 002 1417724084245
W 15 8 3 003 1417724084946
W 15 8 3 004 1417724086043
W 15 8 3 005 1417724087056
W 15 8 3 006 1417724088199
W 15 8 3 007 1417724089291
W 15 8 3 008 1417724089446
W 15 8 3 009 1417724089647
***
R 15 8 4 000 1417724214520
R 15 8 4 001 1417724215612
R 15 8 4 002 1417724216562
R 15 8 4 003 1417724217763
R 15 8 4 004 1417724218468
---
W 15 8 4 000 1417724190611
W 15 8 4 001 1417724214495
W 15 8 4 002 1417724215804
W 15 8 4 003 1417724216507
W 15 8 4 004 1417724217741
W 15 8 4 005 1417724218690
W 15 8 4 006 1417724219501
W 15 8 4 007 1417724220526
W 15 8 4 008 1417724221157
W 15 8 4 009 1417724221324
***
R 15 8 5 000 1417724346792
R 15 8 5 001 1417724346792
R 15 8 5 002 1417724348235
R 15 8 5 003 1417724349140
R 15 8 5 004 1417724350643
---
W 15 8 5 000 1417724321554
W 15 8 5 001 1417724345782
W 15 8 5 002 1417724347031
W 15 8 5 003 1417724348376
W 15 8 5 004 1417724349513
W 15 8 5 005 1417724350618
W 15 8 5 006 1417724351719
W 15 8 5 007 1417724352400
W 15 8 5 008 1417724352651
W 15 8 5 009 1417724353027
***
R 15 10 1 000 1417724478890
R 15 10 1 001 1417724479734
R 15 10 1 003 1417724482529
R 15 10 1 004 1417724483688
R 15 10 1 005 1417724484480
---
W 15 10 1 000 1417724453231
W 15 10 1 001 1417724478793
W 15 10 1 002 1417724479743
W 15 10 1 003 1417724481643
W 15 10 1 004 1417724482530
W 15 10 1 005 1417724483643
W 15 10 1 006 1417724484634
W 15 10 1 007 1417724485743
W 15 10 1 008 1417724486346
W 15 10 1 009 1417724486930
***
R 15 10 2 002 1417724614177
R 15 10 2 003 1417724615221
R 15 10 2 004 1417724616622
R 15 10 2 005 1417724617123
R 15 10 2 006 1417724618171
---
W 15 10 2 000 1417724587762
W 15 10 2 001 1417724612527
W 15 10 2 002 1417724613236
W 15 10 2 003 1417724614186
W 15 10 2 004 1417724615136
W 15 10 2 005 1417724616386
W 15 10 2 006 1417724617236
W 15 10 2 007 1417724618235
W 15 10 2 008 1417724619485
W 15 10 2 009 1417724620429
***
R 15 10 3 001 1417724746800
R 15 10 3 002 1417724748352
R 15 10 3 003 1417724749246
R 15 10 3 004 1417724750812
R 15 10 3 005 1417724751599
---
W 15 10 3 000 1417724720995
W 15 10 3 001 1417724745758
W 15 10 3 002 1417724746947
W 15 10 3 003 1417724748263
W 15 10 3 004 1417724749557
W 15 10 3 005 1417724750595
W 15 10 3 006 1417724751702
W 15 10 3 007 1417724752758
W 15 10 3 008 1417724753361
W 15 10 3 009 1417724753508
***
R 15 10 4 001 1417724880584
R 15 10 4 002 1417724881738
R 15 10 4 003 1417724882245
R 15 10 4 004 1417724883893
R 15 10 4 005 1417724884796
---
W 15 10 4 000 1417724854960
W 15 10 4 001 1417724878849
W 15 10 4 002 1417724880506
W 15 10 4 003 1417724881653
W 15 10 4 004 1417724882387
W 15 10 4 005 1417724883399
W 15 10 4 006 1417724884886
W 15 10 4 007 1417724885300
W 15 10 4 008 1417724886450
W 15 10 4 009 1417724886965
***
R 15 10 5 001 1417725011518
R 15 10 5 002 1417725012017
R 15 10 5 003 1417725013612
R 15 10 5 004 1417725014769
R 15 10 5 005 1417725015468
---
W 15 10 5 000 1417724988406
W 15 10 5 001 1417725010475
W 15 10 5 002 1417725011465
W 15 10 5 003 1417725012125
W 15 10 5 004 1417725013616
W 15 10 5 005 1417725014709
W 15 10 5 006 1417725015573
W 15 10 5 007 1417725016165
W 15 10 5 008 1417725017175
W 15 10 5 009 1417725017633
***
R 20 1 1 000 1417725132535
R 20 1 1 001 1417725133123
R 20 1 1 005 1417725142830
R 20 1 1 006 1417725145578
R 20 1 1 008 1417725150286
---
W 20 1 1 000 1417725128971
W 20 1 1 001 1417725131587
W 20 1 1 002 1417725134189
W 20 1 1 003 1417725137237
W 20 1 1 004 1417725139475
W 20 1 1 005 1417725141587
W 20 1 1 006 1417725144082
W 20 1 1 007 1417725146390
W 20 1 1 008 1417725149187
W 20 1 1 009 1417725150987
***
R 20 1 2 002 1417725275323
R 20 1 2 003 1417725278164
R 20 1 2 004 1417725280315
R 20 1 2 005 1417725283414
R 20 1 2 006 1417725284917
---
W 20 1 2 000 1417725265137
W 20 1 2 001 1417725270030
W 20 1 2 002 1417725272480
W 20 1 2 003 1417725276481
W 20 1 2 004 1417725279334
W 20 1 2 005 1417725281885
W 20 1 2 006 1417725283974
W 20 1 2 007 1417725286870
W 20 1 2 008 1417725288302
W 20 1 2 009 1417725289344
***
R 20 1 3 000 1417725402675
R 20 1 3 002 1417725409118
R 20 1 3 003 1417725412064
R 20 1 3 004 1417725415664
R 20 1 3 005 1417725417562
---
W 20 1 3 000 1417725399490
W 20 1 3 001 1417725403725
W 20 1 3 002 1417725406867
W 20 1 3 003 1417725409979
W 20 1 3 004 1417725413019
W 20 1 3 005 1417725416469
W 20 1 3 006 1417725418812
W 20 1 3 007 1417725420125
W 20 1 3 008 1417725421175
W 20 1 3 009 1417725422628
***
R 20 1 4 000 1417725535343
R 20 1 4 001 1417725538688
R 20 1 4 002 1417725541193
R 20 1 4 003 1417725544539
R 20 1 4 005 1417725549147
---
W 20 1 4 000 1417725532598
W 20 1 4 001 1417725535802
W 20 1 4 002 1417725539197
W 20 1 4 003 1417725542299
W 20 1 4 004 1417725545447
W 20 1 4 005 1417725548437
W 20 1 4 006 1417725550237
W 20 1 4 007 1417725551721
W 20 1 4 008 1417725552763
W 20 1 4 009 1417725554190
***
R 20 1 5 001 1417725670912
R 20 1 5 002 1417725671967
R 20 1 5 003 1417725676104
R 20 1 5 004 1417725678351
R 20 1 5 005 1417725680860
---
W 20 1 5 000 1417725664418
W 20 1 5 001 1417725669169
W 20 1 5 002 1417725671319
W 20 1 5 003 1417725673567
W 20 1 5 004 1417725677273
W 20 1 5 005 1417725679656
W 20 1 5 006 1417725682104
W 20 1 5 007 1417725683456
W 20 1 5 008 1417725684478
W 20 1 5 009 1417725685518
***
R 20 2 1 001 1417725811827
R 20 2 1 002 1417725814422
R 20 2 1 004 1417725817929
R 20 2 1 005 1417725819525
R 20 2 1 006 1417725821072
---
W 20 2 1 000 1417725795673
W 20 2 1 001 1417725809087
W 20 2 1 002 1417725812678
W 20 2 1 003 1417725814724
W 20 2 1 004 1417725816437
W 20 2 1 005 1417725818572
W 20 2 1 006 1417725819692
W 20 2 1 007 1417725821289
W 20 2 1 008 1417725823490
W 20 2 1 009 1417725824390
***
R 20 2 2 001 1417725953918
R 20 2 2 002 1417725955672
R 20 2 2 003 1417725957228
R 20 2 2 004 1417725959374
R 20 2 2 005 1417725960874
---
W 20 2 2 000 1417725935838
W 20 2 2 001 1417725950135
W 20 2 2 002 1417725953874
W 20 2 2 003 1417725956174
W 20 2 2 004 1417725957326
W 20 2 2 005 1417725959818
W 20 2 2 006 1417725961579
W 20 2 2 007 1417725963266
W 20 2 2 008 1417725964265
W 20 2 2 009 1417725965625
***
R 20 2 3 000 1417726093588
R 20 2 3 001 1417726094934
R 20 2 3 003 1417726099383
R 20 2 3 004 1417726101240
R 20 2 3 005 1417726103381
---
W 20 2 3 000 1417726076547
W 20 2 3 001 1417726093649
W 20 2 3 002 1417726095397
W 20 2 3 003 1417726097845
W 20 2 3 004 1417726099794
W 20 2 3 005 1417726101645
W 20 2 3 006 1417726103994
W 20 2 3 007 1417726105187
W 20 2 3 008 1417726106001
W 20 2 3 009 1417726106695
***
R 20 2 4 000 1417726232297
R 20 2 4 001 1417726235855
R 20 2 4 002 1417726238007
R 20 2 4 003 1417726239795
R 20 2 4 004 1417726241303
---
W 20 2 4 000 1417726219126
W 20 2 4 001 1417726232602
W 20 2 4 002 1417726236209
W 20 2 4 003 1417726238264
W 20 2 4 004 1417726240362
W 20 2 4 005 1417726241847
W 20 2 4 006 1417726243165
W 20 2 4 007 1417726243763
W 20 2 4 008 1417726244320
W 20 2 4 009 1417726245691
***
R 20 2 5 000 1417726372004
R 20 2 5 002 1417726376987
R 20 2 5 003 1417726378892
R 20 2 5 004 1417726380646
R 20 2 5 005 1417726382336
---
W 20 2 5 000 1417726358052
W 20 2 5 001 1417726372858
W 20 2 5 002 1417726375753
W 20 2 5 003 1417726377152
W 20 2 5 004 1417726379001
W 20 2 5 005 1417726381201
W 20 2 5 006 1417726383101
W 20 2 5 007 1417726384151
W 20 2 5 008 1417726384844
W 20 2 5 009 1417726385452
***
R 20 4 1 000 1417767139431
R 20 4 1 001 1417767140373
R 20 4 1 002 1417767140373
R 20 4 1 003 1417767140788
R 20 4 1 004 1417767141214
---
W 20 4 1 000 1417767137365
W 20 4 1 001 1417767139546
W 20 4 1 002 1417767139962
W 20 4 1 003 1417767140495
W 20 4 1 004 1417767140992
W 20 4 1 005 1417767141359
W 20 4 1 006 1417767141639
W 20 4 1 007 1417767141959
W 20 4 1 008 1417767142254
W 20 4 1 009 1417767142542
***
R 20 4 2 000 1417767261272
R 20 4 2 001 1417767262368
R 20 4 2 004 1417767263512
R 20 4 2 005 1417767263867
R 20 4 2 006 1417767264392
---
W 20 4 2 000 1417767259441
W 20 4 2 001 1417767261420
W 20 4 2 002 1417767262163
W 20 4 2 003 1417767262577
W 20 4 2 004 1417767263179
W 20 4 2 005 1417767263549
W 20 4 2 006 1417767263852
W 20 4 2 007 1417767264292
W 20 4 2 008 1417767265136
W 20 4 2 009 1417767265447
***
R 20 4 3 001 1417767386010
R 20 4 3 002 1417767386050
R 20 4 3 003 1417767386559
R 20 4 3 004 1417767386800
R 20 4 3 005 1417767387289
---
W 20 4 3 000 1417767383394
W 20 4 3 001 1417767385486
W 20 4 3 002 1417767385948
W 20 4 3 003 1417767386243
W 20 4 3 004 1417767386671
W 20 4 3 005 1417767386961
W 20 4 3 006 1417767387252
W 20 4 3 007 1417767387644
W 20 4 3 008 1417767387941
W 20 4 3 009 1417767388253
***
R 20 6 1 000 1417767508913
R 20 6 1 001 1417767509278
R 20 6 1 002 1417767509278
R 20 6 1 003 1417767509604
R 20 6 1 004 1417767509962
---
W 20 6 1 000 1417767506461
W 20 6 1 001 1417767508850
W 20 6 1 002 1417767509057
W 20 6 1 003 1417767509306
W 20 6 1 004 1417767509658
W 20 6 1 005 1417767509996
W 20 6 1 006 1417767510624
W 20 6 1 007 1417767510892
W 20 6 1 008 1417767511141
W 20 6 1 009 1417767511377
***
R 20 6 2 000 1417767634082
R 20 6 2 001 1417767634082
R 20 6 2 002 1417767634344
R 20 6 2 003 1417767634510
R 20 6 2 005 1417767635653
---
W 20 6 2 000 1417767630157
W 20 6 2 001 1417767633500
W 20 6 2 002 1417767633842
W 20 6 2 003 1417767634325
W 20 6 2 004 1417767634543
W 20 6 2 005 1417767635498
W 20 6 2 006 1417767635720
W 20 6 2 007 1417767636065
W 20 6 2 008 1417767636359
W 20 6 2 009 1417767636565
***
R 20 6 3 000 1417767757390
R 20 6 3 001 1417767758353
R 20 6 3 002 1417767758353
R 20 6 3 003 1417767758663
R 20 6 3 004 1417767759073
---
W 20 6 3 000 1417767754763
W 20 6 3 001 1417767757333
W 20 6 3 002 1417767757826
W 20 6 3 003 1417767758107
W 20 6 3 004 1417767758474
W 20 6 3 005 1417767759077
W 20 6 3 006 1417767759280
W 20 6 3 007 1417767759526
W 20 6 3 008 1417767759726
W 20 6 3 009 1417767760016
***
R 20 8 1 001 1417767879264
R 20 8 1 002 1417767880068
R 20 8 1 003 1417767880068
R 20 8 1 004 1417767880312
R 20 8 1 006 1417767880692
---
W 20 8 1 000 1417767877590
W 20 8 1 001 1417767878974
W 20 8 1 002 1417767879386
W 20 8 1 003 1417767879557
W 20 8 1 004 1417767879924
W 20 8 1 005 1417767880198
W 20 8 1 006 1417767880522
W 20 8 1 007 1417767880674
W 20 8 1 008 1417767880857
W 20 8 1 009 1417767881174
***
R 20 8 2 000 1417768012630
R 20 8 2 001 1417768013619
R 20 8 2 002 1417768013619
R 20 8 2 004 1417768014307
R 20 8 2 005 1417768014702
---
W 20 8 2 000 1417768009982
W 20 8 2 001 1417768012425
W 20 8 2 002 1417768012724
W 20 8 2 003 1417768013441
W 20 8 2 004 1417768013709
W 20 8 2 005 1417768014201
W 20 8 2 006 1417768014466
W 20 8 2 007 1417768014833
W 20 8 2 008 1417768015159
W 20 8 2 009 1417768015676
***
R 20 8 3 001 1417768135879
R 20 8 3 002 1417768135879
R 20 8 3 003 1417768136774
R 20 8 3 004 1417768136774
R 20 8 3 005 1417768137871
R 20 8 3 006 1417768137871
---
W 20 8 3 000 1417768133135
W 20 8 3 001 1417768135531
W 20 8 3 002 1417768135769
W 20 8 3 003 1417768135940
W 20 8 3 004 1417768136592
W 20 8 3 005 1417768136754
W 20 8 3 006 1417768137587
W 20 8 3 007 1417768137858
W 20 8 3 008 1417768138105
W 20 8 3 009 1417768138274
***
W 20 10 1 000 1417768256966
W 20 10 1 001 1417768259130
W 20 10 1 002 1417768259652
W 20 10 1 003 1417768260096
W 20 10 1 004 1417768260334
W 20 10 1 005 1417768261219
W 20 10 1 006 1417768261547
W 20 10 1 007 1417768261702
W 20 10 1 008 1417768261949
W 20 10 1 009 1417768262102
***
R 20 10 1 001 1417768259674
R 20 10 1 002 1417768260276
R 20 10 1 003 1417768260555
R 20 10 1 008 1417768262612
R 20 10 1 009 1417768263130
---
R 20 10 2 002 1417768386113
R 20 10 2 004 1417768386634
R 20 10 2 006 1417768387248
R 20 10 2 007 1417768387751
R 20 10 2 008 1417768388069
---
W 20 10 2 000 1417768382941
W 20 10 2 001 1417768385345
W 20 10 2 002 1417768385707
W 20 10 2 003 1417768385892
W 20 10 2 004 1417768386163
W 20 10 2 005 1417768386560
W 20 10 2 006 1417768387004
W 20 10 2 007 1417768387276
W 20 10 2 008 1417768387551
W 20 10 2 009 1417768388145
***
R 20 10 3 000 1417768510979
R 20 10 3 001 1417768511327
R 20 10 3 002 1417768511705
R 20 10 3 003 1417768512335
R 20 10 3 004 1417768512453
---
W 20 10 3 000 1417768508185
W 20 10 3 001 1417768510661
W 20 10 3 002 1417768511024
W 20 10 3 003 1417768511633
W 20 10 3 004 1417768512193
W 20 10 3 005 1417768512324
W 20 10 3 006 1417768512611
W 20 10 3 007 1417768512817
W 20 10 3 008 1417768513074
W 20 10 3 009 1417768513535
***
R 25 1 1 002 1417770205284
R 25 1 1 003 1417770206527
R 25 1 1 004 1417770207590
R 25 1 1 005 1417770208478
R 25 1 1 006 1417770209799
---
W 25 1 1 000 1417770202206
W 25 1 1 001 1417770204115
W 25 1 1 002 1417770205153
W 25 1 1 003 1417770206206
W 25 1 1 004 1417770207303
W 25 1 1 005 1417770208336
W 25 1 1 006 1417770209373
W 25 1 1 007 1417770210526
W 25 1 1 008 1417770211615
W 25 1 1 009 1417770212715
***
R 25 1 2 001 1417770341187
R 25 1 2 002 1417770342063
R 25 1 2 003 1417770343193
R 25 1 2 004 1417770344514
R 25 1 2 005 1417770345302
---
W 25 1 2 000 1417770338870
W 25 1 2 001 1417770340867
W 25 1 2 002 1417770341954
W 25 1 2 003 1417770343042
W 25 1 2 004 1417770344138
W 25 1 2 005 1417770345244
W 25 1 2 006 1417770346267
W 25 1 2 007 1417770347315
W 25 1 2 008 1417770348378
W 25 1 2 009 1417770349398
***
R 30 1 1 000 1417770784269
R 30 1 1 001 1417770785240
R 30 1 1 002 1417770786240
R 30 1 1 003 1417770787477
R 30 1 1 004 1417770788515
---
W 30 1 1 000 1417770783049
W 30 1 1 001 1417770785101
W 30 1 1 002 1417770786136
W 30 1 1 003 1417770787189
W 30 1 1 004 1417770788237
W 30 1 1 005 1417770789282
W 30 1 1 006 1417770790330
W 30 1 1 007 1417770791393
W 30 1 1 008 1417770792436
W 30 1 1 009 1417770793495
***
R 30 1 2 001 1417770937924
R 30 1 2 003 1417770939696
R 30 1 2 005 1417770941841
R 30 1 2 006 1417770943037
R 30 1 2 007 1417770944369
---
W 30 1 2 000 1417770934943
W 30 1 2 001 1417770937484
W 30 1 2 002 1417770938530
W 30 1 2 003 1417770939571
W 30 1 2 004 1417770940624
W 30 1 2 005 1417770941666
W 30 1 2 006 1417770942822
W 30 1 2 007 1417770943853
W 30 1 2 008 1417770944935
W 30 1 2 009 1417770946516
***
R 30 1 3 000 1417771090058
R 30 1 3 001 1417771091064
R 30 1 3 002 1417771092166
R 30 1 3 003 1417771093327
R 30 1 3 005 1417771095550
---
W 30 1 3 000 1417771088058
W 30 1 3 001 1417771090789
W 30 1 3 002 1417771091835
W 30 1 3 003 1417771092872
W 30 1 3 004 1417771093923
W 30 1 3 005 1417771095173
W 30 1 3 006 1417771096236
W 30 1 3 007 1417771097284
W 30 1 3 008 1417771098338
W 30 1 3 009 1417771099376
***
R 30 2 1 000 1417771240917
R 30 2 1 001 1417771242115
R 30 2 1 002 1417771242703
R 30 2 1 003 1417771243257
R 30 2 1 004 1417771244011
---
W 30 2 1 000 1417771239474
W 30 2 1 001 1417771241784
W 30 2 1 002 1417771242547
W 30 2 1 003 1417771243095
W 30 2 1 004 1417771243732
W 30 2 1 005 1417771244307
W 30 2 1 006 1417771244854
W 30 2 1 007 1417771245581
W 30 2 1 008 1417771246418
W 30 2 1 009 1417771246958
***
R 30 2 2 000 1417771393653
R 30 2 2 001 1417771394396
R 30 2 2 002 1417771394997
R 30 2 2 003 1417771395797
R 30 2 2 004 1417771396139
---
W 30 2 2 000 1417771391412
W 30 2 2 001 1417771394038
W 30 2 2 002 1417771394644
W 30 2 2 003 1417771395178
W 30 2 2 004 1417771395945
W 30 2 2 005 1417771396544
W 30 2 2 006 1417771397119
W 30 2 2 007 1417771397661
W 30 2 2 008 1417771398294
W 30 2 2 009 1417771399085
***
W 30 2 3 000 1417771543329
W 30 2 3 001 1417771545998
W 30 2 3 002 1417771546564
W 30 2 3 003 1417771547126
W 30 2 3 004 1417771547682
W 30 2 3 005 1417771548239
W 30 2 3 006 1417771548864
W 30 2 3 007 1417771549715
W 30 2 3 008 1417771550249
W 30 2 3 009 1417771550800
***
R 30 4 1 000 1417771812362
R 30 4 1 002 1417771813718
R 30 4 1 003 1417771814213
R 30 4 1 004 1417771814280
R 30 4 1 005 1417771815098
R 30 4 1 006 1417771815098
---
W 30 4 1 000 1417771810040
W 30 4 1 001 1417771812595
W 30 4 1 002 1417771813452
W 30 4 1 003 1417771813743
W 30 4 1 004 1417771814232
W 30 4 1 005 1417771814517
W 30 4 1 006 1417771814875
W 30 4 1 007 1417771815217
W 30 4 1 008 1417771815500
W 30 4 1 009 1417771815776
***
W 30 4 2 000 1417771963854
W 30 4 2 001 1417771966202
W 30 4 2 002 1417771966910
W 30 4 2 003 1417771967217
W 30 4 2 004 1417771967541
W 30 4 2 005 1417771967932
W 30 4 2 006 1417771968661
W 30 4 2 007 1417771968960
W 30 4 2 008 1417771969327
W 30 4 2 009 1417771969617
***
W 30 4 3 000 1417772231591
W 30 4 3 001 1417772234849
W 30 4 3 002 1417772235307
W 30 4 3 003 1417772235606
W 30 4 3 004 1417772236080
W 30 4 3 005 1417772236459
W 30 4 3 006 1417772236864
W 30 4 3 007 1417772237168
W 30 4 3 008 1417772237801
W 30 4 3 009 1417772238165
***
R 30 6 1 001 1417772502787
R 30 6 1 002 1417772503067
R 30 6 1 003 1417772503795
R 30 6 1 005 1417772503820
R 30 6 1 006 1417772504931
---
W 30 6 1 000 1417772499926
W 30 6 1 001 1417772501753
W 30 6 1 002 1417772502540
W 30 6 1 003 1417772502860
W 30 6 1 004 1417772503137
W 30 6 1 005 1417772503548
W 30 6 1 006 1417772503917
W 30 6 1 007 1417772504142
W 30 6 1 008 1417772504545
W 30 6 1 009 1417772505216
***
R 30 6 2 001 1417772658960
R 30 6 2 003 1417772659790
R 30 6 2 004 1417772659790
R 30 6 2 005 1417772660794
R 30 6 2 006 1417772660794
---
W 30 6 2 000 1417772656913
W 30 6 2 001 1417772658649
W 30 6 2 002 1417772658870
W 30 6 2 003 1417772659383
W 30 6 2 004 1417772659591
W 30 6 2 005 1417772659896
W 30 6 2 006 1417772660274
W 30 6 2 007 1417772660719
W 30 6 2 008 1417772661086
W 30 6 2 009 1417772661713
***
R 30 6 3 000 1417772812233
R 30 6 3 001 1417772812919
R 30 6 3 002 1417772812919
R 30 6 3 003 1417772813382
R 30 6 3 006 1417772814980
---
W 30 6 3 000 1417772809871
W 30 6 3 001 1417772812205
W 30 6 3 002 1417772812419
W 30 6 3 003 1417772812818
W 30 6 3 004 1417772813167
W 30 6 3 005 1417772813713
W 30 6 3 006 1417772814655
W 30 6 3 007 1417772815119
W 30 6 3 008 1417772815426
W 30 6 3 009 1417772816355
***
W 30 8 1 000 1417772966104
W 30 8 1 001 1417772968540
W 30 8 1 002 1417772968813
W 30 8 1 003 1417773069569
W 30 8 1 004 1417773105109
W 30 8 1 005 1417773105308
W 30 8 1 006 1417773105583
W 30 8 1 007 1417773106707
W 30 8 1 008 1417773107401
W 30 8 1 009 1417773107607
***
R 30 8 1 001 1417772968718
R 30 8 1 004 1417773105221
R 30 8 1 007 1417773107419
R 30 8 1 008 1417773107720
R 30 8 1 009 1417773108905
---
W 30 8 2 000 1417773251078
W 30 8 2 001 1417773253393
W 30 8 2 002 1417773253593
W 30 8 2 003 1417773253960
W 30 8 2 004 1417773254227
W 30 8 2 005 1417773254840
W 30 8 2 006 1417773255131
W 30 8 2 007 1417773255497
W 30 8 2 008 1417773255763
W 30 8 2 009 1417773256077
***
W 30 8 3 000 1417773577667
W 30 8 3 001 1417773592658
W 30 8 3 002 1417773611092
W 30 8 3 003 1417773633211
W 30 8 3 004 1417773654602
W 30 8 3 005 1417773677393
W 30 8 3 006 1417773703345
W 30 8 3 007 1417773706250
W 30 8 3 008 1417773708123
W 30 8 3 009 1417773708293
***
R 30 10 1 001 1417773858410
R 30 10 1 003 1417773859000
R 30 10 1 004 1417773859000
R 30 10 1 005 1417773859303
R 30 10 1 006 1417773859303
---
W 30 10 1 000 1417773855258
W 30 10 1 001 1417773857677
W 30 10 1 002 1417773858147
W 30 10 1 003 1417773858494
W 30 10 1 004 1417773858744
W 30 10 1 005 1417773858874
W 30 10 1 006 1417773859143
W 30 10 1 007 1417773859385
W 30 10 1 008 1417773859568
W 30 10 1 009 1417773859942
***
R 30 10 2 000 1417774028768
R 30 10 2 002 1417774190183
R 30 10 2 003 1417774190355
R 30 10 2 005 1417774190741
R 30 10 2 006 1417774190999
R 30 10 2 007 1417774190999
---
W 30 10 2 000 1417774026448
W 30 10 2 001 1417774028752
W 30 10 2 002 1417774190020
W 30 10 2 003 1417774190236
W 30 10 2 004 1417774190386
W 30 10 2 005 1417774190631
W 30 10 2 006 1417774190781
W 30 10 2 007 1417774190938
W 30 10 2 008 1417774191071
W 30 10 2 009 1417774191203
***
R 30 10 3 000 1417774327923
R 30 10 3 001 1417774328819
R 30 10 3 002 1417774328819
R 30 10 3 003 1417774328819
R 30 10 3 005 1417774704139
---
W 30 10 3 000 1417774325832
W 30 10 3 001 1417774327912
W 30 10 3 002 1417774328076
W 30 10 3 003 1417774328505
W 30 10 3 004 1417774328789
W 30 10 3 005 1417774703112
W 30 10 3 006 1417774703973
W 30 10 3 007 1417774704239
W 30 10 3 008 1417774704697
W 30 10 3 009 1417774704951
***
R 40 1 1 000 1417774969952
R 40 1 1 001 1417774970876
R 40 1 1 002 1417774971987
R 40 1 1 004 1417774977741
R 40 1 1 009 1417775002552
---
W 40 1 1 000 1417774968196
W 40 1 1 001 1417774970290
W 40 1 1 002 1417774971443
W 40 1 1 003 1417774972742
W 40 1 1 004 1417774974353
W 40 1 1 005 1417774978517
W 40 1 1 006 1417774982411
W 40 1 1 007 1417774991011
W 40 1 1 008 1417774994162
W 40 1 1 009 1417774998562
***
W 40 1 2 000 1417775185066
W 40 1 2 001 1417775186710
W 40 1 2 002 1417775188039
W 40 1 2 003 1417775189506
W 40 1 2 004 1417775192250
W 40 1 2 005 1417775196109
W 40 1 2 006 1417775201960
W 40 1 2 007 1417775206244
W 40 1 2 008 1417775209659
W 40 1 2 009 1417775214499
***
W 40 1 3 000 1417775489438
W 40 1 3 001 1417775490767
W 40 1 3 002 1417775492818
W 40 1 3 003 1417775494170
W 40 1 3 004 1417775495722
W 40 1 3 005 1417775496796
W 40 1 3 006 1417775499041
W 40 1 3 007 1417775503051
W 40 1 3 008 1417775507048
W 40 1 3 009 1417775511252
***
W 50 1 1 000 1417775831574
W 50 1 1 001 1417775838980
W 50 1 1 002 1417775844229
W 50 1 1 003 1417775850818
W 50 1 1 004 1417775856715
W 50 1 1 005 1417775862778
W 50 1 1 006 1417775868628
W 50 1 1 007 1417775875878
W 50 1 1 008 1417775882533
W 50 1 1 009 1417775889827
***
W 50 1 2 000 1417776175493
W 50 1 2 001 1417776177321
W 50 1 2 002 1417776178702
W 50 1 2 003 1417776179814
W 50 1 2 004 1417776180984
W 50 1 2 005 1417776182025
W 50 1 2 006 1417776185138
W 50 1 2 007 1417776187585
W 50 1 2 008 1417776190939
W 50 1 2 009 1417776197090
***
