R 20 1 1 001 1417608332911
R 20 1 1 002 1417608334068
R 20 1 1 003 1417608335009
R 20 1 1 005 1417608337191
R 20 1 1 006 1417608338307
---
W 20 1 1 000 1417608330434
W 20 1 1 001 1417608332592
W 20 1 1 002 1417608333833
W 20 1 1 003 1417608334873
W 20 1 1 004 1417608335921
W 20 1 1 005 1417608336970
W 20 1 1 006 1417608338156
W 20 1 1 007 1417608339163
W 20 1 1 008 1417608340191
W 20 1 1 009 1417608341211
***
R 20 1 1 002 1417608541464
R 20 1 1 003 1417608542549
R 20 1 1 004 1417608543533
R 20 1 1 005 1417608544506
R 20 1 1 006 1417608545542
---
W 20 1 1 000 1417608538506
W 20 1 1 001 1417608540159
W 20 1 1 002 1417608541238
W 20 1 1 003 1417608542350
W 20 1 1 004 1417608543423
W 20 1 1 005 1417608544464
W 20 1 1 006 1417608545484
W 20 1 1 007 1417608546172
W 20 1 1 008 1417608547194
W 20 1 1 009 1417608548229
***
R 20 1 1 002 1417608897822
R 20 1 1 003 1417608897822
R 20 1 1 004 1417608897822
R 20 1 1 005 1417608897822
R 20 1 1 006 1417608897822
R 20 1 1 007 1417608897822
R 20 1 1 008 1417608897822
R 20 1 1 009 1417608897822
---
W 20 1 1 000 1417608897480
W 20 1 1 001 1417608898616
W 20 1 1 002 1417608899645
W 20 1 1 003 1417608900670
W 20 1 1 004 1417608901689
W 20 1 1 005 1417608902716
W 20 1 1 006 1417608903739
W 20 1 1 007 1417608904759
W 20 1 1 008 1417608905783
W 20 1 1 009 1417608906888
***
R 20 1 1 000 1417609746158
R 20 1 1 001 1417609746158
R 20 1 1 002 1417609746158
R 20 1 1 003 1417609746158
R 20 1 1 004 1417609746158
R 20 1 1 005 1417609746158
R 20 1 1 006 1417609746158
R 20 1 1 007 1417609746158
R 20 1 1 008 1417609746158
R 20 1 1 009 1417609746158
---
W 20 1 1 000 1417609745846
W 20 1 1 001 1417609746852
W 20 1 1 002 1417609747882
W 20 1 1 003 1417609748962
W 20 1 1 004 1417609749980
W 20 1 1 005 1417609751007
W 20 1 1 006 1417609752028
W 20 1 1 007 1417609753051
W 20 1 1 008 1417609754146
W 20 1 1 009 1417609755170
***
R 20 1 1 001 1417610271214
R 20 1 1 002 1417610272264
R 20 1 1 003 1417610273553
R 20 1 1 004 1417610274602
R 20 1 1 005 1417610275688
---
W 20 1 1 000 1417610269800
W 20 1 1 001 1417610271101
W 20 1 1 002 1417610272144
W 20 1 1 003 1417610273233
W 20 1 1 004 1417610274413
W 20 1 1 005 1417610275467
W 20 1 1 006 1417610276501
W 20 1 1 007 1417610277571
W 20 1 1 008 1417610278592
W 20 1 1 009 1417610279612
***
R 20 5 1 001 1417610780303
R 20 5 1 002 1417610780612
R 20 5 1 003 1417610780612
R 20 5 1 004 1417610780891
R 20 5 1 005 1417610781175
---
R 20 5 1 001 1417611246493
R 20 5 1 002 1417611246493
R 20 5 1 003 1417611246493
R 20 5 1 004 1417611246493
R 20 5 1 005 1417611246493
R 20 5 1 006 1417611246493
R 20 5 1 007 1417611246493
R 20 5 1 008 1417611246493
R 20 5 1 009 1417611246493
---
R 30 5 1 001 1417611422408
R 30 5 1 002 1417611422408
R 30 5 1 003 1417611422408
R 30 5 1 004 1417611422408
R 30 5 1 005 1417611422408
R 30 5 1 006 1417611422408
R 30 5 1 007 1417611422408
R 30 5 1 008 1417611422408
R 30 5 1 009 1417611422408
---
R 30 5 1 001 1417611563704
R 30 5 1 002 1417611563704
R 30 5 1 003 1417611563704
R 30 5 1 004 1417611563704
R 30 5 1 005 1417611563704
R 30 5 1 006 1417611563704
R 30 5 1 007 1417611563704
R 30 5 1 008 1417611563704
R 30 5 1 009 1417611563704
---
R 20 5 1 000 1417612286463
R 20 5 1 001 1417612286463
R 20 5 1 002 1417612286463
R 20 5 1 003 1417612286463
R 20 5 1 004 1417612286463
R 20 5 1 005 1417612286463
R 20 5 1 006 1417612286463
R 20 5 1 007 1417612286463
R 20 5 1 008 1417612286463
R 20 5 1 009 1417612286463
---
R 20 5 1 000 1417612417969
R 20 5 1 001 1417612419244
R 20 5 1 006 1417612417969
R 20 5 1 008 1417612418347
R 20 5 1 009 1417612418859
---
R 20 5 1 000 1417613010837
R 20 5 1 001 1417613011238
R 20 5 1 003 1417613012090
R 20 5 1 004 1417613012530
R 20 5 1 005 1417613013099
---
