R 20 1 1 000 1416908033278
R 20 1 1 001 1416908034352
R 20 1 1 002 1416908035591
R 20 1 1 003 1416908036726
R 20 1 1 004 1416908037937
---
W 20 1 1 000 1416908032588
W 20 1 1 001 1416908034159
W 20 1 1 002 1416908035282
W 20 1 1 003 1416908036443
W 20 1 1 004 1416908037546
W 20 1 1 005 1416908038611
W 20 1 1 006 1416908039796
W 20 1 1 007 1416908040887
W 20 1 1 008 1416908041937
W 20 1 1 009 1416908043030
***
R 20 1 2 000 1416908134165
R 20 1 2 001 1416908135510
R 20 1 2 002 1416908136755
R 20 1 2 003 1416908137728
R 20 1 2 004 1416908138999
---
W 20 1 2 000 1416908133544
W 20 1 2 001 1416908135162
W 20 1 2 002 1416908136365
W 20 1 2 003 1416908137563
W 20 1 2 004 1416908138687
W 20 1 2 005 1416908139746
W 20 1 2 006 1416908140859
W 20 1 2 007 1416908141918
W 20 1 2 008 1416908142970
W 20 1 2 009 1416908144110
***
R 20 1 3 000 1416908235484
R 20 1 3 001 1416908236736
R 20 1 3 002 1416908237929
R 20 1 3 003 1416908238974
R 20 1 3 004 1416908240128
---
W 20 1 3 000 1416908234727
W 20 1 3 001 1416908236313
W 20 1 3 002 1416908237614
W 20 1 3 003 1416908238812
W 20 1 3 004 1416908239852
W 20 1 3 005 1416908240964
W 20 1 3 006 1416908242065
W 20 1 3 007 1416908243129
W 20 1 3 008 1416908244165
W 20 1 3 009 1416908245282
***
R 20 1 4 000 1416908337401
R 20 1 4 001 1416908338456
R 20 1 4 002 1416908339691
R 20 1 4 003 1416908340760
R 20 1 4 004 1416908341961
---
W 20 1 4 000 1416908336694
W 20 1 4 001 1416908337962
W 20 1 4 002 1416908339412
W 20 1 4 003 1416908340579
W 20 1 4 004 1416908341637
W 20 1 4 005 1416908342829
W 20 1 4 006 1416908343953
W 20 1 4 007 1416908345190
W 20 1 4 008 1416908346347
W 20 1 4 009 1416908347425
***
R 20 1 5 000 1416908440313
R 20 1 5 001 1416908441500
R 20 1 5 002 1416908442846
R 20 1 5 003 1416908444078
R 20 1 5 004 1416908445342
---
W 20 1 5 000 1416908439666
W 20 1 5 001 1416908441178
W 20 1 5 002 1416908442370
W 20 1 5 003 1416908443687
W 20 1 5 004 1416908444842
W 20 1 5 005 1416908446030
W 20 1 5 006 1416908447084
W 20 1 5 007 1416908448143
W 20 1 5 008 1416908449250
W 20 1 5 009 1416908450337
***
R 20 1 6 000 1416908542417
R 20 1 6 001 1416908543698
R 20 1 6 002 1416908544920
R 20 1 6 003 1416908545920
R 20 1 6 004 1416908547446
---
W 20 1 6 000 1416908541723
W 20 1 6 001 1416908543320
W 20 1 6 002 1416908544635
W 20 1 6 003 1416908545745
W 20 1 6 004 1416908546862
W 20 1 6 005 1416908548092
W 20 1 6 006 1416908549152
W 20 1 6 007 1416908550304
W 20 1 6 008 1416908551378
W 20 1 6 009 1416908552479
***
R 20 1 7 000 1416908644318
R 20 1 7 001 1416908645620
R 20 1 7 002 1416908646802
R 20 1 7 003 1416908647330
R 20 1 7 004 1416908648525
---
W 20 1 7 000 1416908643631
W 20 1 7 001 1416908644871
W 20 1 7 002 1416908645981
W 20 1 7 003 1416908647051
W 20 1 7 004 1416908648197
W 20 1 7 005 1416908649279
W 20 1 7 006 1416908650401
W 20 1 7 007 1416908651629
W 20 1 7 008 1416908652675
W 20 1 7 009 1416908653843
***
R 20 1 8 000 1416908746556
R 20 1 8 001 1416908747916
R 20 1 8 002 1416908749313
R 20 1 8 003 1416908750477
R 20 1 8 004 1416908751685
---
W 20 1 8 000 1416908746021
W 20 1 8 001 1416908747394
W 20 1 8 002 1416908748774
W 20 1 8 003 1416908750181
W 20 1 8 004 1416908751304
W 20 1 8 005 1416908752363
W 20 1 8 006 1416908753456
W 20 1 8 007 1416908754732
W 20 1 8 008 1416908755829
W 20 1 8 009 1416908757027
***
R 20 1 9 000 1416908848919
R 20 1 9 001 1416908850148
R 20 1 9 002 1416908851384
R 20 1 9 003 1416908852515
R 20 1 9 004 1416908853727
---
W 20 1 9 000 1416908848316
W 20 1 9 001 1416908849659
W 20 1 9 002 1416908851097
W 20 1 9 003 1416908852258
W 20 1 9 004 1416908853353
W 20 1 9 005 1416908854435
W 20 1 9 006 1416908855579
W 20 1 9 007 1416908856648
W 20 1 9 008 1416908857723
W 20 1 9 009 1416908858789
***
R 20 1 10 000 1416908950873
R 20 1 10 001 1416908952104
R 20 1 10 002 1416908953290
R 20 1 10 003 1416908954384
R 20 1 10 004 1416908955542
---
W 20 1 10 000 1416908950197
W 20 1 10 001 1416908951530
W 20 1 10 002 1416908953038
W 20 1 10 003 1416908954167
W 20 1 10 004 1416908955239
W 20 1 10 005 1416908956399
W 20 1 10 006 1416908957461
W 20 1 10 007 1416908958558
W 20 1 10 008 1416908959701
W 20 1 10 009 1416908960795
***
R 20 2 1 000 1416909052739
R 20 2 1 001 1416909053303
R 20 2 1 002 1416909054686
R 20 2 1 003 1416909055072
R 20 2 1 004 1416909056425
---
W 20 2 1 000 1416909052142
W 20 2 1 001 1416909052776
W 20 2 1 002 1416909053507
W 20 2 1 003 1416909054234
W 20 2 1 004 1416909055137
W 20 2 1 005 1416909056015
W 20 2 1 006 1416909056769
W 20 2 1 007 1416909057356
W 20 2 1 008 1416909057984
W 20 2 1 009 1416909058759
***
R 20 2 2 000 1416909154647
R 20 2 2 001 1416909155317
R 20 2 2 002 1416909156789
R 20 2 2 003 1416909156789
R 20 2 2 004 1416909158305
---
W 20 2 2 000 1416909153934
W 20 2 2 001 1416909154769
W 20 2 2 002 1416909155631
W 20 2 2 003 1416909156380
W 20 2 2 004 1416909156977
W 20 2 2 005 1416909157719
W 20 2 2 006 1416909158545
W 20 2 2 007 1416909159251
W 20 2 2 008 1416909160054
W 20 2 2 009 1416909160738
***
R 20 2 3 000 1416909254935
R 20 2 3 001 1416909256743
R 20 2 3 002 1416909258223
R 20 2 3 003 1416909259253
R 20 2 3 004 1416909259544
---
W 20 2 3 000 1416909254360
W 20 2 3 001 1416909255385
W 20 2 3 002 1416909256663
W 20 2 3 003 1416909257719
W 20 2 3 004 1416909258815
W 20 2 3 005 1416909259530
W 20 2 3 006 1416909260414
W 20 2 3 007 1416909261099
W 20 2 3 008 1416909261713
W 20 2 3 009 1416909262570
***
R 20 2 4 000 1416909356844
R 20 2 4 001 1416909358352
R 20 2 4 002 1416909359556
R 20 2 4 003 1416909360852
R 20 2 4 004 1416909361377
---
W 20 2 4 000 1416909355805
W 20 2 4 001 1416909356872
W 20 2 4 002 1416909358593
W 20 2 4 003 1416909359603
W 20 2 4 004 1416909360441
W 20 2 4 005 1416909361266
W 20 2 4 006 1416909362033
W 20 2 4 007 1416909362767
W 20 2 4 008 1416909363508
W 20 2 4 009 1416909364225
***
R 20 2 5 000 1416909460833
R 20 2 5 001 1416909461860
R 20 2 5 002 1416909462340
R 20 2 5 003 1416909463336
R 20 2 5 004 1416909463735
---
W 20 2 5 000 1416909459613
W 20 2 5 001 1416909460712
W 20 2 5 002 1416909461491
W 20 2 5 003 1416909462362
W 20 2 5 004 1416909463064
W 20 2 5 005 1416909464029
W 20 2 5 006 1416909464756
W 20 2 5 007 1416909465703
W 20 2 5 008 1416909466356
W 20 2 5 009 1416909467222
***
R 20 2 6 000 1416909561885
R 20 2 6 001 1416909563025
R 20 2 6 002 1416909564139
R 20 2 6 003 1416909565043
R 20 2 6 004 1416909566078
---
W 20 2 6 000 1416909561280
W 20 2 6 001 1416909562410
W 20 2 6 002 1416909563176
W 20 2 6 003 1416909564081
W 20 2 6 004 1416909564937
W 20 2 6 005 1416909565608
W 20 2 6 006 1416909566361
W 20 2 6 007 1416909567159
W 20 2 6 008 1416909567847
W 20 2 6 009 1416909568737
***
R 20 2 7 000 1416909663612
R 20 2 7 001 1416909664552
R 20 2 7 002 1416909665712
R 20 2 7 003 1416909665862
R 20 2 7 004 1416909666770
---
W 20 2 7 000 1416909663035
W 20 2 7 001 1416909663757
W 20 2 7 002 1416909664355
W 20 2 7 003 1416909665172
W 20 2 7 004 1416909665879
W 20 2 7 005 1416909666593
W 20 2 7 006 1416909667284
W 20 2 7 007 1416909668190
W 20 2 7 008 1416909668974
W 20 2 7 009 1416909669703
***
R 20 2 8 000 1416909764896
R 20 2 8 001 1416909765599
R 20 2 8 002 1416909766802
R 20 2 8 003 1416909767469
R 20 2 8 004 1416909767635
---
W 20 2 8 000 1416909763965
W 20 2 8 001 1416909765047
W 20 2 8 002 1416909765688
W 20 2 8 003 1416909766479
W 20 2 8 004 1416909767185
W 20 2 8 005 1416909767952
W 20 2 8 006 1416909768633
W 20 2 8 007 1416909769272
W 20 2 8 008 1416909769903
W 20 2 8 009 1416909770795
***
R 20 2 9 000 1416909864743
R 20 2 9 001 1416909865791
R 20 2 9 002 1416909875966
R 20 2 9 003 1416909879871
R 20 2 9 004 1416909893458
---
W 20 2 9 000 1416909863174
W 20 2 9 001 1416909864205
W 20 2 9 002 1416909865325
W 20 2 9 003 1416909871378
W 20 2 9 004 1416909883478
W 20 2 9 005 1416909892260
W 20 2 9 006 1416909897505
W 20 2 9 007 1416909899665
W 20 2 9 008 1416909903146
W 20 2 9 009 1416909905162
***
R 20 2 10 000 1416909996885
R 20 2 10 001 1416909998034
R 20 2 10 002 1416909998465
R 20 2 10 003 1416910000192
R 20 2 10 004 1416910001824
---
W 20 2 10 000 1416909996133
W 20 2 10 001 1416909997170
W 20 2 10 002 1416909997822
W 20 2 10 003 1416909998532
W 20 2 10 004 1416910000451
W 20 2 10 005 1416910002079
W 20 2 10 006 1416910002879
W 20 2 10 007 1416910003662
W 20 2 10 008 1416910004288
W 20 2 10 009 1416910004930
***
R 20 3 1 000 1416910099126
R 20 3 1 001 1416910100023
R 20 3 1 002 1416910100902
R 20 3 1 003 1416910101396
R 20 3 1 004 1416910102600
R 20 3 1 005 1416910102600
---
W 20 3 1 000 1416910098017
W 20 3 1 001 1416910098953
W 20 3 1 002 1416910099646
W 20 3 1 003 1416910100335
W 20 3 1 004 1416910101012
W 20 3 1 005 1416910101801
W 20 3 1 006 1416910102555
W 20 3 1 007 1416910103209
W 20 3 1 008 1416910103672
W 20 3 1 009 1416910104306
***
R 20 3 2 000 1416910210918
R 20 3 2 001 1416910211315
R 20 3 2 002 1416910212350
R 20 3 2 003 1416910213708
R 20 3 2 004 1416910214193
---
W 20 3 2 000 1416910209688
W 20 3 2 001 1416910210559
W 20 3 2 002 1416910211235
W 20 3 2 003 1416910212053
W 20 3 2 004 1416910212744
W 20 3 2 005 1416910213370
W 20 3 2 006 1416910214166
W 20 3 2 007 1416910214680
W 20 3 2 008 1416910215335
W 20 3 2 009 1416910215913
***
R 20 3 3 000 1416910325649
R 20 3 3 001 1416910326062
R 20 3 3 002 1416910326998
R 20 3 3 003 1416910327857
R 20 3 3 004 1416910328560
---
W 20 3 3 000 1416910324367
W 20 3 3 001 1416910325219
W 20 3 3 002 1416910325934
W 20 3 3 003 1416910326597
W 20 3 3 004 1416910327195
W 20 3 3 005 1416910327886
W 20 3 3 006 1416910328563
W 20 3 3 007 1416910329247
W 20 3 3 008 1416910329882
W 20 3 3 009 1416910330439
***
R 20 3 4 000 1416910479384
R 20 3 4 001 1416910480011
R 20 3 4 002 1416910480439
R 20 3 4 003 1416910480897
R 20 3 4 004 1416910481638
---
W 20 3 4 000 1416910478104
W 20 3 4 001 1416910479145
W 20 3 4 002 1416910479676
W 20 3 4 003 1416910480273
W 20 3 4 004 1416910480777
W 20 3 4 005 1416910481491
W 20 3 4 006 1416910482124
W 20 3 4 007 1416910482745
W 20 3 4 008 1416910483371
W 20 3 4 009 1416910483995
***
R 20 3 5 000 1416910583552
R 20 3 5 001 1416910584829
R 20 3 5 002 1416910586832
R 20 3 5 003 1416910588681
R 20 3 5 004 1416910589082
---
W 20 3 5 000 1416910582835
W 20 3 5 001 1416910583383
W 20 3 5 002 1416910584725
W 20 3 5 003 1416910586326
W 20 3 5 004 1416910588063
W 20 3 5 005 1416910588702
W 20 3 5 006 1416910589463
W 20 3 5 007 1416910590039
W 20 3 5 008 1416910590697
W 20 3 5 009 1416910591316
***
R 30 1 1 000 1416911308207
R 30 1 1 001 1416911311806
R 30 1 1 002 1416911313882
R 30 1 1 003 1416911314782
R 30 1 1 004 1416911316934
---
W 30 1 1 000 1416911306998
W 30 1 1 001 1416911309287
W 30 1 1 002 1416911311607
W 30 1 1 003 1416911313300
W 30 1 1 004 1416911314956
W 30 1 1 005 1416911316933
W 30 1 1 006 1416911318388
W 30 1 1 007 1416911319848
W 30 1 1 008 1416911321258
W 30 1 1 009 1416911322826
***
