R 1 1 1 000 1486114315836
R 1 1 1 001 1486114317122
R 1 1 1 002 1486114318144
R 1 1 1 003 1486114319243
R 1 1 1 004 1486114320335
R 1 1 1 005 1486114321346
R 1 1 1 006 1486114322364
R 1 1 1 007 1486114323509
R 1 1 1 008 1486114324708
R 1 1 1 009 1486114325720
---
W 1 1 1 000 1486114315379
W 1 1 1 001 1486114316599
W 1 1 1 002 1486114317690
W 1 1 1 003 1486114318762
W 1 1 1 004 1486114319901
W 1 1 1 005 1486114321022
W 1 1 1 006 1486114322104
W 1 1 1 007 1486114323170
W 1 1 1 008 1486114324252
W 1 1 1 009 1486114325469
***
R 1 1 2 000 1486114378467
R 1 1 2 001 1486114379881
R 1 1 2 002 1486114380873
R 1 1 2 003 1486114382010
R 1 1 2 004 1486114383095
R 1 1 2 005 1486114384093
R 1 1 2 006 1486114385155
R 1 1 2 007 1486114386198
R 1 1 2 008 1486114387445
R 1 1 2 009 1486114388349
---
W 1 1 2 000 1486114378134
W 1 1 2 001 1486114379349
W 1 1 2 002 1486114380448
W 1 1 2 003 1486114381534
W 1 1 2 004 1486114382611
W 1 1 2 005 1486114383731
W 1 1 2 006 1486114384852
W 1 1 2 007 1486114385917
W 1 1 2 008 1486114387028
W 1 1 2 009 1486114388094
***
R 1 1 3 000 1486114440782
R 1 1 3 001 1486114442174
R 1 1 3 002 1486114443193
R 1 1 3 003 1486114444610
R 1 1 3 004 1486114445301
R 1 1 3 005 1486114446456
R 1 1 3 006 1486114447486
R 1 1 3 007 1486114448569
R 1 1 3 008 1486114449637
R 1 1 3 009 1486114450722
---
W 1 1 3 000 1486114440486
W 1 1 3 001 1486114441638
W 1 1 3 002 1486114442793
W 1 1 3 003 1486114443889
W 1 1 3 004 1486114444956
W 1 1 3 005 1486114446019
W 1 1 3 006 1486114447144
W 1 1 3 007 1486114448266
W 1 1 3 008 1486114449326
W 1 1 3 009 1486114450469
***
R 1 1 4 000 1486114503049
R 1 1 4 001 1486114504346
R 1 1 4 002 1486114505428
R 1 1 4 003 1486114506673
R 1 1 4 004 1486114507711
R 1 1 4 005 1486114508689
R 1 1 4 006 1486114509838
R 1 1 4 007 1486114510877
R 1 1 4 008 1486114511985
R 1 1 4 009 1486114512936
---
W 1 1 4 000 1486114502749
W 1 1 4 001 1486114503946
W 1 1 4 002 1486114505010
W 1 1 4 003 1486114506095
W 1 1 4 004 1486114507309
W 1 1 4 005 1486114508399
W 1 1 4 006 1486114509462
W 1 1 4 007 1486114510548
W 1 1 4 008 1486114511613
W 1 1 4 009 1486114512699
***
R 1 2 1 000 1486114564967
R 1 2 1 001 1486114565740
R 1 2 1 002 1486114566327
R 1 2 1 003 1486114567092
R 1 2 1 004 1486114567428
R 1 2 1 005 1486114568039
R 1 2 1 006 1486114568591
R 1 2 1 007 1486114569212
R 1 2 1 008 1486114569896
R 1 2 1 009 1486114570311
---
W 1 2 1 000 1486114564605
W 1 2 1 001 1486114565411
W 1 2 1 002 1486114566009
W 1 2 1 003 1486114566572
W 1 2 1 004 1486114567134
W 1 2 1 005 1486114567706
W 1 2 1 006 1486114568294
W 1 2 1 007 1486114568888
W 1 2 1 008 1486114569475
W 1 2 1 009 1486114570052
***
R 1 2 2 000 1486114622826
R 1 2 2 001 1486114623542
R 1 2 2 002 1486114624196
R 1 2 2 003 1486114624842
R 1 2 2 004 1486114625366
R 1 2 2 005 1486114625975
R 1 2 2 006 1486114626664
R 1 2 2 007 1486114627179
R 1 2 2 008 1486114627808
R 1 2 2 009 1486114628247
---
W 1 2 2 000 1486114622475
W 1 2 2 001 1486114623126
W 1 2 2 002 1486114623741
W 1 2 2 003 1486114624377
W 1 2 2 004 1486114625040
W 1 2 2 005 1486114625621
W 1 2 2 006 1486114626196
W 1 2 2 007 1486114626865
W 1 2 2 008 1486114627436
W 1 2 2 009 1486114628020
***
R 1 2 3 000 1486114680854
R 1 2 3 001 1486114681716
R 1 2 3 002 1486114682149
R 1 2 3 003 1486114682842
R 1 2 3 004 1486114683290
R 1 2 3 005 1486114683855
R 1 2 3 006 1486114684419
R 1 2 3 007 1486114684977
R 1 2 3 008 1486114685724
R 1 2 3 009 1486114686193
---
W 1 2 3 000 1486114680511
W 1 2 3 001 1486114681221
W 1 2 3 002 1486114681797
W 1 2 3 003 1486114682370
W 1 2 3 004 1486114682985
W 1 2 3 005 1486114683552
W 1 2 3 006 1486114684132
W 1 2 3 007 1486114684685
W 1 2 3 008 1486114685274
W 1 2 3 009 1486114685851
***
R 1 2 4 000 1486114738810
R 1 2 4 001 1486114739603
R 1 2 4 002 1486114740048
R 1 2 4 003 1486114740877
R 1 2 4 004 1486114741171
R 1 2 4 005 1486114741804
R 1 2 4 006 1486114742373
R 1 2 4 007 1486114742901
R 1 2 4 008 1486114743471
R 1 2 4 009 1486114743956
---
W 1 2 4 000 1486114738417
W 1 2 4 001 1486114739109
W 1 2 4 002 1486114739732
W 1 2 4 003 1486114740292
W 1 2 4 004 1486114740853
W 1 2 4 005 1486114741458
W 1 2 4 006 1486114742018
W 1 2 4 007 1486114742609
W 1 2 4 008 1486114743173
W 1 2 4 009 1486114743727
***
R 1 4 1 000 1486115199566
R 1 4 1 001 1486115200273
R 1 4 1 002 1486115200659
R 1 4 1 003 1486115201378
R 1 4 1 004 1486115201609
R 1 4 1 005 1486115201765
R 1 4 1 006 1486115201933
R 1 4 1 007 1486115202177
R 1 4 1 008 1486115202664
R 1 4 1 009 1486115202768
---
W 1 4 1 000 1486115199183
W 1 4 1 001 1486115199645
W 1 4 1 002 1486115200122
W 1 4 1 003 1486115200487
W 1 4 1 004 1486115200837
W 1 4 1 005 1486115201204
W 1 4 1 006 1486115201571
W 1 4 1 007 1486115201891
W 1 4 1 008 1486115202205
W 1 4 1 009 1486115202540
***
R 1 4 2 000 1486115255092
R 1 4 2 001 1486115255847
R 1 4 2 002 1486115256159
R 1 4 2 003 1486115256706
R 1 4 2 004 1486115256814
R 1 4 2 005 1486115257064
R 1 4 2 006 1486115257315
R 1 4 2 007 1486115257624
R 1 4 2 008 1486115258025
R 1 4 2 009 1486115258249
---
W 1 4 2 000 1486115254582
W 1 4 2 001 1486115255146
W 1 4 2 002 1486115255500
W 1 4 2 003 1486115255893
W 1 4 2 004 1486115256258
W 1 4 2 005 1486115256616
W 1 4 2 006 1486115257004
W 1 4 2 007 1486115257367
W 1 4 2 008 1486115257688
W 1 4 2 009 1486115258009
***
R 1 4 3 000 1486115311068
R 1 4 3 001 1486115311763
R 1 4 3 002 1486115311963
R 1 4 3 003 1486115312447
R 1 4 3 004 1486115312581
R 1 4 3 005 1486115312960
R 1 4 3 006 1486115313162
R 1 4 3 007 1486115313542
R 1 4 3 008 1486115313982
R 1 4 3 009 1486115314146
---
W 1 4 3 000 1486115310627
W 1 4 3 001 1486115311152
W 1 4 3 002 1486115311496
W 1 4 3 003 1486115311844
W 1 4 3 004 1486115312245
W 1 4 3 005 1486115312565
W 1 4 3 006 1486115312872
W 1 4 3 007 1486115313250
W 1 4 3 008 1486115313563
W 1 4 3 009 1486115313868
***
R 1 4 4 000 1486115366187
R 1 4 4 001 1486115366752
R 1 4 4 002 1486115367129
R 1 4 4 003 1486115367498
R 1 4 4 004 1486115367717
R 1 4 4 005 1486115367965
R 1 4 4 006 1486115368309
R 1 4 4 007 1486115368830
R 1 4 4 008 1486115369032
R 1 4 4 009 1486115369350
---
W 1 4 4 000 1486115365852
W 1 4 4 001 1486115366296
W 1 4 4 002 1486115366603
W 1 4 4 003 1486115366966
W 1 4 4 004 1486115367319
W 1 4 4 005 1486115367666
W 1 4 4 006 1486115367975
W 1 4 4 007 1486115368359
W 1 4 4 008 1486115368714
W 1 4 4 009 1486115369028
***
R 1 5 1 000 1486115421922
R 1 5 1 001 1486115422549
R 1 5 1 002 1486115422777
R 1 5 1 003 1486115423133
R 1 5 1 004 1486115423393
R 1 5 1 005 1486115423662
R 1 5 1 006 1486115423961
R 1 5 1 007 1486115424229
R 1 5 1 008 1486115424575
R 1 5 1 009 1486115424756
---
W 1 5 1 000 1486115421560
W 1 5 1 001 1486115421954
W 1 5 1 002 1486115422283
W 1 5 1 003 1486115422630
W 1 5 1 004 1486115422923
W 1 5 1 005 1486115423270
W 1 5 1 006 1486115423591
W 1 5 1 007 1486115423931
W 1 5 1 008 1486115424221
W 1 5 1 009 1486115424494
***
W 1 5 2 000 1486115476539
W 1 5 2 001 1486115476879
W 1 5 2 002 1486115477245
W 1 5 2 003 1486115477565
W 1 5 2 004 1486115477938
W 1 5 2 005 1486115478306
W 1 5 2 006 1486115478684
W 1 5 2 007 1486115479033
W 1 5 2 008 1486115479312
W 1 5 2 009 1486115479599
***
R 1 5 2 000 1486115476817
R 1 5 2 001 1486115477381
R 1 5 2 002 1486115477781
R 1 5 2 003 1486115478201
R 1 5 2 004 1486115478596
R 1 5 2 005 1486115478663
R 1 5 2 006 1486115479084
R 1 5 2 007 1486115479537
R 1 5 2 008 1486115479814
R 1 5 2 009 1486115479938
---
R 1 5 3 000 1486115532402
R 1 5 3 001 1486115532831
R 1 5 3 002 1486115533212
R 1 5 3 003 1486115533743
R 1 5 3 004 1486115533929
R 1 5 3 005 1486115534115
R 1 5 3 006 1486115534359
R 1 5 3 007 1486115534626
R 1 5 3 008 1486115534808
R 1 5 3 009 1486115534987
---
W 1 5 3 000 1486115531973
W 1 5 3 001 1486115532358
W 1 5 3 002 1486115532644
W 1 5 3 003 1486115532992
W 1 5 3 004 1486115533340
W 1 5 3 005 1486115533628
W 1 5 3 006 1486115533917
W 1 5 3 007 1486115534191
W 1 5 3 008 1486115534468
W 1 5 3 009 1486115534733
***
W 1 5 4 000 1486115586798
W 1 5 4 001 1486115587203
W 1 5 4 002 1486115587507
W 1 5 4 003 1486115587803
W 1 5 4 004 1486115588112
W 1 5 4 005 1486115588401
W 1 5 4 006 1486115588727
W 1 5 4 007 1486115589006
W 1 5 4 008 1486115589321
W 1 5 4 009 1486115589604
***
R 1 5 4 000 1486115587197
R 1 5 4 001 1486115587745
R 1 5 4 002 1486115588107
R 1 5 4 003 1486115588726
R 1 5 4 004 1486115588860
R 1 5 4 005 1486115588917
R 1 5 4 006 1486115589168
R 1 5 4 007 1486115589587
R 1 5 4 008 1486115589729
R 1 5 4 009 1486115589935
---
W 1 6 1 000 1486115641857
W 1 6 1 001 1486115642202
W 1 6 1 002 1486115642498
W 1 6 1 003 1486115642747
W 1 6 1 004 1486115643037
W 1 6 1 005 1486115643390
W 1 6 1 006 1486115643631
W 1 6 1 007 1486115643919
W 1 6 1 008 1486115644215
W 1 6 1 009 1486115644487
***
R 1 6 1 000 1486115642247
R 1 6 1 001 1486115642703
R 1 6 1 002 1486115643001
R 1 6 1 003 1486115643597
R 1 6 1 004 1486115643842
R 1 6 1 005 1486115644084
R 1 6 1 006 1486115644330
R 1 6 1 007 1486115644559
R 1 6 1 008 1486115644776
R 1 6 1 009 1486115644974
---
W 1 6 2 000 1486115696799
W 1 6 2 001 1486115697140
W 1 6 2 002 1486115697402
W 1 6 2 003 1486115697661
W 1 6 2 004 1486115697926
W 1 6 2 005 1486115698308
W 1 6 2 006 1486115698608
W 1 6 2 007 1486115698867
W 1 6 2 008 1486115699115
W 1 6 2 009 1486115699364
***
R 1 6 2 000 1486115697267
R 1 6 2 001 1486115697597
R 1 6 2 002 1486115697896
R 1 6 2 003 1486115698316
R 1 6 2 004 1486115698517
R 1 6 2 005 1486115698770
R 1 6 2 006 1486115698957
R 1 6 2 007 1486115699231
R 1 6 2 008 1486115699527
R 1 6 2 009 1486115699683
---
W 1 6 3 000 1486115751225
W 1 6 3 001 1486115751655
W 1 6 3 002 1486115751927
W 1 6 3 003 1486115752227
W 1 6 3 004 1486115752471
W 1 6 3 005 1486115752712
W 1 6 3 006 1486115752977
W 1 6 3 007 1486115753249
W 1 6 3 008 1486115753502
W 1 6 3 009 1486115753745
***
R 1 6 3 000 1486115751627
R 1 6 3 001 1486115752135
R 1 6 3 002 1486115752478
R 1 6 3 003 1486115752942
R 1 6 3 004 1486115753074
R 1 6 3 005 1486115753398
R 1 6 3 006 1486115753576
R 1 6 3 007 1486115753916
R 1 6 3 008 1486115754093
R 1 6 3 009 1486115754194
---
W 1 6 4 000 1486115805564
W 1 6 4 001 1486115805910
W 1 6 4 002 1486115806176
W 1 6 4 003 1486115806504
W 1 6 4 004 1486115806801
W 1 6 4 005 1486115807105
W 1 6 4 006 1486115807381
W 1 6 4 007 1486115807656
W 1 6 4 008 1486115807898
W 1 6 4 009 1486115808195
***
R 1 6 4 000 1486115805986
R 1 6 4 001 1486115806980
R 1 6 4 002 1486115807367
R 1 6 4 003 1486115807722
R 1 6 4 004 1486115807973
R 1 6 4 005 1486115808233
R 1 6 4 006 1486115808430
R 1 6 4 007 1486115808789
R 1 6 4 008 1486115809222
R 1 6 4 009 1486115809349
---
W 1 8 1 000 1486115861199
W 1 8 1 001 1486115861493
W 1 8 1 002 1486115861743
W 1 8 1 003 1486115861956
W 1 8 1 004 1486115862164
W 1 8 1 005 1486115862392
W 1 8 1 006 1486115862584
W 1 8 1 007 1486115862810
W 1 8 1 008 1486115863052
W 1 8 1 009 1486115863285
***
R 1 8 1 000 1486115861566
R 1 8 1 001 1486115862185
R 1 8 1 002 1486115862515
R 1 8 1 003 1486115862972
R 1 8 1 004 1486115863290
R 1 8 1 005 1486115863629
R 1 8 1 006 1486115863693
R 1 8 1 007 1486115863866
R 1 8 1 008 1486115864084
R 1 8 1 009 1486115864167
---
W 1 8 2 000 1486115915893
W 1 8 2 001 1486115916164
W 1 8 2 002 1486115916392
W 1 8 2 003 1486115916597
W 1 8 2 004 1486115916795
W 1 8 2 005 1486115917007
W 1 8 2 006 1486115917220
W 1 8 2 007 1486115917485
W 1 8 2 008 1486115917734
W 1 8 2 009 1486115918087
***
R 1 8 2 000 1486115916273
R 1 8 2 001 1486115916763
R 1 8 2 002 1486115917073
R 1 8 2 003 1486115917509
R 1 8 2 004 1486115917864
R 1 8 2 005 1486115918257
R 1 8 2 006 1486115918406
R 1 8 2 007 1486115918623
R 1 8 2 008 1486115918804
R 1 8 2 009 1486115918923
---
W 1 8 3 000 1486115970882
W 1 8 3 001 1486115971190
W 1 8 3 002 1486115971428
W 1 8 3 003 1486115971654
W 1 8 3 004 1486115971881
W 1 8 3 005 1486115972192
W 1 8 3 006 1486115972426
W 1 8 3 007 1486115972648
W 1 8 3 008 1486115972855
W 1 8 3 009 1486115973061
***
R 1 8 3 000 1486115971268
R 1 8 3 001 1486115971796
R 1 8 3 002 1486115972023
R 1 8 3 003 1486115972554
R 1 8 3 004 1486115972739
R 1 8 3 005 1486115972945
R 1 8 3 006 1486115973126
R 1 8 3 007 1486115973346
R 1 8 3 008 1486115973554
R 1 8 3 009 1486115973913
---
W 1 8 4 000 1486116025925
W 1 8 4 001 1486116026198
W 1 8 4 002 1486116026430
W 1 8 4 003 1486116026628
W 1 8 4 004 1486116026839
W 1 8 4 005 1486116027174
W 1 8 4 006 1486116027405
W 1 8 4 007 1486116027685
W 1 8 4 008 1486116027902
W 1 8 4 009 1486116028118
***
R 1 8 4 000 1486116026232
R 1 8 4 001 1486116026739
R 1 8 4 002 1486116026981
R 1 8 4 003 1486116027504
R 1 8 4 004 1486116027860
R 1 8 4 005 1486116028019
R 1 8 4 006 1486116028243
R 1 8 4 007 1486116028444
R 1 8 4 008 1486116028626
R 1 8 4 009 1486116028722
---
W 1 10 1 000 1486116080468
W 1 10 1 001 1486116080764
W 1 10 1 002 1486116080955
W 1 10 1 003 1486116081169
W 1 10 1 004 1486116081343
W 1 10 1 005 1486116081531
W 1 10 1 006 1486116081713
W 1 10 1 007 1486116081897
W 1 10 1 008 1486116082112
W 1 10 1 009 1486116082297
***
R 1 10 1 000 1486116080787
R 1 10 1 001 1486116081320
R 1 10 1 002 1486116081790
R 1 10 1 003 1486116082285
R 1 10 1 004 1486116082428
R 1 10 1 005 1486116082578
R 1 10 1 006 1486116082675
R 1 10 1 007 1486116082890
R 1 10 1 008 1486116083004
R 1 10 1 009 1486116083105
---
W 1 10 2 000 1486116134946
W 1 10 2 001 1486116135236
W 1 10 2 002 1486116135400
W 1 10 2 003 1486116135568
W 1 10 2 004 1486116135773
W 1 10 2 005 1486116135987
W 1 10 2 006 1486116136288
W 1 10 2 007 1486116136492
W 1 10 2 008 1486116136768
W 1 10 2 009 1486116136951
***
R 1 10 2 000 1486116135317
R 1 10 2 001 1486116136009
R 1 10 2 002 1486116136287
R 1 10 2 003 1486116136728
R 1 10 2 004 1486116137083
R 1 10 2 005 1486116137364
R 1 10 2 006 1486116137378
R 1 10 2 007 1486116137571
R 1 10 2 008 1486116137752
R 1 10 2 009 1486116137849
---
W 1 10 3 000 1486116189603
W 1 10 3 001 1486116190056
W 1 10 3 002 1486116190241
W 1 10 3 003 1486116190394
W 1 10 3 004 1486116190597
W 1 10 3 005 1486116190802
W 1 10 3 006 1486116191001
W 1 10 3 007 1486116191215
W 1 10 3 008 1486116191382
W 1 10 3 009 1486116191602
***
R 1 10 3 000 1486116190068
R 1 10 3 001 1486116190556
R 1 10 3 002 1486116190975
R 1 10 3 003 1486116191458
R 1 10 3 004 1486116191620
R 1 10 3 005 1486116191932
R 1 10 3 006 1486116191993
R 1 10 3 007 1486116192201
R 1 10 3 008 1486116192351
R 1 10 3 009 1486116192471
---
W 1 10 4 000 1486116244236
W 1 10 4 001 1486116244582
W 1 10 4 002 1486116244784
W 1 10 4 003 1486116244988
W 1 10 4 004 1486116245201
W 1 10 4 005 1486116245403
W 1 10 4 006 1486116245674
W 1 10 4 007 1486116245857
W 1 10 4 008 1486116246080
W 1 10 4 009 1486116246303
***
R 1 10 4 000 1486116244692
R 1 10 4 001 1486116245370
R 1 10 4 002 1486116245754
R 1 10 4 003 1486116246005
R 1 10 4 004 1486116246268
R 1 10 4 005 1486116246542
R 1 10 4 006 1486116246647
R 1 10 4 007 1486116246851
R 1 10 4 008 1486116246983
R 1 10 4 009 1486116247100
---
R 2 1 1 000 1486116310187
R 2 1 1 001 1486116311576
R 2 1 1 002 1486116312649
R 2 1 1 003 1486116313653
R 2 1 1 004 1486116314746
R 2 1 1 005 1486116315852
R 2 1 1 006 1486116316789
R 2 1 1 007 1486116317869
R 2 1 1 008 1486116319021
R 2 1 1 009 1486116320164
---
W 2 1 1 000 1486116309698
W 2 1 1 001 1486116310994
W 2 1 1 002 1486116312092
W 2 1 1 003 1486116313153
W 2 1 1 004 1486116314339
W 2 1 1 005 1486116315429
W 2 1 1 006 1486116316490
W 2 1 1 007 1486116317570
W 2 1 1 008 1486116318651
W 2 1 1 009 1486116319714
***
R 2 1 2 000 1486116384006
R 2 1 2 001 1486116385373
R 2 1 2 002 1486116386339
R 2 1 2 003 1486116387515
R 2 1 2 004 1486116388517
R 2 1 2 005 1486116389763
R 2 1 2 006 1486116390864
R 2 1 2 007 1486116391999
R 2 1 2 008 1486116392931
R 2 1 2 009 1486116393975
---
W 2 1 2 000 1486116383398
W 2 1 2 001 1486116384740
W 2 1 2 002 1486116385820
W 2 1 2 003 1486116386917
W 2 1 2 004 1486116388115
W 2 1 2 005 1486116389194
W 2 1 2 006 1486116390401
W 2 1 2 007 1486116391500
W 2 1 2 008 1486116392605
W 2 1 2 009 1486116393676
***
R 2 1 3 000 1486116457899
R 2 1 3 001 1486116459419
R 2 1 3 002 1486116460394
R 2 1 3 003 1486116461800
R 2 1 3 004 1486116462626
R 2 1 3 005 1486116463938
R 2 1 3 006 1486116464863
R 2 1 3 007 1486116466058
R 2 1 3 008 1486116467266
R 2 1 3 009 1486116468269
---
W 2 1 3 000 1486116457386
W 2 1 3 001 1486116458689
W 2 1 3 002 1486116459802
W 2 1 3 003 1486116460916
W 2 1 3 004 1486116462132
W 2 1 3 005 1486116463273
W 2 1 3 006 1486116464405
W 2 1 3 007 1486116465576
W 2 1 3 008 1486116466721
W 2 1 3 009 1486116467833
***
R 2 1 4 000 1486116531710
R 2 1 4 001 1486116533071
R 2 1 4 002 1486116534346
R 2 1 4 003 1486116535438
R 2 1 4 004 1486116536578
R 2 1 4 005 1486116537611
R 2 1 4 006 1486116538666
R 2 1 4 007 1486116539851
R 2 1 4 008 1486116540945
R 2 1 4 009 1486116542079
---
W 2 1 4 000 1486116531200
W 2 1 4 001 1486116532539
W 2 1 4 002 1486116533693
W 2 1 4 003 1486116534771
W 2 1 4 004 1486116535911
W 2 1 4 005 1486116537111
W 2 1 4 006 1486116538278
W 2 1 4 007 1486116539449
W 2 1 4 008 1486116540517
W 2 1 4 009 1486116541642
***
R 2 2 1 000 1486116605789
R 2 2 1 001 1486116606479
R 2 2 1 002 1486116607054
R 2 2 1 003 1486116607616
R 2 2 1 004 1486116608094
R 2 2 1 005 1486116608536
R 2 2 1 006 1486116609246
R 2 2 1 007 1486116609795
R 2 2 1 008 1486116610537
R 2 2 1 009 1486116611037
---
W 2 2 1 000 1486116605171
W 2 2 1 001 1486116605874
W 2 2 1 002 1486116606444
W 2 2 1 003 1486116607072
W 2 2 1 004 1486116607650
W 2 2 1 005 1486116608216
W 2 2 1 006 1486116608852
W 2 2 1 007 1486116609404
W 2 2 1 008 1486116609975
W 2 2 1 009 1486116610563
***
R 2 2 2 000 1486116674717
R 2 2 2 001 1486116675558
R 2 2 2 002 1486116676305
R 2 2 2 003 1486116676704
R 2 2 2 004 1486116677157
R 2 2 2 005 1486116677791
R 2 2 2 006 1486116678469
R 2 2 2 007 1486116679082
R 2 2 2 008 1486116679477
R 2 2 2 009 1486116680023
---
W 2 2 2 000 1486116674125
W 2 2 2 001 1486116674902
W 2 2 2 002 1486116675571
W 2 2 2 003 1486116676186
W 2 2 2 004 1486116676786
W 2 2 2 005 1486116677352
W 2 2 2 006 1486116677927
W 2 2 2 007 1486116678540
W 2 2 2 008 1486116679147
W 2 2 2 009 1486116679719
***
R 2 2 3 000 1486116743865
R 2 2 3 001 1486116744621
R 2 2 3 002 1486116745330
R 2 2 3 003 1486116745886
R 2 2 3 004 1486116746520
R 2 2 3 005 1486116747101
R 2 2 3 006 1486116747607
R 2 2 3 007 1486116748191
R 2 2 3 008 1486116748803
R 2 2 3 009 1486116749380
---
W 2 2 3 000 1486116743378
W 2 2 3 001 1486116744119
W 2 2 3 002 1486116744744
W 2 2 3 003 1486116745382
W 2 2 3 004 1486116745954
W 2 2 3 005 1486116746565
W 2 2 3 006 1486116747180
W 2 2 3 007 1486116747825
W 2 2 3 008 1486116748432
W 2 2 3 009 1486116749047
***
R 2 2 4 000 1486116812902
R 2 2 4 001 1486116813790
R 2 2 4 002 1486116814457
R 2 2 4 003 1486116814859
R 2 2 4 004 1486116815525
R 2 2 4 005 1486116816099
R 2 2 4 006 1486116816671
R 2 2 4 007 1486116817447
R 2 2 4 008 1486116817939
R 2 2 4 009 1486116818794
---
W 2 2 4 000 1486116812395
W 2 2 4 001 1486116813184
W 2 2 4 002 1486116813783
W 2 2 4 003 1486116814409
W 2 2 4 004 1486116814989
W 2 2 4 005 1486116815571
W 2 2 4 006 1486116816245
W 2 2 4 007 1486116816876
W 2 2 4 008 1486116817540
W 2 2 4 009 1486116818222
***
W 2 4 1 000 1486116881927
W 2 4 1 001 1486116882586
W 2 4 1 002 1486116883109
W 2 4 1 003 1486116883645
W 2 4 1 004 1486116884068
W 2 4 1 005 1486116884561
W 2 4 1 006 1486116885061
W 2 4 1 007 1486116885415
W 2 4 1 008 1486116885817
W 2 4 1 009 1486116886234
***
R 2 4 1 000 1486116882760
R 2 4 1 001 1486116883425
R 2 4 1 002 1486116884145
R 2 4 1 003 1486116884362
R 2 4 1 004 1486116884946
R 2 4 1 005 1486116885441
R 2 4 1 006 1486116885638
R 2 4 1 007 1486116886117
R 2 4 1 008 1486116886374
R 2 4 1 009 1486116886636
---
W 2 4 2 000 1486116949621
W 2 4 2 001 1486116950209
W 2 4 2 002 1486116950577
W 2 4 2 003 1486116951094
W 2 4 2 004 1486116951518
W 2 4 2 005 1486116951921
W 2 4 2 006 1486116952349
W 2 4 2 007 1486116952727
W 2 4 2 008 1486116953102
W 2 4 2 009 1486116953496
***
R 2 4 2 000 1486116950342
R 2 4 2 001 1486116951103
R 2 4 2 002 1486116951949
R 2 4 2 003 1486116952129
R 2 4 2 004 1486116952491
R 2 4 2 005 1486116952894
R 2 4 2 006 1486116953038
R 2 4 2 007 1486116953586
R 2 4 2 008 1486116953953
R 2 4 2 009 1486116954140
---
W 2 4 3 000 1486117017357
W 2 4 3 001 1486117017974
W 2 4 3 002 1486117018456
W 2 4 3 003 1486117018889
W 2 4 3 004 1486117019222
W 2 4 3 005 1486117019561
W 2 4 3 006 1486117019923
W 2 4 3 007 1486117020337
W 2 4 3 008 1486117020701
W 2 4 3 009 1486117021248
***
R 2 4 3 000 1486117017884
R 2 4 3 001 1486117018690
R 2 4 3 002 1486117019113
R 2 4 3 003 1486117019779
R 2 4 3 004 1486117020106
R 2 4 3 005 1486117020713
R 2 4 3 006 1486117020713
R 2 4 3 007 1486117020952
R 2 4 3 008 1486117021372
R 2 4 3 009 1486117021598
---
W 2 4 4 000 1486117085027
W 2 4 4 001 1486117085630
W 2 4 4 002 1486117086116
W 2 4 4 003 1486117086502
W 2 4 4 004 1486117086913
W 2 4 4 005 1486117087338
W 2 4 4 006 1486117087673
W 2 4 4 007 1486117088162
W 2 4 4 008 1486117088570
W 2 4 4 009 1486117088967
***
R 2 4 4 000 1486117085838
R 2 4 4 001 1486117086688
R 2 4 4 002 1486117087468
R 2 4 4 003 1486117087945
R 2 4 4 004 1486117088561
R 2 4 4 005 1486117088769
R 2 4 4 006 1486117088858
R 2 4 4 007 1486117089192
R 2 4 4 008 1486117089630
R 2 4 4 009 1486117089755
---
W 2 5 1 000 1486117152512
W 2 5 1 001 1486117152969
W 2 5 1 002 1486117153313
W 2 5 1 003 1486117153659
W 2 5 1 004 1486117154129
W 2 5 1 005 1486117154481
W 2 5 1 006 1486117154804
W 2 5 1 007 1486117155185
W 2 5 1 008 1486117155632
W 2 5 1 009 1486117155955
***
R 2 5 1 000 1486117153169
R 2 5 1 001 1486117153995
R 2 5 1 002 1486117154852
R 2 5 1 003 1486117155232
R 2 5 1 004 1486117155835
R 2 5 1 005 1486117156274
R 2 5 1 006 1486117156587
R 2 5 1 007 1486117156994
R 2 5 1 008 1486117157277
R 2 5 1 009 1486117157323
---
W 2 5 2 000 1486117220482
W 2 5 2 001 1486117221009
W 2 5 2 002 1486117221393
W 2 5 2 003 1486117221807
W 2 5 2 004 1486117222273
W 2 5 2 005 1486117222790
W 2 5 2 006 1486117223295
W 2 5 2 007 1486117223844
W 2 5 2 008 1486117224153
W 2 5 2 009 1486117224620
***
R 2 5 2 000 1486117220982
R 2 5 2 001 1486117222117
R 2 5 2 002 1486117222987
R 2 5 2 003 1486117223470
R 2 5 2 004 1486117223887
R 2 5 2 005 1486117224443
R 2 5 2 006 1486117224536
R 2 5 2 007 1486117224981
R 2 5 2 008 1486117225344
R 2 5 2 009 1486117225429
---
W 2 5 3 000 1486117288952
W 2 5 3 001 1486117289452
W 2 5 3 002 1486117289776
W 2 5 3 003 1486117290124
W 2 5 3 004 1486117290455
W 2 5 3 005 1486117290848
W 2 5 3 006 1486117291237
W 2 5 3 007 1486117291547
W 2 5 3 008 1486117291995
W 2 5 3 009 1486117292327
***
R 2 5 3 000 1486117289705
R 2 5 3 001 1486117290326
R 2 5 3 002 1486117290812
R 2 5 3 003 1486117291149
R 2 5 3 004 1486117291480
R 2 5 3 005 1486117291964
R 2 5 3 006 1486117292519
R 2 5 3 007 1486117292925
R 2 5 3 008 1486117293327
R 2 5 3 009 1486117293327
---
W 2 5 4 000 1486117356564
W 2 5 4 001 1486117357049
W 2 5 4 002 1486117357458
W 2 5 4 003 1486117357877
W 2 5 4 004 1486117358230
W 2 5 4 005 1486117358613
W 2 5 4 006 1486117358965
W 2 5 4 007 1486117359258
W 2 5 4 008 1486117359583
W 2 5 4 009 1486117359917
***
R 2 5 4 000 1486117357141
R 2 5 4 001 1486117357954
R 2 5 4 002 1486117358560
R 2 5 4 003 1486117359419
R 2 5 4 004 1486117359708
R 2 5 4 005 1486117359884
R 2 5 4 006 1486117360355
R 2 5 4 007 1486117360556
R 2 5 4 008 1486117360681
R 2 5 4 009 1486117360966
---
W 2 6 1 000 1486117424231
W 2 6 1 001 1486117424723
W 2 6 1 002 1486117425183
W 2 6 1 003 1486117425607
W 2 6 1 004 1486117426000
W 2 6 1 005 1486117426402
W 2 6 1 006 1486117426841
W 2 6 1 007 1486117427180
W 2 6 1 008 1486117427475
W 2 6 1 009 1486117427751
***
R 2 6 1 000 1486117424798
R 2 6 1 001 1486117425955
R 2 6 1 002 1486117426497
R 2 6 1 003 1486117426815
R 2 6 1 004 1486117427422
R 2 6 1 005 1486117427854
R 2 6 1 006 1486117428106
R 2 6 1 007 1486117428504
R 2 6 1 008 1486117428695
R 2 6 1 009 1486117428695
---
W 2 6 2 000 1486117491714
W 2 6 2 001 1486117492220
W 2 6 2 002 1486117492555
W 2 6 2 003 1486117492876
W 2 6 2 004 1486117493214
W 2 6 2 005 1486117493585
W 2 6 2 006 1486117493961
W 2 6 2 007 1486117494309
W 2 6 2 008 1486117494701
W 2 6 2 009 1486117495004
***
R 2 6 2 000 1486117492239
R 2 6 2 001 1486117493173
R 2 6 2 002 1486117494345
R 2 6 2 003 1486117494586
R 2 6 2 004 1486117495065
R 2 6 2 005 1486117495238
R 2 6 2 006 1486117495640
R 2 6 2 007 1486117495915
R 2 6 2 008 1486117495972
R 2 6 2 009 1486117496009
---
W 2 6 3 000 1486117559141
W 2 6 3 001 1486117559656
W 2 6 3 002 1486117560064
W 2 6 3 003 1486117560419
W 2 6 3 004 1486117560944
W 2 6 3 005 1486117561273
W 2 6 3 006 1486117561665
W 2 6 3 007 1486117561982
W 2 6 3 008 1486117562316
W 2 6 3 009 1486117562595
***
R 2 6 3 000 1486117559788
R 2 6 3 001 1486117560799
R 2 6 3 002 1486117561448
R 2 6 3 003 1486117562170
R 2 6 3 004 1486117562549
R 2 6 3 005 1486117562732
R 2 6 3 006 1486117563103
R 2 6 3 007 1486117563369
R 2 6 3 008 1486117563377
R 2 6 3 009 1486117563628
---
W 2 6 4 000 1486117626466
W 2 6 4 001 1486117626847
W 2 6 4 002 1486117627199
W 2 6 4 003 1486117627692
W 2 6 4 004 1486117628090
W 2 6 4 005 1486117628410
W 2 6 4 006 1486117628761
W 2 6 4 007 1486117629024
W 2 6 4 008 1486117629433
W 2 6 4 009 1486117629719
***
R 2 6 4 000 1486117626876
R 2 6 4 001 1486117627925
R 2 6 4 002 1486117628989
R 2 6 4 003 1486117629191
R 2 6 4 004 1486117629521
R 2 6 4 005 1486117629760
R 2 6 4 006 1486117630033
R 2 6 4 007 1486117630281
R 2 6 4 008 1486117630645
R 2 6 4 009 1486117630645
---
W 2 8 1 000 1486117693950
W 2 8 1 001 1486117694351
W 2 8 1 002 1486117694753
W 2 8 1 003 1486117695110
W 2 8 1 004 1486117695494
W 2 8 1 005 1486117695858
W 2 8 1 006 1486117696347
W 2 8 1 007 1486117696667
W 2 8 1 008 1486117697016
W 2 8 1 009 1486117697424
***
R 2 8 1 000 1486117694484
R 2 8 1 001 1486117696191
R 2 8 1 002 1486117696747
R 2 8 1 003 1486117697417
R 2 8 1 004 1486117697703
R 2 8 1 005 1486117698072
R 2 8 1 006 1486117698224
R 2 8 1 007 1486117698761
R 2 8 1 008 1486117698766
R 2 8 1 009 1486117698766
---
W 2 8 2 000 1486117761736
W 2 8 2 001 1486117762186
W 2 8 2 002 1486117762675
W 2 8 2 003 1486117763031
W 2 8 2 004 1486117763343
W 2 8 2 005 1486117763701
W 2 8 2 006 1486117763923
W 2 8 2 007 1486117764242
W 2 8 2 008 1486117764590
W 2 8 2 009 1486117764795
***
R 2 8 2 000 1486117762308
R 2 8 2 001 1486117763313
R 2 8 2 002 1486117763975
R 2 8 2 003 1486117764349
R 2 8 2 004 1486117764905
R 2 8 2 005 1486117765166
R 2 8 2 006 1486117765409
R 2 8 2 007 1486117765555
R 2 8 2 008 1486117765810
R 2 8 2 009 1486117765946
---
W 2 8 3 000 1486117828871
W 2 8 3 001 1486117829226
W 2 8 3 002 1486117829530
W 2 8 3 003 1486117829832
W 2 8 3 004 1486117830113
W 2 8 3 005 1486117830559
W 2 8 3 006 1486117830880
W 2 8 3 007 1486117831173
W 2 8 3 008 1486117831489
W 2 8 3 009 1486117831764
***
R 2 8 3 000 1486117829292
R 2 8 3 001 1486117830306
R 2 8 3 002 1486117830947
R 2 8 3 003 1486117831490
R 2 8 3 004 1486117832013
R 2 8 3 005 1486117832331
R 2 8 3 006 1486117832450
R 2 8 3 007 1486117832634
R 2 8 3 008 1486117832693
R 2 8 3 009 1486117832816
---
W 2 8 4 000 1486117895566
W 2 8 4 001 1486117895969
W 2 8 4 002 1486117896433
W 2 8 4 003 1486117896991
W 2 8 4 004 1486117897317
W 2 8 4 005 1486117897648
W 2 8 4 006 1486117898067
W 2 8 4 007 1486117898449
W 2 8 4 008 1486117898743
W 2 8 4 009 1486117899058
***
R 2 8 4 000 1486117896118
R 2 8 4 001 1486117897508
R 2 8 4 002 1486117898100
R 2 8 4 003 1486117898939
R 2 8 4 004 1486117899318
R 2 8 4 005 1486117899598
R 2 8 4 006 1486117900115
R 2 8 4 007 1486117900473
R 2 8 4 008 1486117900567
R 2 8 4 009 1486117900567
---
W 2 10 1 000 1486117964062
W 2 10 1 001 1486117964337
W 2 10 1 002 1486117964634
W 2 10 1 003 1486117965080
W 2 10 1 004 1486117965337
W 2 10 1 005 1486117965666
W 2 10 1 006 1486117965984
W 2 10 1 007 1486117966241
W 2 10 1 008 1486117966449
W 2 10 1 009 1486117966760
***
R 2 10 1 000 1486117964576
R 2 10 1 001 1486117966011
R 2 10 1 002 1486117966508
R 2 10 1 003 1486117967313
R 2 10 1 004 1486117967530
R 2 10 1 005 1486117967832
R 2 10 1 006 1486117968169
R 2 10 1 007 1486117968539
R 2 10 1 008 1486117968632
R 2 10 1 009 1486117968851
---
W 2 10 2 000 1486118032128
W 2 10 2 001 1486118032465
W 2 10 2 002 1486118032692
W 2 10 2 003 1486118033023
W 2 10 2 004 1486118033264
W 2 10 2 005 1486118033614
W 2 10 2 006 1486118033893
W 2 10 2 007 1486118034181
W 2 10 2 008 1486118034458
W 2 10 2 009 1486118034740
***
R 2 10 2 000 1486118032789
R 2 10 2 001 1486118033932
R 2 10 2 002 1486118034687
R 2 10 2 003 1486118035075
R 2 10 2 004 1486118035417
R 2 10 2 005 1486118035513
R 2 10 2 006 1486118035771
R 2 10 2 007 1486118036041
R 2 10 2 008 1486118036224
R 2 10 2 009 1486118036391
---
W 2 10 3 000 1486118099483
W 2 10 3 001 1486118099896
W 2 10 3 002 1486118100186
W 2 10 3 003 1486118100564
W 2 10 3 004 1486118100956
W 2 10 3 005 1486118101408
W 2 10 3 006 1486118101730
W 2 10 3 007 1486118101954
W 2 10 3 008 1486118102223
W 2 10 3 009 1486118102595
***
R 2 10 3 000 1486118100103
R 2 10 3 001 1486118101478
R 2 10 3 002 1486118102209
R 2 10 3 003 1486118102480
R 2 10 3 004 1486118103065
R 2 10 3 005 1486118103227
R 2 10 3 006 1486118103465
R 2 10 3 007 1486118103612
R 2 10 3 008 1486118103840
R 2 10 3 009 1486118103990
---
W 2 10 4 000 1486118167611
W 2 10 4 001 1486118167983
W 2 10 4 002 1486118168237
W 2 10 4 003 1486118168606
W 2 10 4 004 1486118168998
W 2 10 4 005 1486118169310
W 2 10 4 006 1486118169555
W 2 10 4 007 1486118169785
W 2 10 4 008 1486118170033
W 2 10 4 009 1486118170275
***
R 2 10 4 000 1486118168241
R 2 10 4 001 1486118169159
R 2 10 4 002 1486118170100
R 2 10 4 003 1486118170720
R 2 10 4 004 1486118170789
R 2 10 4 005 1486118171184
R 2 10 4 006 1486118171317
R 2 10 4 007 1486118171419
R 2 10 4 008 1486118171783
R 2 10 4 009 1486118171812
---
R 5 1 1 000 1486118273325
R 5 1 1 001 1486118276357
R 5 1 1 002 1486118277457
R 5 1 1 003 1486118277540
R 5 1 1 004 1486118278716
R 5 1 1 005 1486118279546
R 5 1 1 006 1486118280597
R 5 1 1 007 1486118282003
R 5 1 1 008 1486118283261
R 5 1 1 009 1486118284710
---
W 5 1 1 000 1486118271736
W 5 1 1 001 1486118273428
W 5 1 1 002 1486118274740
W 5 1 1 003 1486118276153
W 5 1 1 004 1486118277662
W 5 1 1 005 1486118278822
W 5 1 1 006 1486118279993
W 5 1 1 007 1486118281156
W 5 1 1 008 1486118282397
W 5 1 1 009 1486118283732
***
R 5 1 2 000 1486118383772
R 5 1 2 001 1486118386355
R 5 1 2 002 1486118387992
R 5 1 2 003 1486118389590
R 5 1 2 004 1486118390157
R 5 1 2 005 1486118390924
R 5 1 2 006 1486118392157
R 5 1 2 007 1486118393190
R 5 1 2 008 1486118394422
R 5 1 2 009 1486118395548
---
W 5 1 2 000 1486118382446
W 5 1 2 001 1486118384298
W 5 1 2 002 1486118385456
W 5 1 2 003 1486118386993
W 5 1 2 004 1486118388684
W 5 1 2 005 1486118390122
W 5 1 2 006 1486118391471
W 5 1 2 007 1486118392606
W 5 1 2 008 1486118393725
W 5 1 2 009 1486118394867
***
R 5 1 3 000 1486118495036
R 5 1 3 001 1486118498202
R 5 1 3 002 1486118499403
R 5 1 3 003 1486118500500
R 5 1 3 004 1486118501690
R 5 1 3 005 1486118502488
R 5 1 3 006 1486118504096
R 5 1 3 007 1486118505425
R 5 1 3 008 1486118506421
R 5 1 3 009 1486118507843
---
W 5 1 3 000 1486118493571
W 5 1 3 001 1486118495199
W 5 1 3 002 1486118496529
W 5 1 3 003 1486118498267
W 5 1 3 004 1486118499897
W 5 1 3 005 1486118501351
W 5 1 3 006 1486118502954
W 5 1 3 007 1486118504215
W 5 1 3 008 1486118505760
W 5 1 3 009 1486118506885
***
R 5 1 4 000 1486118607874
R 5 1 4 001 1486118611453
R 5 1 4 002 1486118612495
R 5 1 4 003 1486118613175
R 5 1 4 004 1486118614695
R 5 1 4 005 1486118615534
R 5 1 4 006 1486118616580
R 5 1 4 007 1486118617876
R 5 1 4 008 1486118618893
R 5 1 4 009 1486118620441
---
W 5 1 4 000 1486118606518
W 5 1 4 001 1486118608089
W 5 1 4 002 1486118609649
W 5 1 4 003 1486118611288
W 5 1 4 004 1486118612803
W 5 1 4 005 1486118614346
W 5 1 4 006 1486118615539
W 5 1 4 007 1486118616919
W 5 1 4 008 1486118618274
W 5 1 4 009 1486118619603
***
W 5 2 1 000 1486118718462
W 5 2 1 001 1486118719590
W 5 2 1 002 1486118720965
W 5 2 1 003 1486118722478
W 5 2 1 004 1486118724297
W 5 2 1 005 1486118725575
W 5 2 1 006 1486118726600
W 5 2 1 007 1486118727363
W 5 2 1 008 1486118728483
W 5 2 1 009 1486118729212
***
R 5 2 1 000 1486118719641
R 5 2 1 001 1486118724832
R 5 2 1 002 1486118727293
R 5 2 1 003 1486118727486
R 5 2 1 004 1486118728824
R 5 2 1 005 1486118729612
R 5 2 1 006 1486118730186
R 5 2 1 007 1486118730587
R 5 2 1 008 1486118731400
R 5 2 1 009 1486118731530
---
W 5 2 2 000 1486118830406
W 5 2 2 001 1486118831615
W 5 2 2 002 1486118832908
W 5 2 2 003 1486118835011
W 5 2 2 004 1486118836762
W 5 2 2 005 1486118838201
W 5 2 2 006 1486118839397
W 5 2 2 007 1486118840191
W 5 2 2 008 1486118840898
W 5 2 2 009 1486118841790
***
R 5 2 2 000 1486118831598
R 5 2 2 001 1486118837387
R 5 2 2 002 1486118838833
R 5 2 2 003 1486118840086
R 5 2 2 004 1486118840536
R 5 2 2 005 1486118840875
R 5 2 2 006 1486118841255
R 5 2 2 007 1486118842756
R 5 2 2 008 1486118843168
R 5 2 2 009 1486118843491
---
W 5 2 3 000 1486118941940
W 5 2 3 001 1486118943238
W 5 2 3 002 1486118944952
W 5 2 3 003 1486118946457
W 5 2 3 004 1486118948201
W 5 2 3 005 1486118949070
W 5 2 3 006 1486118950147
W 5 2 3 007 1486118951171
W 5 2 3 008 1486118952072
W 5 2 3 009 1486118952902
***
R 5 2 3 000 1486118943460
R 5 2 3 001 1486118949275
R 5 2 3 002 1486118951092
R 5 2 3 003 1486118952336
R 5 2 3 004 1486118953660
R 5 2 3 005 1486118954829
R 5 2 3 006 1486118955280
R 5 2 3 007 1486118955563
R 5 2 3 008 1486118955838
R 5 2 3 009 1486118956061
---
W 5 2 4 000 1486119055052
W 5 2 4 001 1486119056247
W 5 2 4 002 1486119057788
W 5 2 4 003 1486119059727
W 5 2 4 004 1486119061935
W 5 2 4 005 1486119063179
W 5 2 4 006 1486119064022
W 5 2 4 007 1486119064845
W 5 2 4 008 1486119065821
W 5 2 4 009 1486119066826
***
R 5 2 4 000 1486119056519
R 5 2 4 001 1486119062304
R 5 2 4 002 1486119064047
R 5 2 4 003 1486119064493
R 5 2 4 004 1486119065421
R 5 2 4 005 1486119067311
R 5 2 4 006 1486119067571
R 5 2 4 007 1486119068325
R 5 2 4 008 1486119069064
R 5 2 4 009 1486119069155
---
W 5 4 1 000 1486119167871
W 5 4 1 001 1486119169066
W 5 4 1 002 1486119170644
W 5 4 1 003 1486119172063
W 5 4 1 004 1486119173624
W 5 4 1 005 1486119174660
W 5 4 1 006 1486119176388
W 5 4 1 007 1486119177167
W 5 4 1 008 1486119177722
W 5 4 1 009 1486119178396
***
R 5 4 1 000 1486119170042
R 5 4 1 001 1486119175279
R 5 4 1 002 1486119177372
R 5 4 1 003 1486119178832
R 5 4 1 004 1486119180282
R 5 4 1 005 1486119180663
R 5 4 1 006 1486119181186
R 5 4 1 007 1486119181918
R 5 4 1 008 1486119182461
R 5 4 1 009 1486119182788
---
W 5 4 2 000 1486119282770
W 5 4 2 001 1486119283625
W 5 4 2 002 1486119285805
W 5 4 2 003 1486119287289
W 5 4 2 004 1486119289124
W 5 4 2 005 1486119290713
W 5 4 2 006 1486119291273
W 5 4 2 007 1486119291816
W 5 4 2 008 1486119292578
W 5 4 2 009 1486119293124
***
R 5 4 2 000 1486119284233
R 5 4 2 001 1486119290329
R 5 4 2 002 1486119291283
R 5 4 2 003 1486119292060
R 5 4 2 004 1486119293409
R 5 4 2 005 1486119294662
R 5 4 2 006 1486119295086
R 5 4 2 007 1486119295488
R 5 4 2 008 1486119295799
R 5 4 2 009 1486119295866
---
W 5 4 3 000 1486119395447
W 5 4 3 001 1486119396288
W 5 4 3 002 1486119397514
W 5 4 3 003 1486119398716
W 5 4 3 004 1486119400367
W 5 4 3 005 1486119401744
W 5 4 3 006 1486119402711
W 5 4 3 007 1486119403648
W 5 4 3 008 1486119404816
W 5 4 3 009 1486119405778
***
R 5 4 3 000 1486119396924
R 5 4 3 001 1486119402312
R 5 4 3 002 1486119403726
R 5 4 3 003 1486119405479
R 5 4 3 004 1486119406774
R 5 4 3 005 1486119408148
R 5 4 3 006 1486119408615
R 5 4 3 007 1486119409376
R 5 4 3 008 1486119409600
R 5 4 3 009 1486119409600
---
W 5 4 4 000 1486119509624
W 5 4 4 001 1486119510576
W 5 4 4 002 1486119511815
W 5 4 4 003 1486119512976
W 5 4 4 004 1486119514064
W 5 4 4 005 1486119514880
W 5 4 4 006 1486119516369
W 5 4 4 007 1486119517442
W 5 4 4 008 1486119518470
W 5 4 4 009 1486119519003
***
R 5 4 4 000 1486119511275
R 5 4 4 001 1486119515674
R 5 4 4 002 1486119517894
R 5 4 4 003 1486119519245
R 5 4 4 004 1486119520601
R 5 4 4 005 1486119521283
R 5 4 4 006 1486119521653
R 5 4 4 007 1486119521752
R 5 4 4 008 1486119521752
R 5 4 4 009 1486119521956
---
W 5 5 1 000 1486119622760
W 5 5 1 001 1486119623571
W 5 5 1 002 1486119624659
W 5 5 1 003 1486119626018
W 5 5 1 004 1486119627953
W 5 5 1 005 1486119629000
W 5 5 1 006 1486119630014
W 5 5 1 007 1486119630704
W 5 5 1 008 1486119631495
W 5 5 1 009 1486119632106
***
R 5 5 1 000 1486119624578
R 5 5 1 001 1486119629029
R 5 5 1 002 1486119631109
R 5 5 1 003 1486119632910
R 5 5 1 004 1486119633580
R 5 5 1 005 1486119634379
R 5 5 1 006 1486119634911
R 5 5 1 007 1486119635414
R 5 5 1 008 1486119635698
R 5 5 1 009 1486119635751
---
W 5 5 2 000 1486119734479
W 5 5 2 001 1486119735579
W 5 5 2 002 1486119737151
W 5 5 2 003 1486119738328
W 5 5 2 004 1486119739552
W 5 5 2 005 1486119741024
W 5 5 2 006 1486119742551
W 5 5 2 007 1486119743492
W 5 5 2 008 1486119744128
W 5 5 2 009 1486119744805
***
R 5 5 2 000 1486119736564
R 5 5 2 001 1486119741127
R 5 5 2 002 1486119743775
R 5 5 2 003 1486119745474
R 5 5 2 004 1486119746905
R 5 5 2 005 1486119747235
R 5 5 2 006 1486119747599
R 5 5 2 007 1486119748295
R 5 5 2 008 1486119748799
R 5 5 2 009 1486119748867
---
W 5 5 3 000 1486119848034
W 5 5 3 001 1486119849006
W 5 5 3 002 1486119851281
W 5 5 3 003 1486119854139
W 5 5 3 004 1486119855402
W 5 5 3 005 1486119856089
W 5 5 3 006 1486119856549
W 5 5 3 007 1486119857116
W 5 5 3 008 1486119857540
W 5 5 3 009 1486119857980
***
R 5 5 3 000 1486119849313
R 5 5 3 001 1486119856123
R 5 5 3 002 1486119857291
R 5 5 3 003 1486119858240
R 5 5 3 004 1486119859334
R 5 5 3 005 1486119860529
R 5 5 3 006 1486119860669
R 5 5 3 007 1486119860669
R 5 5 3 008 1486119860669
R 5 5 3 009 1486119860682
---
W 5 5 4 000 1486119959377
W 5 5 4 001 1486119960087
W 5 5 4 002 1486119960912
W 5 5 4 003 1486119962358
W 5 5 4 004 1486119964365
W 5 5 4 005 1486119966341
W 5 5 4 006 1486119967286
W 5 5 4 007 1486119967859
W 5 5 4 008 1486119968484
W 5 5 4 009 1486119969052
***
R 5 5 4 000 1486119960985
R 5 5 4 001 1486119965841
R 5 5 4 002 1486119968157
R 5 5 4 003 1486119970217
R 5 5 4 004 1486119970828
R 5 5 4 005 1486119971115
R 5 5 4 006 1486119971549
R 5 5 4 007 1486119971651
R 5 5 4 008 1486119972432
R 5 5 4 009 1486119972592
---
W 5 6 1 000 1486120070831
W 5 6 1 001 1486120071660
W 5 6 1 002 1486120072836
W 5 6 1 003 1486120075045
W 5 6 1 004 1486120076438
W 5 6 1 005 1486120077897
W 5 6 1 006 1486120079021
W 5 6 1 007 1486120079832
W 5 6 1 008 1486120080729
W 5 6 1 009 1486120081703
***
R 5 6 1 000 1486120072671
R 5 6 1 001 1486120077487
R 5 6 1 002 1486120079808
R 5 6 1 003 1486120081617
R 5 6 1 004 1486120083887
R 5 6 1 005 1486120084932
R 5 6 1 006 1486120085878
R 5 6 1 007 1486120085878
R 5 6 1 008 1486120086026
R 5 6 1 009 1486120086026
---
W 5 6 2 000 1486120185088
W 5 6 2 001 1486120186154
W 5 6 2 002 1486120187045
W 5 6 2 003 1486120188295
W 5 6 2 004 1486120189514
W 5 6 2 005 1486120190660
W 5 6 2 006 1486120191799
W 5 6 2 007 1486120192924
W 5 6 2 008 1486120193531
W 5 6 2 009 1486120194245
***
R 5 6 2 000 1486120186785
R 5 6 2 001 1486120190864
R 5 6 2 002 1486120193700
R 5 6 2 003 1486120195491
R 5 6 2 004 1486120197213
R 5 6 2 005 1486120197213
R 5 6 2 006 1486120197410
R 5 6 2 007 1486120197410
R 5 6 2 008 1486120197473
R 5 6 2 009 1486120197473
---
W 5 6 3 000 1486120296002
W 5 6 3 001 1486120296900
W 5 6 3 002 1486120298811
W 5 6 3 003 1486120300261
W 5 6 3 004 1486120302273
W 5 6 3 005 1486120303310
W 5 6 3 006 1486120304392
W 5 6 3 007 1486120305277
W 5 6 3 008 1486120305919
W 5 6 3 009 1486120306813
***
R 5 6 3 000 1486120297649
R 5 6 3 001 1486120302347
R 5 6 3 002 1486120305242
R 5 6 3 003 1486120305930
R 5 6 3 004 1486120306774
R 5 6 3 005 1486120307667
R 5 6 3 006 1486120308708
R 5 6 3 007 1486120309069
R 5 6 3 008 1486120309278
R 5 6 3 009 1486120309348
---
W 5 6 4 000 1486120407418
W 5 6 4 001 1486120408424
W 5 6 4 002 1486120409213
W 5 6 4 003 1486120410690
W 5 6 4 004 1486120412760
W 5 6 4 005 1486120414403
W 5 6 4 006 1486120415646
W 5 6 4 007 1486120416503
W 5 6 4 008 1486120417227
W 5 6 4 009 1486120417724
***
R 5 6 4 000 1486120408902
R 5 6 4 001 1486120414500
R 5 6 4 002 1486120417189
R 5 6 4 003 1486120418261
R 5 6 4 004 1486120419209
R 5 6 4 005 1486120419884
R 5 6 4 006 1486120420248
R 5 6 4 007 1486120421142
R 5 6 4 008 1486120421142
R 5 6 4 009 1486120421251
---
W 5 8 1 000 1486120519675
W 5 8 1 001 1486120520900
W 5 8 1 002 1486120522454
W 5 8 1 003 1486120523990
W 5 8 1 004 1486120525132
W 5 8 1 005 1486120526447
W 5 8 1 006 1486120527225
W 5 8 1 007 1486120527792
W 5 8 1 008 1486120528439
W 5 8 1 009 1486120528848
***
R 5 8 1 000 1486120522106
R 5 8 1 001 1486120526504
R 5 8 1 002 1486120527708
R 5 8 1 003 1486120529186
R 5 8 1 004 1486120530062
R 5 8 1 005 1486120530742
R 5 8 1 006 1486120531058
R 5 8 1 007 1486120531736
R 5 8 1 008 1486120531789
R 5 8 1 009 1486120531789
---
W 5 8 2 000 1486120631385
W 5 8 2 001 1486120632566
W 5 8 2 002 1486120633955
W 5 8 2 003 1486120635153
W 5 8 2 004 1486120636624
W 5 8 2 005 1486120638279
W 5 8 2 006 1486120639244
W 5 8 2 007 1486120640389
W 5 8 2 008 1486120641691
W 5 8 2 009 1486120642655
***
R 5 8 2 000 1486120634057
R 5 8 2 001 1486120639105
R 5 8 2 002 1486120641389
R 5 8 2 003 1486120643844
R 5 8 2 004 1486120644701
R 5 8 2 005 1486120645334
R 5 8 2 006 1486120646115
R 5 8 2 007 1486120646115
R 5 8 2 008 1486120646299
R 5 8 2 009 1486120646516
---
W 5 8 3 000 1486120746061
W 5 8 3 001 1486120746871
W 5 8 3 002 1486120748286
W 5 8 3 003 1486120749659
W 5 8 3 004 1486120750931
W 5 8 3 005 1486120752162
W 5 8 3 006 1486120753367
W 5 8 3 007 1486120753900
W 5 8 3 008 1486120754523
W 5 8 3 009 1486120755500
***
R 5 8 3 000 1486120748357
R 5 8 3 001 1486120752415
R 5 8 3 002 1486120754217
R 5 8 3 003 1486120756417
R 5 8 3 004 1486120758417
R 5 8 3 005 1486120758417
R 5 8 3 006 1486120758774
R 5 8 3 007 1486120759118
R 5 8 3 008 1486120759118
R 5 8 3 009 1486120759118
---
W 5 8 4 000 1486120858411
W 5 8 4 001 1486120859669
W 5 8 4 002 1486120861261
W 5 8 4 003 1486120863215
W 5 8 4 004 1486120864599
W 5 8 4 005 1486120865847
W 5 8 4 006 1486120866541
W 5 8 4 007 1486120867142
W 5 8 4 008 1486120867618
W 5 8 4 009 1486120868255
***
R 5 8 4 000 1486120860622
R 5 8 4 001 1486120866151
R 5 8 4 002 1486120867587
R 5 8 4 003 1486120869119
R 5 8 4 004 1486120869700
R 5 8 4 005 1486120869958
R 5 8 4 006 1486120870449
R 5 8 4 007 1486120871389
R 5 8 4 008 1486120871635
R 5 8 4 009 1486120871717
---
W 5 10 1 000 1486120972700
W 5 10 1 001 1486120973370
W 5 10 1 002 1486120974064
W 5 10 1 003 1486120975332
W 5 10 1 004 1486120976651
W 5 10 1 005 1486120977744
W 5 10 1 006 1486120979082
W 5 10 1 007 1486120979917
W 5 10 1 008 1486120980804
W 5 10 1 009 1486120981487
***
R 5 10 1 000 1486120974559
R 5 10 1 001 1486120980081
R 5 10 1 002 1486120981445
R 5 10 1 003 1486120983146
R 5 10 1 004 1486120983707
R 5 10 1 005 1486120984101
R 5 10 1 006 1486120984702
R 5 10 1 007 1486120985054
R 5 10 1 008 1486120985254
R 5 10 1 009 1486120985331
---
W 5 10 2 000 1486121084632
W 5 10 2 001 1486121085500
W 5 10 2 002 1486121087195
W 5 10 2 003 1486121088620
W 5 10 2 004 1486121090266
W 5 10 2 005 1486121091088
W 5 10 2 006 1486121091751
W 5 10 2 007 1486121092422
W 5 10 2 008 1486121092847
W 5 10 2 009 1486121093222
***
R 5 10 2 000 1486121086596
R 5 10 2 001 1486121091443
R 5 10 2 002 1486121092996
R 5 10 2 003 1486121094379
R 5 10 2 004 1486121094665
R 5 10 2 005 1486121095697
R 5 10 2 006 1486121096604
R 5 10 2 007 1486121096604
R 5 10 2 008 1486121096604
R 5 10 2 009 1486121096748
---
W 5 10 3 000 1486121195110
W 5 10 3 001 1486121196033
W 5 10 3 002 1486121196913
W 5 10 3 003 1486121198711
W 5 10 3 004 1486121200807
W 5 10 3 005 1486121202854
W 5 10 3 006 1486121203561
W 5 10 3 007 1486121204497
W 5 10 3 008 1486121205330
W 5 10 3 009 1486121206068
***
R 5 10 3 000 1486121196744
R 5 10 3 001 1486121203901
R 5 10 3 002 1486121205875
R 5 10 3 003 1486121207814
R 5 10 3 004 1486121208445
R 5 10 3 005 1486121208855
R 5 10 3 006 1486121209589
R 5 10 3 007 1486121209589
R 5 10 3 008 1486121209776
R 5 10 3 009 1486121209776
---
W 5 10 4 000 1486121308593
W 5 10 4 001 1486121309205
W 5 10 4 002 1486121310491
W 5 10 4 003 1486121311981
W 5 10 4 004 1486121313912
W 5 10 4 005 1486121315564
W 5 10 4 006 1486121316371
W 5 10 4 007 1486121317532
W 5 10 4 008 1486121318047
W 5 10 4 009 1486121318530
***
R 5 10 4 000 1486121309772
R 5 10 4 001 1486121315513
R 5 10 4 002 1486121317050
R 5 10 4 003 1486121319106
R 5 10 4 004 1486121319835
R 5 10 4 005 1486121320341
R 5 10 4 006 1486121320786
R 5 10 4 007 1486121321551
R 5 10 4 008 1486121321833
R 5 10 4 009 1486121321906
---
R 10 1 1 000 1486128818513
R 10 1 1 001 1486128821390
R 10 1 1 002 1486128822416
R 10 1 1 003 1486128823098
R 10 1 1 004 1486128824517
R 10 1 1 005 1486128825959
R 10 1 1 006 1486128827217
R 10 1 1 007 1486128828640
R 10 1 1 008 1486128829525
R 10 1 1 009 1486128830602
---
W 10 1 1 000 1486128814168
W 10 1 1 001 1486128816107
W 10 1 1 002 1486128819459
W 10 1 1 003 1486128822014
W 10 1 1 004 1486128823327
W 10 1 1 005 1486128824669
W 10 1 1 006 1486128825891
W 10 1 1 007 1486128827173
W 10 1 1 008 1486128828523
W 10 1 1 009 1486128829787
***
W 10 1 2 000 1486128984893
W 10 1 2 001 1486128986947
W 10 1 2 002 1486128990697
W 10 1 2 003 1486128993171
W 10 1 2 004 1486128994733
W 10 1 2 005 1486128996287
W 10 1 2 006 1486128997840
W 10 1 2 007 1486128999130
W 10 1 2 008 1486129000603
W 10 1 2 009 1486129002187
***
R 10 1 2 000 1486128990960
R 10 1 2 001 1486128993462
R 10 1 2 002 1486128994978
R 10 1 2 003 1486128996957
R 10 1 2 004 1486128997800
R 10 1 2 005 1486128998640
R 10 1 2 006 1486128999653
R 10 1 2 007 1486129000924
R 10 1 2 008 1486129003125
R 10 1 2 009 1486129003427
---
R 10 1 3 000 1486129159715
R 10 1 3 001 1486129164204
R 10 1 3 002 1486129165590
R 10 1 3 003 1486129166755
R 10 1 3 004 1486129166837
R 10 1 3 005 1486129167368
R 10 1 3 006 1486129168583
R 10 1 3 007 1486129170037
R 10 1 3 008 1486129171381
R 10 1 3 009 1486129172650
---
W 10 1 3 000 1486129155954
W 10 1 3 001 1486129157706
W 10 1 3 002 1486129161477
W 10 1 3 003 1486129163762
W 10 1 3 004 1486129165178
W 10 1 3 005 1486129166611
W 10 1 3 006 1486129167783
W 10 1 3 007 1486129169072
W 10 1 3 008 1486129170262
W 10 1 3 009 1486129171589
***
R 10 1 4 000 1486129328778
R 10 1 4 001 1486129332164
R 10 1 4 002 1486129333666
R 10 1 4 003 1486129334119
R 10 1 4 004 1486129335341
R 10 1 4 005 1486129336045
R 10 1 4 006 1486129337243
R 10 1 4 007 1486129338359
R 10 1 4 008 1486129339844
R 10 1 4 009 1486129341300
---
W 10 1 4 000 1486129325128
W 10 1 4 001 1486129327202
W 10 1 4 002 1486129329809
W 10 1 4 003 1486129331679
W 10 1 4 004 1486129333528
W 10 1 4 005 1486129335050
W 10 1 4 006 1486129336258
W 10 1 4 007 1486129337579
W 10 1 4 008 1486129338756
W 10 1 4 009 1486129340062
***
W 10 2 1 000 1486129493699
W 10 2 1 001 1486129495029
W 10 2 1 002 1486129497923
W 10 2 1 003 1486129499500
W 10 2 1 004 1486129500526
W 10 2 1 005 1486129501646
W 10 2 1 006 1486129502828
W 10 2 1 007 1486129504017
W 10 2 1 008 1486129504763
W 10 2 1 009 1486129505740
***
R 10 2 1 000 1486129501243
R 10 2 1 001 1486129503329
R 10 2 1 002 1486129503630
R 10 2 1 003 1486129504624
R 10 2 1 004 1486129505262
R 10 2 1 005 1486129508469
R 10 2 1 006 1486129510410
R 10 2 1 007 1486129510636
R 10 2 1 008 1486129510636
R 10 2 1 009 1486129510636
---
W 10 2 2 000 1486129662309
W 10 2 2 001 1486129664033
W 10 2 2 002 1486129668581
W 10 2 2 003 1486129670220
W 10 2 2 004 1486129671380
W 10 2 2 005 1486129672532
W 10 2 2 006 1486129673460
W 10 2 2 007 1486129674194
W 10 2 2 008 1486129674950
W 10 2 2 009 1486129675723
***
R 10 2 2 000 1486129666777
R 10 2 2 001 1486129670534
R 10 2 2 002 1486129671942
R 10 2 2 003 1486129673736
R 10 2 2 004 1486129674211
R 10 2 2 005 1486129674867
R 10 2 2 006 1486129675780
R 10 2 2 007 1486129676952
R 10 2 2 008 1486129677347
R 10 2 2 009 1486129677570
---
W 10 2 3 000 1486129828747
W 10 2 3 001 1486129830126
W 10 2 3 002 1486129832657
W 10 2 3 003 1486129834702
W 10 2 3 004 1486129835579
W 10 2 3 005 1486129837039
W 10 2 3 006 1486129838302
W 10 2 3 007 1486129839228
W 10 2 3 008 1486129840004
W 10 2 3 009 1486129840832
***
R 10 2 3 000 1486129832634
R 10 2 3 001 1486129837399
R 10 2 3 002 1486129838752
R 10 2 3 003 1486129839657
R 10 2 3 004 1486129840232
R 10 2 3 005 1486129841550
R 10 2 3 006 1486129841550
R 10 2 3 007 1486129841838
R 10 2 3 008 1486129842510
R 10 2 3 009 1486129843118
---
W 10 2 4 000 1486129995311
W 10 2 4 001 1486129996471
W 10 2 4 002 1486130000507
W 10 2 4 003 1486130002480
W 10 2 4 004 1486130003914
W 10 2 4 005 1486130005464
W 10 2 4 006 1486130006737
W 10 2 4 007 1486130007888
W 10 2 4 008 1486130009182
W 10 2 4 009 1486130010317
***
R 10 2 4 000 1486130000799
R 10 2 4 001 1486130004076
R 10 2 4 002 1486130006268
R 10 2 4 003 1486130007608
R 10 2 4 004 1486130009793
R 10 2 4 005 1486130012784
R 10 2 4 006 1486130013289
R 10 2 4 007 1486130013289
R 10 2 4 008 1486130013393
R 10 2 4 009 1486130013393
---
W 10 4 1 000 1486130166028
W 10 4 1 001 1486130166938
W 10 4 1 002 1486130170444
W 10 4 1 003 1486130172550
W 10 4 1 004 1486130173761
W 10 4 1 005 1486130174772
W 10 4 1 006 1486130175330
W 10 4 1 007 1486130175916
W 10 4 1 008 1486130176522
W 10 4 1 009 1486130177015
***
R 10 4 1 000 1486130171609
R 10 4 1 001 1486130173443
R 10 4 1 002 1486130175508
R 10 4 1 003 1486130176232
R 10 4 1 004 1486130177458
R 10 4 1 005 1486130177725
R 10 4 1 006 1486130178661
R 10 4 1 007 1486130179531
R 10 4 1 008 1486130180274
R 10 4 1 009 1486130180496
---
W 10 4 2 000 1486130332247
W 10 4 2 001 1486130333594
W 10 4 2 002 1486130335772
W 10 4 2 003 1486130337500
W 10 4 2 004 1486130338936
W 10 4 2 005 1486130339997
W 10 4 2 006 1486130340796
W 10 4 2 007 1486130341740
W 10 4 2 008 1486130342472
W 10 4 2 009 1486130343171
***
R 10 4 2 000 1486130336207
R 10 4 2 001 1486130340912
R 10 4 2 002 1486130342993
R 10 4 2 003 1486130344849
R 10 4 2 004 1486130345113
R 10 4 2 005 1486130346088
R 10 4 2 006 1486130346421
R 10 4 2 007 1486130346763
R 10 4 2 008 1486130346946
R 10 4 2 009 1486130347216
---
W 10 4 3 000 1486130500625
W 10 4 3 001 1486130502172
W 10 4 3 002 1486130505863
W 10 4 3 003 1486130508797
W 10 4 3 004 1486130509608
W 10 4 3 005 1486130510914
W 10 4 3 006 1486130511539
W 10 4 3 007 1486130512115
W 10 4 3 008 1486130512688
W 10 4 3 009 1486130513464
***
R 10 4 3 000 1486130505641
R 10 4 3 001 1486130509665
R 10 4 3 002 1486130510611
R 10 4 3 003 1486130511315
R 10 4 3 004 1486130511932
R 10 4 3 005 1486130512909
R 10 4 3 006 1486130513639
R 10 4 3 007 1486130515113
R 10 4 3 008 1486130515490
R 10 4 3 009 1486130515490
---
W 10 4 4 000 1486130666999
W 10 4 4 001 1486130667928
W 10 4 4 002 1486130672289
W 10 4 4 003 1486130673820
W 10 4 4 004 1486130675136
W 10 4 4 005 1486130676276
W 10 4 4 006 1486130676986
W 10 4 4 007 1486130677806
W 10 4 4 008 1486130678611
W 10 4 4 009 1486130679343
***
R 10 4 4 000 1486130670873
R 10 4 4 001 1486130673736
R 10 4 4 002 1486130675819
R 10 4 4 003 1486130678193
R 10 4 4 004 1486130679356
R 10 4 4 005 1486130680679
R 10 4 4 006 1486130681393
R 10 4 4 007 1486130681620
R 10 4 4 008 1486130681916
R 10 4 4 009 1486130681916
---
W 10 5 1 000 1486130832812
W 10 5 1 001 1486130833936
W 10 5 1 002 1486130836656
W 10 5 1 003 1486130838898
W 10 5 1 004 1486130840471
W 10 5 1 005 1486130841616
W 10 5 1 006 1486130842808
W 10 5 1 007 1486130843527
W 10 5 1 008 1486130844423
W 10 5 1 009 1486130845762
***
R 10 5 1 000 1486130837063
R 10 5 1 001 1486130843184
R 10 5 1 002 1486130845248
R 10 5 1 003 1486130847351
R 10 5 1 004 1486130848240
R 10 5 1 005 1486130849444
R 10 5 1 006 1486130849823
R 10 5 1 007 1486130849823
R 10 5 1 008 1486130849823
R 10 5 1 009 1486130849890
---
W 10 5 2 000 1486131002028
W 10 5 2 001 1486131003017
W 10 5 2 002 1486131007081
W 10 5 2 003 1486131008265
W 10 5 2 004 1486131009461
W 10 5 2 005 1486131010167
W 10 5 2 006 1486131010928
W 10 5 2 007 1486131011669
W 10 5 2 008 1486131012493
W 10 5 2 009 1486131013323
***
R 10 5 2 000 1486131009073
R 10 5 2 001 1486131012489
R 10 5 2 002 1486131012869
R 10 5 2 003 1486131013593
R 10 5 2 004 1486131013827
R 10 5 2 005 1486131014599
R 10 5 2 006 1486131015264
R 10 5 2 007 1486131015585
R 10 5 2 008 1486131016414
R 10 5 2 009 1486131016414
---
W 10 5 3 000 1486131168266
W 10 5 3 001 1486131169548
W 10 5 3 002 1486131172104
W 10 5 3 003 1486131174522
W 10 5 3 004 1486131175363
W 10 5 3 005 1486131176404
W 10 5 3 006 1486131177069
W 10 5 3 007 1486131178300
W 10 5 3 008 1486131179056
W 10 5 3 009 1486131179875
***
R 10 5 3 000 1486131171974
R 10 5 3 001 1486131175720
R 10 5 3 002 1486131176932
R 10 5 3 003 1486131178483
R 10 5 3 004 1486131179642
R 10 5 3 005 1486131181519
R 10 5 3 006 1486131182495
R 10 5 3 007 1486131182777
R 10 5 3 008 1486131182777
R 10 5 3 009 1486131182930
---
W 10 5 4 000 1486131335116
W 10 5 4 001 1486131336131
W 10 5 4 002 1486131339688
W 10 5 4 003 1486131340602
W 10 5 4 004 1486131341504
W 10 5 4 005 1486131342517
W 10 5 4 006 1486131343506
W 10 5 4 007 1486131344591
W 10 5 4 008 1486131345716
W 10 5 4 009 1486131346406
***
R 10 5 4 000 1486131338900
R 10 5 4 001 1486131343629
R 10 5 4 002 1486131344570
R 10 5 4 003 1486131347441
R 10 5 4 004 1486131349731
R 10 5 4 005 1486131351069
R 10 5 4 006 1486131351412
R 10 5 4 007 1486131351412
R 10 5 4 008 1486131351412
R 10 5 4 009 1486131351412
---
W 10 6 1 000 1486131505740
W 10 6 1 001 1486131506751
W 10 6 1 002 1486131509766
W 10 6 1 003 1486131511290
W 10 6 1 004 1486131512318
W 10 6 1 005 1486131512966
W 10 6 1 006 1486131513915
W 10 6 1 007 1486131514946
W 10 6 1 008 1486131515503
W 10 6 1 009 1486131516311
***
R 10 6 1 000 1486131510255
R 10 6 1 001 1486131513373
R 10 6 1 002 1486131514620
R 10 6 1 003 1486131516269
R 10 6 1 004 1486131517882
R 10 6 1 005 1486131518656
R 10 6 1 006 1486131519412
R 10 6 1 007 1486131520312
R 10 6 1 008 1486131520539
R 10 6 1 009 1486131520957
---
W 10 6 2 000 1486131673777
W 10 6 2 001 1486131674889
W 10 6 2 002 1486131677626
W 10 6 2 003 1486131679368
W 10 6 2 004 1486131680913
W 10 6 2 005 1486131682410
W 10 6 2 006 1486131683742
W 10 6 2 007 1486131684624
W 10 6 2 008 1486131685577
W 10 6 2 009 1486131686514
***
R 10 6 2 000 1486131677493
R 10 6 2 001 1486131683019
R 10 6 2 002 1486131685993
R 10 6 2 003 1486131688325
R 10 6 2 004 1486131689540
R 10 6 2 005 1486131690534
R 10 6 2 006 1486131690931
R 10 6 2 007 1486131691679
R 10 6 2 008 1486131692177
R 10 6 2 009 1486131692439
---
W 10 6 3 000 1486131845893
W 10 6 3 001 1486131847135
W 10 6 3 002 1486131851150
W 10 6 3 003 1486131852856
W 10 6 3 004 1486131854471
W 10 6 3 005 1486131855358
W 10 6 3 006 1486131856620
W 10 6 3 007 1486131857425
W 10 6 3 008 1486131858400
W 10 6 3 009 1486131859361
***
R 10 6 3 000 1486131851766
R 10 6 3 001 1486131854452
R 10 6 3 002 1486131855560
R 10 6 3 003 1486131856717
R 10 6 3 004 1486131858402
R 10 6 3 005 1486131860885
R 10 6 3 006 1486131862699
R 10 6 3 007 1486131862699
R 10 6 3 008 1486131862699
R 10 6 3 009 1486131862699
---
W 10 6 4 000 1486132015042
W 10 6 4 001 1486132015736
W 10 6 4 002 1486132019581
W 10 6 4 003 1486132021552
W 10 6 4 004 1486132022524
W 10 6 4 005 1486132023463
W 10 6 4 006 1486132024211
W 10 6 4 007 1486132025107
W 10 6 4 008 1486132025920
W 10 6 4 009 1486132026481
***
R 10 6 4 000 1486132019566
R 10 6 4 001 1486132022056
R 10 6 4 002 1486132023474
R 10 6 4 003 1486132025090
R 10 6 4 004 1486132026349
R 10 6 4 005 1486132027851
R 10 6 4 006 1486132028056
R 10 6 4 007 1486132028150
R 10 6 4 008 1486132029167
R 10 6 4 009 1486132029921
---
W 10 8 1 000 1486132181476
W 10 8 1 001 1486132182393
W 10 8 1 002 1486132186293
W 10 8 1 003 1486132189153
W 10 8 1 004 1486132191010
W 10 8 1 005 1486132192204
W 10 8 1 006 1486132193348
W 10 8 1 007 1486132195126
W 10 8 1 008 1486132197162
W 10 8 1 009 1486132198071
***
R 10 8 1 000 1486132185115
R 10 8 1 001 1486132191560
R 10 8 1 002 1486132193734
R 10 8 1 003 1486132197124
R 10 8 1 004 1486132197989
R 10 8 1 005 1486132198942
R 10 8 1 006 1486132199554
R 10 8 1 007 1486132199894
R 10 8 1 008 1486132199894
R 10 8 1 009 1486132200049
---
W 10 8 2 000 1486132352935
W 10 8 2 001 1486132353548
W 10 8 2 002 1486132356470
W 10 8 2 003 1486132358737
W 10 8 2 004 1486132359736
W 10 8 2 005 1486132361172
W 10 8 2 006 1486132362525
W 10 8 2 007 1486132363350
W 10 8 2 008 1486132364247
W 10 8 2 009 1486132364996
***
R 10 8 2 000 1486132359673
R 10 8 2 001 1486132362495
R 10 8 2 002 1486132363562
R 10 8 2 003 1486132365419
R 10 8 2 004 1486132366856
R 10 8 2 005 1486132368643
R 10 8 2 006 1486132370087
R 10 8 2 007 1486132370447
R 10 8 2 008 1486132370447
R 10 8 2 009 1486132370447
---
W 10 8 3 000 1486132523542
W 10 8 3 001 1486132524278
W 10 8 3 002 1486132527581
W 10 8 3 003 1486132528607
W 10 8 3 004 1486132530747
W 10 8 3 005 1486132531862
W 10 8 3 006 1486132532667
W 10 8 3 007 1486132533415
W 10 8 3 008 1486132534397
W 10 8 3 009 1486132535279
***
R 10 8 3 000 1486132529019
R 10 8 3 001 1486132531954
R 10 8 3 002 1486132533971
R 10 8 3 003 1486132535129
R 10 8 3 004 1486132536349
R 10 8 3 005 1486132537235
R 10 8 3 006 1486132537663
R 10 8 3 007 1486132538203
R 10 8 3 008 1486132538203
R 10 8 3 009 1486132538390
---
W 10 8 4 000 1486132691156
W 10 8 4 001 1486132691955
W 10 8 4 002 1486132697135
W 10 8 4 003 1486132698796
W 10 8 4 004 1486132699956
W 10 8 4 005 1486132700631
W 10 8 4 006 1486132701567
W 10 8 4 007 1486132702429
W 10 8 4 008 1486132704557
W 10 8 4 009 1486132705272
***
R 10 8 4 000 1486132698050
R 10 8 4 001 1486132701854
R 10 8 4 002 1486132702284
R 10 8 4 003 1486132705504
R 10 8 4 004 1486132706223
R 10 8 4 005 1486132708120
R 10 8 4 006 1486132708717
R 10 8 4 007 1486132709002
R 10 8 4 008 1486132709546
R 10 8 4 009 1486132709699
---
W 10 10 1 000 1486132862140
W 10 10 1 001 1486132863592
W 10 10 1 002 1486132867868
W 10 10 1 003 1486132869193
W 10 10 1 004 1486132870485
W 10 10 1 005 1486132871370
W 10 10 1 006 1486132872053
W 10 10 1 007 1486132872931
W 10 10 1 008 1486132873553
W 10 10 1 009 1486132874224
***
R 10 10 1 000 1486132866781
R 10 10 1 001 1486132871342
R 10 10 1 002 1486132873151
R 10 10 1 003 1486132874132
R 10 10 1 004 1486132875522
R 10 10 1 005 1486132876239
R 10 10 1 006 1486132876239
R 10 10 1 007 1486132876429
R 10 10 1 008 1486132877241
R 10 10 1 009 1486132877241
---
W 10 10 2 000 1486133029006
W 10 10 2 001 1486133029560
W 10 10 2 002 1486133032374
W 10 10 2 003 1486133034559
W 10 10 2 004 1486133035793
W 10 10 2 005 1486133037523
W 10 10 2 006 1486133038985
W 10 10 2 007 1486133039678
W 10 10 2 008 1486133041285
W 10 10 2 009 1486133042696
***
R 10 10 2 000 1486133034339
R 10 10 2 001 1486133038553
R 10 10 2 002 1486133040977
R 10 10 2 003 1486133043449
R 10 10 2 004 1486133045420
R 10 10 2 005 1486133045890
R 10 10 2 006 1486133045890
R 10 10 2 007 1486133046062
R 10 10 2 008 1486133046062
R 10 10 2 009 1486133046062
---
W 10 10 3 000 1486133199737
W 10 10 3 001 1486133200737
W 10 10 3 002 1486133205031
W 10 10 3 003 1486133206878
W 10 10 3 004 1486133208057
W 10 10 3 005 1486133209235
W 10 10 3 006 1486133210378
W 10 10 3 007 1486133211016
W 10 10 3 008 1486133211476
W 10 10 3 009 1486133212198
***
R 10 10 3 000 1486133204837
R 10 10 3 001 1486133207948
R 10 10 3 002 1486133210771
R 10 10 3 003 1486133212312
R 10 10 3 004 1486133213637
R 10 10 3 005 1486133214219
R 10 10 3 006 1486133214679
R 10 10 3 007 1486133215235
R 10 10 3 008 1486133215601
R 10 10 3 009 1486133215700
---
W 10 10 4 000 1486133367774
W 10 10 4 001 1486133368809
W 10 10 4 002 1486133372039
W 10 10 4 003 1486133373928
W 10 10 4 004 1486133375032
W 10 10 4 005 1486133376219
W 10 10 4 006 1486133377683
W 10 10 4 007 1486133378643
W 10 10 4 008 1486133379878
W 10 10 4 009 1486133381239
***
R 10 10 4 000 1486133374408
R 10 10 4 001 1486133376748
R 10 10 4 002 1486133377868
R 10 10 4 003 1486133378789
R 10 10 4 004 1486133381265
R 10 10 4 005 1486133383075
R 10 10 4 006 1486133384489
R 10 10 4 007 1486133384489
R 10 10 4 008 1486133384489
R 10 10 4 009 1486133384489
---
R 20 1 1 000 1486133671512
R 20 1 1 001 1486133676391
R 20 1 1 002 1486133677152
R 20 1 1 003 1486133678781
R 20 1 1 004 1486133679625
R 20 1 1 005 1486133680639
R 20 1 1 006 1486133681322
R 20 1 1 007 1486133681584
R 20 1 1 008 1486133682667
R 20 1 1 009 1486133683796
---
W 20 1 1 000 1486133660954
W 20 1 1 001 1486133663864
W 20 1 1 002 1486133668886
W 20 1 1 003 1486133672791
W 20 1 1 004 1486133674996
W 20 1 1 005 1486133676663
W 20 1 1 006 1486133678392
W 20 1 1 007 1486133679937
W 20 1 1 008 1486133681672
W 20 1 1 009 1486133683001
***
R 20 1 2 000 1486133952263
R 20 1 2 001 1486133954891
R 20 1 2 002 1486133956027
R 20 1 2 003 1486133956828
R 20 1 2 004 1486133959661
R 20 1 2 005 1486133959997
R 20 1 2 006 1486133960271
R 20 1 2 007 1486133961805
R 20 1 2 008 1486133963622
R 20 1 2 009 1486133964538
---
W 20 1 2 000 1486133944834
W 20 1 2 001 1486133947093
W 20 1 2 002 1486133951827
W 20 1 2 003 1486133954317
W 20 1 2 004 1486133955658
W 20 1 2 005 1486133957670
W 20 1 2 006 1486133959205
W 20 1 2 007 1486133960431
W 20 1 2 008 1486133961820
W 20 1 2 009 1486133963214
***
R 20 1 3 000 1486134230988
R 20 1 3 001 1486134235438
R 20 1 3 002 1486134238437
R 20 1 3 003 1486134240312
R 20 1 3 004 1486134241633
R 20 1 3 005 1486134242366
R 20 1 3 006 1486134243691
R 20 1 3 007 1486134244522
R 20 1 3 008 1486134245554
R 20 1 3 009 1486134246857
---
W 20 1 3 000 1486134224410
W 20 1 3 001 1486134226311
W 20 1 3 002 1486134230268
W 20 1 3 003 1486134235083
W 20 1 3 004 1486134237011
W 20 1 3 005 1486134239364
W 20 1 3 006 1486134241237
W 20 1 3 007 1486134243280
W 20 1 3 008 1486134244724
W 20 1 3 009 1486134246007
***
W 20 1 4 000 1486134506459
W 20 1 4 001 1486134509153
W 20 1 4 002 1486134513250
W 20 1 4 003 1486134515192
W 20 1 4 004 1486134516821
W 20 1 4 005 1486134518867
W 20 1 4 006 1486134520292
W 20 1 4 007 1486134522078
W 20 1 4 008 1486134523665
W 20 1 4 009 1486134524941
***
R 20 1 4 000 1486134514604
R 20 1 4 001 1486134516602
R 20 1 4 002 1486134518497
R 20 1 4 003 1486134519712
R 20 1 4 004 1486134520142
R 20 1 4 005 1486134521438
R 20 1 4 006 1486134522540
R 20 1 4 007 1486134523675
R 20 1 4 008 1486134524539
R 20 1 4 009 1486134526329
---
W 20 2 1 000 1486136853240
W 20 2 1 001 1486136855124
W 20 2 1 002 1486136862957
W 20 2 1 003 1486136864149
W 20 2 1 004 1486136865972
W 20 2 1 005 1486136869081
W 20 2 1 006 1486136870307
W 20 2 1 007 1486136871421
W 20 2 1 008 1486136872642
W 20 2 1 009 1486136874330
***
R 20 2 1 000 1486136862561
R 20 2 1 001 1486136864571
R 20 2 1 002 1486136868895
R 20 2 1 003 1486136871488
R 20 2 1 004 1486136874450
R 20 2 1 005 1486136875992
R 20 2 1 006 1486136876598
R 20 2 1 007 1486136877140
R 20 2 1 008 1486136877272
R 20 2 1 009 1486136877714
---
W 20 2 2 000 1486137135772
W 20 2 2 001 1486137137135
W 20 2 2 002 1486137143233
W 20 2 2 003 1486137145920
W 20 2 2 004 1486137147511
W 20 2 2 005 1486137148831
W 20 2 2 006 1486137150619
W 20 2 2 007 1486137151819
W 20 2 2 008 1486137152578
W 20 2 2 009 1486137153386
***
R 20 2 2 000 1486137146572
R 20 2 2 001 1486137149278
R 20 2 2 002 1486137149905
R 20 2 2 003 1486137152225
R 20 2 2 004 1486137152314
R 20 2 2 005 1486137152740
R 20 2 2 006 1486137153468
R 20 2 2 007 1486137154986
R 20 2 2 008 1486137155385
R 20 2 2 009 1486137155837
---
W 20 2 3 000 1486137412528
W 20 2 3 001 1486137414608
W 20 2 3 002 1486137421220
W 20 2 3 003 1486137422422
W 20 2 3 004 1486137423541
W 20 2 3 005 1486137424934
W 20 2 3 006 1486137426402
W 20 2 3 007 1486137427620
W 20 2 3 008 1486137429001
W 20 2 3 009 1486137430433
***
R 20 2 3 000 1486137422597
R 20 2 3 001 1486137425442
R 20 2 3 002 1486137426809
R 20 2 3 003 1486137427772
R 20 2 3 004 1486137429272
R 20 2 3 005 1486137431007
R 20 2 3 006 1486137432028
R 20 2 3 007 1486137432416
R 20 2 3 008 1486137432716
R 20 2 3 009 1486137432919
---
W 20 2 4 000 1486137690286
W 20 2 4 001 1486137692576
W 20 2 4 002 1486137700187
W 20 2 4 003 1486137701373
W 20 2 4 004 1486137703401
W 20 2 4 005 1486137704498
W 20 2 4 006 1486137705859
W 20 2 4 007 1486137706931
W 20 2 4 008 1486137708283
W 20 2 4 009 1486137709037
***
R 20 2 4 000 1486137701941
R 20 2 4 001 1486137705794
R 20 2 4 002 1486137706202
R 20 2 4 003 1486137707003
R 20 2 4 004 1486137708309
R 20 2 4 005 1486137708810
R 20 2 4 006 1486137709091
R 20 2 4 007 1486137709794
R 20 2 4 008 1486137710511
R 20 2 4 009 1486137710606
---
W 20 4 1 000 1486137966552
W 20 4 1 001 1486137967515
W 20 4 1 002 1486137973592
W 20 4 1 003 1486137976627
W 20 4 1 004 1486137977849
W 20 4 1 005 1486137980515
W 20 4 1 006 1486137981253
W 20 4 1 007 1486137982148
W 20 4 1 008 1486137983528
W 20 4 1 009 1486137984834
***
R 20 4 1 000 1486137973202
R 20 4 1 001 1486137979269
R 20 4 1 002 1486137979609
R 20 4 1 003 1486137982160
R 20 4 1 004 1486137983228
R 20 4 1 005 1486137984980
R 20 4 1 006 1486137986776
R 20 4 1 007 1486137987389
R 20 4 1 008 1486137987683
R 20 4 1 009 1486137987683
---
W 20 4 2 000 1486138243998
W 20 4 2 001 1486138244796
W 20 4 2 002 1486138249413
W 20 4 2 003 1486138251591
W 20 4 2 004 1486138253798
W 20 4 2 005 1486138255290
W 20 4 2 006 1486138256325
W 20 4 2 007 1486138257011
W 20 4 2 008 1486138258023
W 20 4 2 009 1486138258987
***
R 20 4 2 000 1486138251098
R 20 4 2 001 1486138256176
R 20 4 2 002 1486138258757
R 20 4 2 003 1486138259361
R 20 4 2 004 1486138260553
R 20 4 2 005 1486138261952
R 20 4 2 006 1486138262644
R 20 4 2 007 1486138262644
R 20 4 2 008 1486138262925
R 20 4 2 009 1486138262925
---
W 20 4 3 000 1486138520464
W 20 4 3 001 1486138522634
W 20 4 3 002 1486138531687
W 20 4 3 003 1486138533773
W 20 4 3 004 1486138534791
W 20 4 3 005 1486138535869
W 20 4 3 006 1486138536510
W 20 4 3 007 1486138537167
W 20 4 3 008 1486138537920
W 20 4 3 009 1486138538945
***
R 20 4 3 000 1486138533486
R 20 4 3 001 1486138536825
R 20 4 3 002 1486138536930
R 20 4 3 003 1486138538606
R 20 4 3 004 1486138540503
R 20 4 3 005 1486138541119
R 20 4 3 006 1486138541634
R 20 4 3 007 1486138542493
R 20 4 3 008 1486138542878
R 20 4 3 009 1486138543495
---
W 20 4 4 000 1486138799696
W 20 4 4 001 1486138800580
W 20 4 4 002 1486138804836
W 20 4 4 003 1486138807513
W 20 4 4 004 1486138808679
W 20 4 4 005 1486138809690
W 20 4 4 006 1486138810977
W 20 4 4 007 1486138812453
W 20 4 4 008 1486138813578
W 20 4 4 009 1486138814397
***
R 20 4 4 000 1486138811210
R 20 4 4 001 1486138817592
R 20 4 4 002 1486138818004
R 20 4 4 003 1486138818188
R 20 4 4 004 1486138818188
R 20 4 4 005 1486138818188
R 20 4 4 006 1486138818188
R 20 4 4 007 1486138818301
R 20 4 4 008 1486138818301
R 20 4 4 009 1486138818301
---
W 20 5 1 000 1486139073924
W 20 5 1 001 1486139075070
W 20 5 1 002 1486139082822
W 20 5 1 003 1486139083626
W 20 5 1 004 1486139084960
W 20 5 1 005 1486139085735
W 20 5 1 006 1486139086635
W 20 5 1 007 1486139088245
W 20 5 1 008 1486139089954
W 20 5 1 009 1486139091449
***
R 20 5 1 000 1486139082352
R 20 5 1 001 1486139084249
R 20 5 1 002 1486139087016
R 20 5 1 003 1486139089333
R 20 5 1 004 1486139091128
R 20 5 1 005 1486139092100
R 20 5 1 006 1486139092580
R 20 5 1 007 1486139092792
R 20 5 1 008 1486139093061
R 20 5 1 009 1486139093308
---
W 20 5 2 000 1486139350449
W 20 5 2 001 1486139352235
W 20 5 2 002 1486139355396
W 20 5 2 003 1486139358649
W 20 5 2 004 1486139359648
W 20 5 2 005 1486139360319
W 20 5 2 006 1486139361820
W 20 5 2 007 1486139362743
W 20 5 2 008 1486139363678
W 20 5 2 009 1486139364794
***
R 20 5 2 000 1486139362439
R 20 5 2 001 1486139364487
R 20 5 2 002 1486139365031
R 20 5 2 003 1486139366263
R 20 5 2 004 1486139367090
R 20 5 2 005 1486139367605
R 20 5 2 006 1486139368164
R 20 5 2 007 1486139368164
R 20 5 2 008 1486139368420
R 20 5 2 009 1486139368420
---
W 20 5 3 000 1486139626244
W 20 5 3 001 1486139628143
W 20 5 3 002 1486139633193
W 20 5 3 003 1486139635643
W 20 5 3 004 1486139636759
W 20 5 3 005 1486139638055
W 20 5 3 006 1486139639059
W 20 5 3 007 1486139640260
W 20 5 3 008 1486139641526
W 20 5 3 009 1486139642459
***
R 20 5 3 000 1486139635130
R 20 5 3 001 1486139639300
R 20 5 3 002 1486139641104
R 20 5 3 003 1486139642565
R 20 5 3 004 1486139643503
R 20 5 3 005 1486139644238
R 20 5 3 006 1486139644627
R 20 5 3 007 1486139644752
R 20 5 3 008 1486139644945
R 20 5 3 009 1486139645172
---
W 20 5 4 000 1486139902340
W 20 5 4 001 1486139904462
W 20 5 4 002 1486139909008
W 20 5 4 003 1486139913664
W 20 5 4 004 1486139915369
W 20 5 4 005 1486139917277
W 20 5 4 006 1486139917977
W 20 5 4 007 1486139918738
W 20 5 4 008 1486139919561
W 20 5 4 009 1486139920425
***
R 20 5 4 000 1486139912376
R 20 5 4 001 1486139916534
R 20 5 4 002 1486139919126
R 20 5 4 003 1486139920740
R 20 5 4 004 1486139921957
R 20 5 4 005 1486139922858
R 20 5 4 006 1486139923121
R 20 5 4 007 1486139923249
R 20 5 4 008 1486139923249
R 20 5 4 009 1486139923373
---
W 20 6 1 000 1486140180161
W 20 6 1 001 1486140181199
W 20 6 1 002 1486140188412
W 20 6 1 003 1486140190813
W 20 6 1 004 1486140193396
W 20 6 1 005 1486140194504
W 20 6 1 006 1486140195455
W 20 6 1 007 1486140196065
W 20 6 1 008 1486140196849
W 20 6 1 009 1486140197563
***
R 20 6 1 000 1486140193171
R 20 6 1 001 1486140195594
R 20 6 1 002 1486140196530
R 20 6 1 003 1486140196976
R 20 6 1 004 1486140197865
R 20 6 1 005 1486140199164
R 20 6 1 006 1486140199869
R 20 6 1 007 1486140200539
R 20 6 1 008 1486140200923
R 20 6 1 009 1486140200932
---
W 20 6 2 000 1486140458942
W 20 6 2 001 1486140459997
W 20 6 2 002 1486140469309
W 20 6 2 003 1486140470017
W 20 6 2 004 1486140471323
W 20 6 2 005 1486140472103
W 20 6 2 006 1486140473655
W 20 6 2 007 1486140474209
W 20 6 2 008 1486140475264
W 20 6 2 009 1486140476184
***
R 20 6 2 000 1486140465622
R 20 6 2 001 1486140471460
R 20 6 2 002 1486140474613
R 20 6 2 003 1486140475535
R 20 6 2 004 1486140477450
R 20 6 2 005 1486140478411
R 20 6 2 006 1486140479331
R 20 6 2 007 1486140479978
R 20 6 2 008 1486140480251
R 20 6 2 009 1486140480251
---
W 20 6 3 000 1486140738746
W 20 6 3 001 1486140740679
W 20 6 3 002 1486140753307
W 20 6 3 003 1486140755750
W 20 6 3 004 1486140756791
W 20 6 3 005 1486140757530
W 20 6 3 006 1486140758567
W 20 6 3 007 1486140759199
W 20 6 3 008 1486140759641
W 20 6 3 009 1486140760155
***
R 20 6 3 000 1486140750532
R 20 6 3 001 1486140755847
R 20 6 3 002 1486140757577
R 20 6 3 003 1486140759564
R 20 6 3 004 1486140761569
R 20 6 3 005 1486140762595
R 20 6 3 006 1486140763325
R 20 6 3 007 1486140764389
R 20 6 3 008 1486140764895
R 20 6 3 009 1486140765579
---
W 20 6 4 000 1486141021995
W 20 6 4 001 1486141023733
W 20 6 4 002 1486141029002
W 20 6 4 003 1486141031034
W 20 6 4 004 1486141032246
W 20 6 4 005 1486141034317
W 20 6 4 006 1486141035302
W 20 6 4 007 1486141036255
W 20 6 4 008 1486141036781
W 20 6 4 009 1486141037750
***
R 20 6 4 000 1486141033115
R 20 6 4 001 1486141037599
R 20 6 4 002 1486141038479
R 20 6 4 003 1486141038684
R 20 6 4 004 1486141039491
R 20 6 4 005 1486141040100
R 20 6 4 006 1486141040588
R 20 6 4 007 1486141041968
R 20 6 4 008 1486141042744
R 20 6 4 009 1486141043707
---
W 20 8 1 000 1486141300463
W 20 8 1 001 1486141301662
W 20 8 1 002 1486141308806
W 20 8 1 003 1486141309667
W 20 8 1 004 1486141310557
W 20 8 1 005 1486141312359
W 20 8 1 006 1486141314532
W 20 8 1 007 1486141315638
W 20 8 1 008 1486141316526
W 20 8 1 009 1486141317366
***
R 20 8 1 000 1486141309764
R 20 8 1 001 1486141310578
R 20 8 1 002 1486141314986
R 20 8 1 003 1486141317265
R 20 8 1 004 1486141318783
R 20 8 1 005 1486141319907
R 20 8 1 006 1486141320564
R 20 8 1 007 1486141321436
R 20 8 1 008 1486141321436
R 20 8 1 009 1486141321436
---
W 20 8 2 000 1486141578245
W 20 8 2 001 1486141579420
W 20 8 2 002 1486141592337
W 20 8 2 003 1486141593586
W 20 8 2 004 1486141594163
W 20 8 2 005 1486141594668
W 20 8 2 006 1486141595358
W 20 8 2 007 1486141595996
W 20 8 2 008 1486141596587
W 20 8 2 009 1486141597313
***
R 20 8 2 000 1486141591016
R 20 8 2 001 1486141594743
R 20 8 2 002 1486141597546
R 20 8 2 003 1486141599172
R 20 8 2 004 1486141599763
R 20 8 2 005 1486141599961
R 20 8 2 006 1486141600609
R 20 8 2 007 1486141600609
R 20 8 2 008 1486141600849
R 20 8 2 009 1486141600932
---
W 20 8 3 000 1486141868423
W 20 8 3 001 1486141870389
W 20 8 3 002 1486141874878
W 20 8 3 003 1486141876319
W 20 8 3 004 1486141877559
W 20 8 3 005 1486141878117
W 20 8 3 006 1486141879136
W 20 8 3 007 1486141880867
W 20 8 3 008 1486141882098
W 20 8 3 009 1486141883151
***
R 20 8 3 000 1486141876968
R 20 8 3 001 1486141878408
R 20 8 3 002 1486141881669
R 20 8 3 003 1486141883490
R 20 8 3 004 1486141885382
R 20 8 3 005 1486141885914
R 20 8 3 006 1486141886455
R 20 8 3 007 1486141886991
R 20 8 3 008 1486141887749
R 20 8 3 009 1486141887749
---
W 20 8 4 000 1486142146455
W 20 8 4 001 1486142147957
W 20 8 4 002 1486142154084
W 20 8 4 003 1486142155539
W 20 8 4 004 1486142156066
W 20 8 4 005 1486142156745
W 20 8 4 006 1486142157979
W 20 8 4 007 1486142159272
W 20 8 4 008 1486142160323
W 20 8 4 009 1486142160908
***
R 20 8 4 000 1486142156455
R 20 8 4 001 1486142157245
R 20 8 4 002 1486142158652
R 20 8 4 003 1486142162505
R 20 8 4 004 1486142162505
R 20 8 4 005 1486142162752
R 20 8 4 006 1486142162752
R 20 8 4 007 1486142162752
R 20 8 4 008 1486142162752
R 20 8 4 009 1486142162752
---
W 20 10 1 000 1486142420766
W 20 10 1 001 1486142422094
W 20 10 1 002 1486142429404
W 20 10 1 003 1486142430818
W 20 10 1 004 1486142433199
W 20 10 1 005 1486142435375
W 20 10 1 006 1486142436164
W 20 10 1 007 1486142436902
W 20 10 1 008 1486142437587
W 20 10 1 009 1486142438162
***
R 20 10 1 000 1486142432758
R 20 10 1 001 1486142438749
R 20 10 1 002 1486142440534
R 20 10 1 003 1486142440688
R 20 10 1 004 1486142441164
R 20 10 1 005 1486142441437
R 20 10 1 006 1486142441611
R 20 10 1 007 1486142441611
R 20 10 1 008 1486142441611
R 20 10 1 009 1486142442226
---
W 20 10 2 000 1486142701361
W 20 10 2 001 1486142702284
W 20 10 2 002 1486142710422
W 20 10 2 003 1486142712766
W 20 10 2 004 1486142714522
W 20 10 2 005 1486142715971
W 20 10 2 006 1486142718098
W 20 10 2 007 1486142719154
W 20 10 2 008 1486142720038
W 20 10 2 009 1486142720591
***
R 20 10 2 000 1486142709494
R 20 10 2 001 1486142713366
R 20 10 2 002 1486142717280
R 20 10 2 003 1486142719671
R 20 10 2 004 1486142721345
R 20 10 2 005 1486142722128
R 20 10 2 006 1486142722954
R 20 10 2 007 1486142723337
R 20 10 2 008 1486142723846
R 20 10 2 009 1486142723846
---
W 20 10 3 000 1486142980162
W 20 10 3 001 1486142981315
W 20 10 3 002 1486142989352
W 20 10 3 003 1486142990423
W 20 10 3 004 1486142991383
W 20 10 3 005 1486142992307
W 20 10 3 006 1486142993886
W 20 10 3 007 1486142994365
W 20 10 3 008 1486142995139
W 20 10 3 009 1486142995823
***
R 20 10 3 000 1486142991788
R 20 10 3 001 1486142993495
R 20 10 3 002 1486142994017
R 20 10 3 003 1486142995362
R 20 10 3 004 1486142996592
R 20 10 3 005 1486142997776
R 20 10 3 006 1486142998146
R 20 10 3 007 1486142998168
R 20 10 3 008 1486142998373
R 20 10 3 009 1486142998373
---
W 20 10 4 000 1486143254993
W 20 10 4 001 1486143256757
W 20 10 4 002 1486143263468
W 20 10 4 003 1486143264213
W 20 10 4 004 1486143265029
W 20 10 4 005 1486143266457
W 20 10 4 006 1486143268089
W 20 10 4 007 1486143269529
W 20 10 4 008 1486143270684
W 20 10 4 009 1486143271726
***
R 20 10 4 000 1486143265024
R 20 10 4 001 1486143268946
R 20 10 4 002 1486143270129
R 20 10 4 003 1486143270899
R 20 10 4 004 1486143272875
R 20 10 4 005 1486143273786
R 20 10 4 006 1486143274542
R 20 10 4 007 1486143274876
R 20 10 4 008 1486143275113
R 20 10 4 009 1486143275132
---
W 30 1 1 000 1486205714823
W 30 1 1 001 1486205717699
W 30 1 1 002 1486205729408
W 30 1 1 003 1486205731277
W 30 1 1 004 1486205733543
W 30 1 1 005 1486205736032
W 30 1 1 006 1486205737402
W 30 1 1 007 1486205739031
W 30 1 1 008 1486205740477
W 30 1 1 009 1486205742079
***
R 30 1 1 000 1486205732427
R 30 1 1 001 1486205736636
R 30 1 1 002 1486205738064
R 30 1 1 003 1486205739771
R 30 1 1 004 1486205741677
R 30 1 1 005 1486205744017
R 30 1 1 006 1486205745536
R 30 1 1 007 1486205746674
R 30 1 1 008 1486205747239
R 30 1 1 009 1486205748342
---
R 30 1 2 000 1486206125649
R 30 1 2 001 1486206128785
R 30 1 2 002 1486206128785
R 30 1 2 003 1486206129158
R 30 1 2 004 1486206129158
R 30 1 2 005 1486206129440
R 30 1 2 006 1486206129645
R 30 1 2 007 1486206131099
R 30 1 2 008 1486206132334
R 30 1 2 009 1486206133639
---
W 30 1 2 000 1486206110618
W 30 1 2 001 1486206113623
W 30 1 2 002 1486206120115
W 30 1 2 003 1486206122191
W 30 1 2 004 1486206125010
W 30 1 2 005 1486206126487
W 30 1 2 006 1486206128357
W 30 1 2 007 1486206129954
W 30 1 2 008 1486206131283
W 30 1 2 009 1486206132703
***
W 30 1 3 000 1486206496154
W 30 1 3 001 1486206498240
W 30 1 3 002 1486206509929
W 30 1 3 003 1486206512584
W 30 1 3 004 1486206514632
W 30 1 3 005 1486206516691
W 30 1 3 006 1486206518044
W 30 1 3 007 1486206519655
W 30 1 3 008 1486206521292
W 30 1 3 009 1486206523417
***
R 30 1 3 000 1486206510254
R 30 1 3 001 1486206514368
R 30 1 3 002 1486206516897
R 30 1 3 003 1486206517842
R 30 1 3 004 1486206519497
R 30 1 3 005 1486206520521
R 30 1 3 006 1486206522426
R 30 1 3 007 1486206524136
R 30 1 3 008 1486206524970
R 30 1 3 009 1486206526439
---
R 30 1 4 000 1486206903591
R 30 1 4 001 1486206908646
R 30 1 4 002 1486206910124
R 30 1 4 003 1486206911307
R 30 1 4 004 1486206912075
R 30 1 4 005 1486206912075
R 30 1 4 006 1486206912862
R 30 1 4 007 1486206913161
R 30 1 4 008 1486206914005
R 30 1 4 009 1486206915157
---
W 30 1 4 000 1486206888185
W 30 1 4 001 1486206890970
W 30 1 4 002 1486206899164
W 30 1 4 003 1486206901101
W 30 1 4 004 1486206903256
W 30 1 4 005 1486206905694
W 30 1 4 006 1486206907236
W 30 1 4 007 1486206909266
W 30 1 4 008 1486206910814
W 30 1 4 009 1486206913859
***
W 30 2 1 000 1486207277309
W 30 2 1 001 1486207279181
W 30 2 1 002 1486207287490
W 30 2 1 003 1486207290333
W 30 2 1 004 1486207291758
W 30 2 1 005 1486207293693
W 30 2 1 006 1486207294877
W 30 2 1 007 1486207295851
W 30 2 1 008 1486207296702
W 30 2 1 009 1486207297618
***
R 30 2 1 000 1486207296065
R 30 2 1 001 1486207303038
R 30 2 1 002 1486207303686
R 30 2 1 003 1486207304931
R 30 2 1 004 1486207305218
R 30 2 1 005 1486207305218
R 30 2 1 006 1486207305218
R 30 2 1 007 1486207305569
R 30 2 1 008 1486207305569
R 30 2 1 009 1486207305996
---
W 30 2 2 000 1486207667876
W 30 2 2 001 1486207670645
W 30 2 2 002 1486207683850
W 30 2 2 003 1486207684800
W 30 2 2 004 1486207686347
W 30 2 2 005 1486207687571
W 30 2 2 006 1486207688431
W 30 2 2 007 1486207689328
W 30 2 2 008 1486207690432
W 30 2 2 009 1486207691585
***
R 30 2 2 000 1486207689445
R 30 2 2 001 1486207693448
R 30 2 2 002 1486207693758
R 30 2 2 003 1486207693758
R 30 2 2 004 1486207694046
R 30 2 2 005 1486207694046
R 30 2 2 006 1486207694813
R 30 2 2 007 1486207695355
R 30 2 2 008 1486207696524
R 30 2 2 009 1486207697296
---
W 30 2 3 000 1486208059090
W 30 2 3 001 1486208062155
W 30 2 3 002 1486208069715
W 30 2 3 003 1486208073960
W 30 2 3 004 1486208075571
W 30 2 3 005 1486208076651
W 30 2 3 006 1486208077598
W 30 2 3 007 1486208078705
W 30 2 3 008 1486208079859
W 30 2 3 009 1486208080971
***
R 30 2 3 000 1486208075357
R 30 2 3 001 1486208079755
R 30 2 3 002 1486208080276
R 30 2 3 003 1486208080815
R 30 2 3 004 1486208081017
R 30 2 3 005 1486208081714
R 30 2 3 006 1486208084023
R 30 2 3 007 1486208084835
R 30 2 3 008 1486208085259
R 30 2 3 009 1486208085944
---
W 30 2 4 000 1486208448134
W 30 2 4 001 1486208450830
W 30 2 4 002 1486208458604
W 30 2 4 003 1486208460748
W 30 2 4 004 1486208462360
W 30 2 4 005 1486208464130
W 30 2 4 006 1486208465238
W 30 2 4 007 1486208466849
W 30 2 4 008 1486208467991
W 30 2 4 009 1486208468967
***
R 30 2 4 000 1486208462437
R 30 2 4 001 1486208465296
R 30 2 4 002 1486208465296
R 30 2 4 003 1486208467034
R 30 2 4 004 1486208468219
R 30 2 4 005 1486208469084
R 30 2 4 006 1486208470123
R 30 2 4 007 1486208470465
R 30 2 4 008 1486208470738
R 30 2 4 009 1486208470921
---
W 30 4 1 000 1486208833616
W 30 4 1 001 1486208836087
W 30 4 1 002 1486208848013
W 30 4 1 003 1486208850866
W 30 4 1 004 1486208854125
W 30 4 1 005 1486208855412
W 30 4 1 006 1486208855989
W 30 4 1 007 1486208856775
W 30 4 1 008 1486208857405
W 30 4 1 009 1486208858493
***
R 30 4 1 000 1486208850313
R 30 4 1 001 1486208855508
R 30 4 1 002 1486208857832
R 30 4 1 003 1486208861183
R 30 4 1 004 1486208861834
R 30 4 1 005 1486208862123
R 30 4 1 006 1486208862770
R 30 4 1 007 1486208862856
R 30 4 1 008 1486208862974
R 30 4 1 009 1486208863156
---
W 30 4 2 000 1486209228436
W 30 4 2 001 1486209231233
W 30 4 2 002 1486209239958
W 30 4 2 003 1486209243661
W 30 4 2 004 1486209244929
W 30 4 2 005 1486209245645
W 30 4 2 006 1486209246900
W 30 4 2 007 1486209247565
W 30 4 2 008 1486209248428
W 30 4 2 009 1486209249078
***
R 30 4 2 000 1486209244997
R 30 4 2 001 1486209249086
R 30 4 2 002 1486209250561
R 30 4 2 003 1486209251243
R 30 4 2 004 1486209251767
R 30 4 2 005 1486209252444
R 30 4 2 006 1486209253515
R 30 4 2 007 1486209254189
R 30 4 2 008 1486209254916
R 30 4 2 009 1486209255587
---
W 30 4 3 000 1486209621137
W 30 4 3 001 1486209623625
W 30 4 3 002 1486209637668
W 30 4 3 003 1486209638385
W 30 4 3 004 1486209639026
W 30 4 3 005 1486209639832
W 30 4 3 006 1486209640354
W 30 4 3 007 1486209641068
W 30 4 3 008 1486209642785
W 30 4 3 009 1486209643761
***
R 30 4 3 000 1486209635979
R 30 4 3 001 1486209639312
R 30 4 3 002 1486209641067
R 30 4 3 003 1486209643066
R 30 4 3 004 1486209644636
R 30 4 3 005 1486209645555
R 30 4 3 006 1486209646620
R 30 4 3 007 1486209647074
R 30 4 3 008 1486209647253
R 30 4 3 009 1486209647253
---
W 30 4 4 000 1486210010196
W 30 4 4 001 1486210012714
W 30 4 4 002 1486210021948
W 30 4 4 003 1486210023236
W 30 4 4 004 1486210024345
W 30 4 4 005 1486210025098
W 30 4 4 006 1486210025779
W 30 4 4 007 1486210026581
W 30 4 4 008 1486210027516
W 30 4 4 009 1486210028492
***
R 30 4 4 000 1486210029338
R 30 4 4 001 1486210031184
R 30 4 4 002 1486210031488
R 30 4 4 003 1486210031488
R 30 4 4 004 1486210031663
R 30 4 4 005 1486210031663
R 30 4 4 006 1486210032099
R 30 4 4 007 1486210032560
R 30 4 4 008 1486210032971
R 30 4 4 009 1486210033147
---
W 30 5 1 000 1486210394137
W 30 5 1 001 1486210396676
W 30 5 1 002 1486210408130
W 30 5 1 003 1486210410563
W 30 5 1 004 1486210411603
W 30 5 1 005 1486210412831
W 30 5 1 006 1486210413431
W 30 5 1 007 1486210414288
W 30 5 1 008 1486210414853
W 30 5 1 009 1486210415548
***
R 30 5 1 000 1486210412266
R 30 5 1 001 1486210416657
R 30 5 1 002 1486210416902
R 30 5 1 003 1486210416902
R 30 5 1 004 1486210417606
R 30 5 1 005 1486210418922
R 30 5 1 006 1486210420013
R 30 5 1 007 1486210420600
R 30 5 1 008 1486210421176
R 30 5 1 009 1486210421176
---
W 30 5 2 000 1486210781675
W 30 5 2 001 1486210782483
W 30 5 2 002 1486210792888
W 30 5 2 003 1486210798109
W 30 5 2 004 1486210799238
W 30 5 2 005 1486210799867
W 30 5 2 006 1486210801349
W 30 5 2 007 1486210802108
W 30 5 2 008 1486210802652
W 30 5 2 009 1486210803352
***
R 30 5 2 000 1486210797387
R 30 5 2 001 1486210801430
R 30 5 2 002 1486210801949
R 30 5 2 003 1486210802721
R 30 5 2 004 1486210805219
R 30 5 2 005 1486210806299
R 30 5 2 006 1486210806915
R 30 5 2 007 1486210807524
R 30 5 2 008 1486210807704
R 30 5 2 009 1486210808103
---
W 30 5 3 000 1486211170768
W 30 5 3 001 1486211173340
W 30 5 3 002 1486211182099
W 30 5 3 003 1486211185727
W 30 5 3 004 1486211187584
W 30 5 3 005 1486211189286
W 30 5 3 006 1486211190019
W 30 5 3 007 1486211190989
W 30 5 3 008 1486211191768
W 30 5 3 009 1486211192631
***
R 30 5 3 000 1486211186116
R 30 5 3 001 1486211190928
R 30 5 3 002 1486211193067
R 30 5 3 003 1486211194016
R 30 5 3 004 1486211195152
R 30 5 3 005 1486211195852
R 30 5 3 006 1486211196596
R 30 5 3 007 1486211197192
R 30 5 3 008 1486211197192
R 30 5 3 009 1486211197192
---
W 30 5 4 000 1486211560092
W 30 5 4 001 1486211562685
W 30 5 4 002 1486211573740
W 30 5 4 003 1486211574487
W 30 5 4 004 1486211575227
W 30 5 4 005 1486211576059
W 30 5 4 006 1486211576823
W 30 5 4 007 1486211577506
W 30 5 4 008 1486211578172
W 30 5 4 009 1486211579083
***
R 30 5 4 000 1486211576736
R 30 5 4 001 1486211577927
R 30 5 4 002 1486211578142
R 30 5 4 003 1486211579787
R 30 5 4 004 1486211580797
R 30 5 4 005 1486211581583
R 30 5 4 006 1486211582091
R 30 5 4 007 1486211582091
R 30 5 4 008 1486211582091
R 30 5 4 009 1486211582091
---
W 30 6 1 000 1486211950756
W 30 6 1 001 1486211953804
W 30 6 1 002 1486211959219
W 30 6 1 003 1486211963510
W 30 6 1 004 1486211967323
W 30 6 1 005 1486211967944
W 30 6 1 006 1486211968442
W 30 6 1 007 1486211969416
W 30 6 1 008 1486211970049
W 30 6 1 009 1486211970567
***
R 30 6 1 000 1486211969693
R 30 6 1 001 1486211971477
R 30 6 1 002 1486211972171
R 30 6 1 003 1486211973430
R 30 6 1 004 1486211974229
R 30 6 1 005 1486211975082
R 30 6 1 006 1486211975622
R 30 6 1 007 1486211976150
R 30 6 1 008 1486211976290
R 30 6 1 009 1486211976505
---
W 30 6 2 000 1486212340353
W 30 6 2 001 1486212342373
W 30 6 2 002 1486212355623
W 30 6 2 003 1486212357865
W 30 6 2 004 1486212359194
W 30 6 2 005 1486212360057
W 30 6 2 006 1486212360509
W 30 6 2 007 1486212361389
W 30 6 2 008 1486212362242
W 30 6 2 009 1486212362792
***
R 30 6 2 000 1486212361815
R 30 6 2 001 1486212367105
R 30 6 2 002 1486212367469
R 30 6 2 003 1486212367588
R 30 6 2 004 1486212367938
R 30 6 2 005 1486212367938
R 30 6 2 006 1486212367938
R 30 6 2 007 1486212367938
R 30 6 2 008 1486212367938
R 30 6 2 009 1486212367938
---
W 30 6 3 000 1486212731361
W 30 6 3 001 1486212733383
W 30 6 3 002 1486212740169
W 30 6 3 003 1486212741150
W 30 6 3 004 1486212742042
W 30 6 3 005 1486212743742
W 30 6 3 006 1486212745467
W 30 6 3 007 1486212746198
W 30 6 3 008 1486212746982
W 30 6 3 009 1486212747774
***
R 30 6 3 000 1486212750277
R 30 6 3 001 1486212752161
R 30 6 3 002 1486212752161
R 30 6 3 003 1486212752462
R 30 6 3 004 1486212752462
R 30 6 3 005 1486212752693
R 30 6 3 006 1486212752693
R 30 6 3 007 1486212752693
R 30 6 3 008 1486212752693
R 30 6 3 009 1486212752693
---
W 30 6 4 000 1486213116263
W 30 6 4 001 1486213118601
W 30 6 4 002 1486213129550
W 30 6 4 003 1486213131580
W 30 6 4 004 1486213132818
W 30 6 4 005 1486213133838
W 30 6 4 006 1486213135171
W 30 6 4 007 1486213135832
W 30 6 4 008 1486213136465
W 30 6 4 009 1486213136965
***
R 30 6 4 000 1486213131578
R 30 6 4 001 1486213137427
R 30 6 4 002 1486213137963
R 30 6 4 003 1486213138323
R 30 6 4 004 1486213139263
R 30 6 4 005 1486213140442
R 30 6 4 006 1486213141666
R 30 6 4 007 1486213142049
R 30 6 4 008 1486213142186
R 30 6 4 009 1486213142266
---
W 30 8 1 000 1486213508656
W 30 8 1 001 1486213511100
W 30 8 1 002 1486213521081
W 30 8 1 003 1486213521996
W 30 8 1 004 1486213522977
W 30 8 1 005 1486213524038
W 30 8 1 006 1486213525363
W 30 8 1 007 1486213526652
W 30 8 1 008 1486213527188
W 30 8 1 009 1486213527828
***
R 30 8 1 000 1486213527067
R 30 8 1 001 1486213529245
R 30 8 1 002 1486213529245
R 30 8 1 003 1486213529711
R 30 8 1 004 1486213530280
R 30 8 1 005 1486213531255
R 30 8 1 006 1486213532158
R 30 8 1 007 1486213532707
R 30 8 1 008 1486213533183
R 30 8 1 009 1486213533279
---
W 30 8 2 000 1486213910897
W 30 8 2 001 1486213912884
W 30 8 2 002 1486213922181
W 30 8 2 003 1486213927803
W 30 8 2 004 1486213929514
W 30 8 2 005 1486213930139
W 30 8 2 006 1486213930804
W 30 8 2 007 1486213931117
W 30 8 2 008 1486213932092
W 30 8 2 009 1486213932629
***
R 30 8 2 000 1486213928701
R 30 8 2 001 1486213932399
R 30 8 2 002 1486213933258
R 30 8 2 003 1486213933583
R 30 8 2 004 1486213933775
R 30 8 2 005 1486213934459
R 30 8 2 006 1486213935340
R 30 8 2 007 1486213935983
R 30 8 2 008 1486213937093
R 30 8 2 009 1486213938068
---
W 30 8 3 000 1486214309007
W 30 8 3 001 1486214311578
W 30 8 3 002 1486214324239
W 30 8 3 003 1486214325473
W 30 8 3 004 1486214326000
W 30 8 3 005 1486214327089
W 30 8 3 006 1486214328074
W 30 8 3 007 1486214328950
W 30 8 3 008 1486214329418
W 30 8 3 009 1486214329936
***
R 30 8 3 000 1486214328595
R 30 8 3 001 1486214332266
R 30 8 3 002 1486214332952
R 30 8 3 003 1486214332952
R 30 8 3 004 1486214332952
R 30 8 3 005 1486214333109
R 30 8 3 006 1486214333991
R 30 8 3 007 1486214334787
R 30 8 3 008 1486214335626
R 30 8 3 009 1486214335811
---
W 30 8 4 000 1486214705624
W 30 8 4 001 1486214707840
W 30 8 4 002 1486214716857
W 30 8 4 003 1486214719223
W 30 8 4 004 1486214719930
W 30 8 4 005 1486214720708
W 30 8 4 006 1486214721914
W 30 8 4 007 1486214722598
W 30 8 4 008 1486214723150
W 30 8 4 009 1486214723556
***
R 30 8 4 000 1486214721279
R 30 8 4 001 1486214723960
R 30 8 4 002 1486214724574
R 30 8 4 003 1486214724852
R 30 8 4 004 1486214725200
R 30 8 4 005 1486214725988
R 30 8 4 006 1486214727015
R 30 8 4 007 1486214728147
R 30 8 4 008 1486214729278
R 30 8 4 009 1486214729664
---
W 30 10 1 000 1486215093402
W 30 10 1 001 1486215094139
W 30 10 1 002 1486215105368
W 30 10 1 003 1486215109071
W 30 10 1 004 1486215110359
W 30 10 1 005 1486215110981
W 30 10 1 006 1486215111512
W 30 10 1 007 1486215112049
W 30 10 1 008 1486215112644
W 30 10 1 009 1486215113388
***
R 30 10 1 000 1486215105443
R 30 10 1 001 1486215113613
R 30 10 1 002 1486215114739
R 30 10 1 003 1486215115695
R 30 10 1 004 1486215116015
R 30 10 1 005 1486215116386
R 30 10 1 006 1486215117040
R 30 10 1 007 1486215117797
R 30 10 1 008 1486215118284
R 30 10 1 009 1486215119340
---
W 30 10 2 000 1486215483028
W 30 10 2 001 1486215485932
W 30 10 2 002 1486215488704
W 30 10 2 003 1486215493006
W 30 10 2 004 1486215497442
W 30 10 2 005 1486215498031
W 30 10 2 006 1486215498542
W 30 10 2 007 1486215499158
W 30 10 2 008 1486215499675
W 30 10 2 009 1486215500162
***
R 30 10 2 000 1486215507161
R 30 10 2 001 1486215510824
R 30 10 2 002 1486215510824
R 30 10 2 003 1486215511674
R 30 10 2 004 1486215512763
R 30 10 2 005 1486215512763
R 30 10 2 006 1486215512763
R 30 10 2 007 1486215513080
R 30 10 2 008 1486215513080
R 30 10 2 009 1486215513080
---
W 30 10 3 000 1486215876920
W 30 10 3 001 1486215879251
W 30 10 3 002 1486215889249
W 30 10 3 003 1486215890314
W 30 10 3 004 1486215891328
W 30 10 3 005 1486215892405
W 30 10 3 006 1486215892967
W 30 10 3 007 1486215893346
W 30 10 3 008 1486215894333
W 30 10 3 009 1486215895125
***
R 30 10 3 000 1486215897915
R 30 10 3 001 1486215901203
R 30 10 3 002 1486215902279
R 30 10 3 003 1486215902723
R 30 10 3 004 1486215903198
R 30 10 3 005 1486215903372
R 30 10 3 006 1486215903582
R 30 10 3 007 1486215903582
R 30 10 3 008 1486215903582
R 30 10 3 009 1486215903738
---
W 30 10 4 000 1486216270083
W 30 10 4 001 1486216272089
W 30 10 4 002 1486216280813
W 30 10 4 003 1486216282816
W 30 10 4 004 1486216283794
W 30 10 4 005 1486216286597
W 30 10 4 006 1486216287305
W 30 10 4 007 1486216288556
W 30 10 4 008 1486216289288
W 30 10 4 009 1486216290140
***
R 30 10 4 000 1486216288039
R 30 10 4 001 1486216292184
R 30 10 4 002 1486216293265
R 30 10 4 003 1486216295067
R 30 10 4 004 1486216296592
R 30 10 4 005 1486216297259
R 30 10 4 006 1486216297259
R 30 10 4 007 1486216297348
R 30 10 4 008 1486216297348
R 30 10 4 009 1486216297348
---
W 40 1 1 000 1486217244691
W 40 1 1 001 1486217248498
W 40 1 1 002 1486217251784
W 40 1 1 003 1486217256253
W 40 1 1 004 1486217262836
W 40 1 1 005 1486217264689
W 40 1 1 006 1486217266249
W 40 1 1 007 1486217267838
W 40 1 1 008 1486217269573
W 40 1 1 009 1486217271666
***
R 40 1 1 000 1486217264477
R 40 1 1 001 1486217267338
R 40 1 1 002 1486217267509
R 40 1 1 003 1486217267509
R 40 1 1 004 1486217268486
R 40 1 1 005 1486217269741
R 40 1 1 006 1486217270592
R 40 1 1 007 1486217272277
R 40 1 1 008 1486217273347
R 40 1 1 009 1486217274896
---
R 40 1 2 000 1486217771211
R 40 1 2 001 1486217774023
R 40 1 2 002 1486217774716
R 40 1 2 003 1486217777581
R 40 1 2 004 1486217777581
R 40 1 2 005 1486217777616
R 40 1 2 006 1486217777616
R 40 1 2 007 1486217779876
R 40 1 2 008 1486217781532
R 40 1 2 009 1486217782816
---
W 40 1 2 000 1486217751422
W 40 1 2 001 1486217754878
W 40 1 2 002 1486217768297
W 40 1 2 003 1486217770026
W 40 1 2 004 1486217771518
W 40 1 2 005 1486217773141
W 40 1 2 006 1486217775216
W 40 1 2 007 1486217778585
W 40 1 2 008 1486217779986
W 40 1 2 009 1486217781447
***
W 40 1 3 000 1486218254457
W 40 1 3 001 1486218257627
W 40 1 3 002 1486218268960
W 40 1 3 003 1486218270445
W 40 1 3 004 1486218272123
W 40 1 3 005 1486218273730
W 40 1 3 006 1486218275270
W 40 1 3 007 1486218276944
W 40 1 3 008 1486218279124
W 40 1 3 009 1486218280713
***
R 40 1 3 000 1486218270517
R 40 1 3 001 1486218274562
R 40 1 3 002 1486218274774
R 40 1 3 003 1486218274774
R 40 1 3 004 1486218275093
R 40 1 3 005 1486218275446
R 40 1 3 006 1486218277535
R 40 1 3 007 1486218279071
R 40 1 3 008 1486218280840
R 40 1 3 009 1486218282307
---
W 40 1 4 000 1486218750433
W 40 1 4 001 1486218754017
W 40 1 4 002 1486218768639
W 40 1 4 003 1486218770310
W 40 1 4 004 1486218772103
W 40 1 4 005 1486218774064
W 40 1 4 006 1486218775613
W 40 1 4 007 1486218777235
W 40 1 4 008 1486218779466
W 40 1 4 009 1486218781256
***
R 40 1 4 000 1486218769847
R 40 1 4 001 1486218774250
R 40 1 4 002 1486218775901
R 40 1 4 003 1486218776064
R 40 1 4 004 1486218776181
R 40 1 4 005 1486218777528
R 40 1 4 006 1486218779295
R 40 1 4 007 1486218779895
R 40 1 4 008 1486218781447
R 40 1 4 009 1486218783133
---
W 50 1 1 000 1486219357950
W 50 1 1 001 1486219361584
W 50 1 1 002 1486219376581
W 50 1 1 003 1486219379687
W 50 1 1 004 1486219381515
W 50 1 1 005 1486219383044
W 50 1 1 006 1486219388166
W 50 1 1 007 1486219390140
W 50 1 1 008 1486219391632
W 50 1 1 009 1486219393245
***
R 50 1 1 000 1486219394761
R 50 1 1 001 1486219401350
R 50 1 1 002 1486219402948
R 50 1 1 003 1486219403434
R 50 1 1 004 1486219403748
R 50 1 1 005 1486219404645
R 50 1 1 006 1486219404645
R 50 1 1 007 1486219404995
R 50 1 1 008 1486219404995
R 50 1 1 009 1486219404995
---
W 50 1 2 000 1486219983532
W 50 1 2 001 1486219989307
W 50 1 2 002 1486220007238
W 50 1 2 003 1486220009555
W 50 1 2 004 1486220011308
W 50 1 2 005 1486220012939
W 50 1 2 006 1486220014571
W 50 1 2 007 1486220015990
W 50 1 2 008 1486220017394
W 50 1 2 009 1486220019183
***
R 50 1 2 000 1486220013679
R 50 1 2 001 1486220023017
R 50 1 2 002 1486220024141
R 50 1 2 003 1486220024961
R 50 1 2 004 1486220025238
R 50 1 2 005 1486220025373
R 50 1 2 006 1486220025687
R 50 1 2 007 1486220026606
R 50 1 2 008 1486220026970
R 50 1 2 009 1486220027498
---
W 50 1 3 000 1486220608784
W 50 1 3 001 1486220613322
W 50 1 3 002 1486220635399
W 50 1 3 003 1486220637018
W 50 1 3 004 1486220638343
W 50 1 3 005 1486220640995
W 50 1 3 006 1486220642784
W 50 1 3 007 1486220644538
W 50 1 3 008 1486220646206
W 50 1 3 009 1486220648512
***
R 50 1 3 000 1486220639397
R 50 1 3 001 1486220647067
R 50 1 3 002 1486220647331
R 50 1 3 003 1486220647434
R 50 1 3 004 1486220648754
R 50 1 3 005 1486220649121
R 50 1 3 006 1486220649811
R 50 1 3 007 1486220650173
R 50 1 3 008 1486220651186
R 50 1 3 009 1486220651940
---
W 50 1 4 000 1486221229991
W 50 1 4 001 1486221231544
W 50 1 4 002 1486221249236
W 50 1 4 003 1486221253617
W 50 1 4 004 1486221255395
W 50 1 4 005 1486221257212
W 50 1 4 006 1486221258567
W 50 1 4 007 1486221259941
W 50 1 4 008 1486221261627
W 50 1 4 009 1486221263233
***
R 50 1 4 000 1486221253449
R 50 1 4 001 1486221271647
R 50 1 4 002 1486221272263
R 50 1 4 003 1486221272636
R 50 1 4 004 1486221272829
R 50 1 4 005 1486221273106
R 50 1 4 006 1486221273952
R 50 1 4 007 1486221274285
R 50 1 4 008 1486221274285
R 50 1 4 009 1486221274285
---
