user speed delay
1 1 457
1 1 523
1 1 454
1 1 481
1 1 434
1 1 324
1 1 260
1 1 339
1 1 456
1 1 251
1 1 333
1 1 532
1 1 425
1 1 476
1 1 484
1 1 362
1 1 303
1 1 281
1 1 417
1 1 255
1 1 296
1 1 536
1 1 400
1 1 721
1 1 345
1 1 437
1 1 342
1 1 303
1 1 311
1 1 253
1 1 300
1 1 400
1 1 418
1 1 578
1 1 402
1 1 290
1 1 376
1 1 329
1 1 372
1 1 237
1 2 362
1 2 329
1 2 318
1 2 520
1 2 294
1 2 333
1 2 297
1 2 324
1 2 421
1 2 259
1 2 351
1 2 416
1 2 455
1 2 465
1 2 326
1 2 354
1 2 468
1 2 314
1 2 372
1 2 227
1 2 343
1 2 495
1 2 352
1 2 472
1 2 305
1 2 303
1 2 287
1 2 292
1 2 450
1 2 342
1 2 393
1 2 494
1 2 316
1 2 585
1 2 318
1 2 346
1 2 355
1 2 292
1 2 298
1 2 229
1 4 383
1 4 628
1 4 537
1 4 891
1 4 772
1 4 561
1 4 362
1 4 286
1 4 459
1 4 228
1 4 510
1 4 701
1 4 659
1 4 813
1 4 556
1 4 448
1 4 311
1 4 257
1 4 337
1 4 240
1 4 441
1 4 611
1 4 467
1 4 603
1 4 336
1 4 395
1 4 290
1 4 292
1 4 419
1 4 278
1 4 335
1 4 456
1 4 526
1 4 532
1 4 398
1 4 299
1 4 334
1 4 471
1 4 318
1 4 322
1 5 362
1 5 595
1 5 494
1 5 503
1 5 470
1 5 392
1 5 370
1 5 298
1 5 354
1 5 262
1 5 278
1 5 502
1 5 536
1 5 636
1 5 658
1 5 357
1 5 400
1 5 504
1 5 502
1 5 339
1 5 429
1 5 473
1 5 568
1 5 751
1 5 589
1 5 487
1 5 442
1 5 435
1 5 340
1 5 254
1 5 399
1 5 542
1 5 600
1 5 923
1 5 748
1 5 516
1 5 441
1 5 581
1 5 408
1 5 331
1 6 390
1 6 501
1 6 503
1 6 850
1 6 805
1 6 694
1 6 699
1 6 640
1 6 561
1 6 487
1 6 468
1 6 457
1 6 494
1 6 655
1 6 591
1 6 462
1 6 349
1 6 364
1 6 412
1 6 319
1 6 402
1 6 480
1 6 551
1 6 715
1 6 603
1 6 686
1 6 599
1 6 667
1 6 591
1 6 449
1 6 422
1 6 1070
1 6 1191
1 6 1218
1 6 1172
1 6 1128
1 6 1049
1 6 1133
1 6 1324
1 6 1154
1 8 367
1 8 692
1 8 772
1 8 1016
1 8 1126
1 8 1237
1 8 1109
1 8 1056
1 8 1032
1 8 882
1 8 380
1 8 599
1 8 681
1 8 912
1 8 1069
1 8 1250
1 8 1186
1 8 1138
1 8 1070
1 8 836
1 8 386
1 8 606
1 8 595
1 8 900
1 8 858
1 8 753
1 8 700
1 8 698
1 8 699
1 8 852
1 8 307
1 8 541
1 8 551
1 8 876
1 8 1021
1 8 845
1 8 838
1 8 759
1 8 724
1 8 604
1 10 319
1 10 556
1 10 835
1 10 1116
1 10 1085
1 10 1047
1 10 962
1 10 993
1 10 892
1 10 808
1 10 371
1 10 773
1 10 887
1 10 1160
1 10 1310
1 10 1377
1 10 1090
1 10 1079
1 10 984
1 10 898
1 10 465
1 10 500
1 10 734
1 10 1064
1 10 1023
1 10 1130
1 10 992
1 10 986
1 10 969
1 10 869
1 10 456
1 10 788
1 10 970
1 10 1017
1 10 1067
1 10 1139
1 10 973
1 10 994
1 10 903
1 10 797
2 1 489
2 1 582
2 1 557
2 1 500
2 1 407
2 1 423
2 1 299
2 1 299
2 1 370
2 1 450
2 1 608
2 1 633
2 1 519
2 1 598
2 1 402
2 1 569
2 1 463
2 1 499
2 1 326
2 1 299
2 1 513
2 1 730
2 1 592
2 1 884
2 1 494
2 1 665
2 1 458
2 1 482
2 1 545
2 1 436
2 1 510
2 1 532
2 1 653
2 1 667
2 1 667
2 1 500
2 1 388
2 1 402
2 1 428
2 1 437
2 2 618
2 2 605
2 2 610
2 2 544
2 2 444
2 2 320
2 2 394
2 2 391
2 2 562
2 2 474
2 2 592
2 2 656
2 2 734
2 2 518
2 2 371
2 2 439
2 2 542
2 2 542
2 2 330
2 2 304
2 2 487
2 2 502
2 2 586
2 2 504
2 2 566
2 2 536
2 2 427
2 2 366
2 2 371
2 2 333
2 2 507
2 2 606
2 2 674
2 2 450
2 2 536
2 2 528
2 2 426
2 2 571
2 2 399
2 2 572
2 4 833
2 4 839
2 4 1036
2 4 717
2 4 878
2 4 880
2 4 577
2 4 702
2 4 557
2 4 402
2 4 721
2 4 894
2 4 1372
2 4 1035
2 4 973
2 4 973
2 4 689
2 4 859
2 4 851
2 4 644
2 4 527
2 4 716
2 4 657
2 4 890
2 4 884
2 4 1152
2 4 790
2 4 615
2 4 671
2 4 350
2 4 811
2 4 1058
2 4 1352
2 4 1443
2 4 1648
2 4 1431
2 4 1185
2 4 1030
2 4 1060
2 4 788
2 5 657
2 5 1026
2 5 1539
2 5 1573
2 5 1706
2 5 1793
2 5 1783
2 5 1809
2 5 1645
2 5 1368
2 5 500
2 5 1108
2 5 1594
2 5 1663
2 5 1614
2 5 1653
2 5 1241
2 5 1137
2 5 1191
2 5 809
2 5 753
2 5 874
2 5 1036
2 5 1025
2 5 1025
2 5 1116
2 5 1282
2 5 1378
2 5 1332
2 5 1000
2 5 577
2 5 905
2 5 1102
2 5 1542
2 5 1478
2 5 1271
2 5 1390
2 5 1298
2 5 1098
2 5 1049
2 6 567
2 6 1232
2 6 1314
2 6 1208
2 6 1422
2 6 1452
2 6 1265
2 6 1324
2 6 1220
2 6 944
2 6 525
2 6 953
2 6 1790
2 6 1710
2 6 1851
2 6 1653
2 6 1679
2 6 1606
2 6 1271
2 6 1005
2 6 647
2 6 1143
2 6 1384
2 6 1751
2 6 1605
2 6 1459
2 6 1438
2 6 1387
2 6 1061
2 6 1033
2 6 410
2 6 1078
2 6 1790
2 6 1499
2 6 1431
2 6 1350
2 6 1272
2 6 1257
2 6 1212
2 6 926
2 8 534
2 8 1840
2 8 1994
2 8 2307
2 8 2209
2 8 2214
2 8 1877
2 8 2094
2 8 1750
2 8 1342
2 8 572
2 8 1127
2 8 1300
2 8 1318
2 8 1562
2 8 1465
2 8 1486
2 8 1313
2 8 1220
2 8 1151
2 8 421
2 8 1080
2 8 1417
2 8 1658
2 8 1900
2 8 1772
2 8 1570
2 8 1461
2 8 1204
2 8 1052
2 8 552
2 8 1539
2 8 1667
2 8 1948
2 8 2001
2 8 1950
2 8 2048
2 8 2024
2 8 1824
2 8 1509
2 10 514
2 10 1674
2 10 1874
2 10 2233
2 10 2193
2 10 2166
2 10 2185
2 10 2298
2 10 2183
2 10 2091
2 10 661
2 10 1467
2 10 1995
2 10 2052
2 10 2153
2 10 1899
2 10 1878
2 10 1860
2 10 1766
2 10 1651
2 10 620
2 10 1582
2 10 2023
2 10 1916
2 10 2109
2 10 1819
2 10 1735
2 10 1658
2 10 1617
2 10 1395
2 10 630
2 10 1176
2 10 1863
2 10 2114
2 10 1791
2 10 1874
2 10 1762
2 10 1634
2 10 1750
2 10 1537
5 1 1589
5 1 2929
5 1 2717
5 1 1387
5 1 1054
5 1 724
5 1 604
5 1 847
5 1 864
5 1 978
5 1 1326
5 1 2057
5 1 2536
5 1 2597
5 1 1473
5 1 802
5 1 686
5 1 584
5 1 697
5 1 681
5 1 1465
5 1 3003
5 1 2874
5 1 2233
5 1 1793
5 1 1137
5 1 1142
5 1 1210
5 1 661
5 1 958
5 1 1356
5 1 3364
5 1 2846
5 1 1887
5 1 1892
5 1 1188
5 1 1041
5 1 957
5 1 619
5 1 838
5 2 1179
5 2 5242
5 2 6328
5 2 5008
5 2 4527
5 2 4037
5 2 3586
5 2 3224
5 2 2917
5 2 2318
5 2 1192
5 2 5772
5 2 5925
5 2 5075
5 2 3774
5 2 2674
5 2 1858
5 2 2565
5 2 2270
5 2 1701
5 2 1520
5 2 6037
5 2 6140
5 2 5879
5 2 5459
5 2 5759
5 2 5133
5 2 4392
5 2 3766
5 2 3159
5 2 1467
5 2 6057
5 2 6259
5 2 4766
5 2 3486
5 2 4132
5 2 3549
5 2 3480
5 2 3243
5 2 2329
5 4 2171
5 4 6213
5 4 6728
5 4 6769
5 4 6658
5 4 6003
5 4 4798
5 4 4751
5 4 4739
5 4 4392
5 4 1463
5 4 6704
5 4 5478
5 4 4771
5 4 4285
5 4 3949
5 4 3813
5 4 3672
5 4 3221
5 4 2742
5 4 1477
5 4 6024
5 4 6212
5 4 6763
5 4 6407
5 4 6404
5 4 5904
5 4 5728
5 4 4784
5 4 3822
5 4 1651
5 4 5098
5 4 6079
5 4 6269
5 4 6537
5 4 6403
5 4 5284
5 4 4310
5 4 3282
5 4 2953
5 5 1818
5 5 5458
5 5 6450
5 5 6892
5 5 5627
5 5 5379
5 5 4897
5 5 4710
5 5 4203
5 5 3645
5 5 2085
5 5 5548
5 5 6624
5 5 7146
5 5 7353
5 5 6211
5 5 5048
5 5 4803
5 5 4671
5 5 4062
5 5 1279
5 5 7117
5 5 6010
5 5 4101
5 5 3932
5 5 4440
5 5 4120
5 5 3553
5 5 3129
5 5 2702
5 5 1608
5 5 5754
5 5 7245
5 5 7859
5 5 6463
5 5 4774
5 5 4263
5 5 3792
5 5 3948
5 5 3540
5 6 1840
5 6 5827
5 6 6972
5 6 6572
5 6 7449
5 6 7035
5 6 6857
5 6 6046
5 6 5297
5 6 4323
5 6 1697
5 6 4710
5 6 6655
5 6 7196
5 6 7699
5 6 6553
5 6 5611
5 6 4486
5 6 3942
5 6 3228
5 6 1647
5 6 5447
5 6 6431
5 6 5669
5 6 4501
5 6 4357
5 6 4316
5 6 3792
5 6 3359
5 6 2535
5 6 1484
5 6 6076
5 6 7976
5 6 7571
5 6 6449
5 6 5481
5 6 4602
5 6 4639
5 6 3915
5 6 3527
5 8 2431
5 8 5604
5 8 5254
5 8 5196
5 8 4930
5 8 4295
5 8 3833
5 8 3944
5 8 3350
5 8 2941
5 8 2672
5 8 6539
5 8 7434
5 8 8691
5 8 8077
5 8 7055
5 8 6871
5 8 5726
5 8 4608
5 8 3861
5 8 2296
5 8 5544
5 8 5931
5 8 6758
5 8 7486
5 8 6255
5 8 5407
5 8 5218
5 8 4595
5 8 3618
5 8 2211
5 8 6482
5 8 6326
5 8 5904
5 8 5101
5 8 4111
5 8 3908
5 8 4247
5 8 4017
5 8 3462
5 10 1859
5 10 6711
5 10 7381
5 10 7814
5 10 7056
5 10 6357
5 10 5620
5 10 5137
5 10 4450
5 10 3844
5 10 1964
5 10 5943
5 10 5801
5 10 5759
5 10 4399
5 10 4609
5 10 4853
5 10 4182
5 10 3757
5 10 3526
5 10 1634
5 10 7868
5 10 8962
5 10 9103
5 10 7638
5 10 6001
5 10 6028
5 10 5092
5 10 4446
5 10 3708
5 10 1179
5 10 6308
5 10 6559
5 10 7125
5 10 5923
5 10 4777
5 10 4415
5 10 4019
5 10 3786
5 10 3376
10 1 4345
10 1 5283
10 1 2957
10 1 1084
10 1 1190
10 1 1290
10 1 1326
10 1 1467
10 1 1002
10 1 815
10 1 6067
10 1 6515
10 1 4281
10 1 3786
10 1 3067
10 1 2353
10 1 1813
10 1 1794
10 1 2522
10 1 1240
10 1 3761
10 1 6498
10 1 4113
10 1 2993
10 1 1659
10 1 757
10 1 800
10 1 965
10 1 1119
10 1 1061
10 1 3650
10 1 4962
10 1 3857
10 1 2440
10 1 1813
10 1 995
10 1 985
10 1 780
10 1 1088
10 1 1238
10 2 7544
10 2 8300
10 2 5707
10 2 5124
10 2 4736
10 2 6823
10 2 7582
10 2 6619
10 2 5873
10 2 4896
10 2 4468
10 2 6501
10 2 3361
10 2 3516
10 2 2831
10 2 2335
10 2 2320
10 2 2758
10 2 2397
10 2 1847
10 2 3887
10 2 7273
10 2 6095
10 2 4955
10 2 4653
10 2 4511
10 2 3248
10 2 2610
10 2 2506
10 2 2286
10 2 5488
10 2 7605
10 2 5761
10 2 5128
10 2 5879
10 2 7320
10 2 6552
10 2 5401
10 2 4211
10 2 3076
10 4 5581
10 4 6505
10 4 5064
10 4 3682
10 4 3697
10 4 2953
10 4 3331
10 4 3615
10 4 3752
10 4 3481
10 4 3960
10 4 7318
10 4 7221
10 4 7349
10 4 6177
10 4 6091
10 4 5625
10 4 5023
10 4 4474
10 4 4045
10 4 5016
10 4 7493
10 4 4748
10 4 2518
10 4 2324
10 4 1995
10 4 2100
10 4 2998
10 4 2802
10 4 2026
10 4 3874
10 4 5808
10 4 3530
10 4 4373
10 4 4220
10 4 4403
10 4 4407
10 4 3814
10 4 3305
10 4 2573
10 5 4251
10 5 9248
10 5 8592
10 5 8453
10 5 7769
10 5 7828
10 5 7015
10 5 6296
10 5 5400
10 5 4128
10 5 7045
10 5 9472
10 5 5788
10 5 5328
10 5 4366
10 5 4432
10 5 4336
10 5 3916
10 5 3921
10 5 3091
10 5 3708
10 5 6172
10 5 4828
10 5 3961
10 5 4279
10 5 5115
10 5 5426
10 5 4477
10 5 3721
10 5 3055
10 5 3784
10 5 7498
10 5 4882
10 5 6839
10 5 8227
10 5 8552
10 5 7906
10 5 6821
10 5 5696
10 5 5006
10 6 4515
10 6 6622
10 6 4854
10 6 4979
10 6 5564
10 6 5690
10 6 5497
10 6 5366
10 6 5036
10 6 4646
10 6 3716
10 6 8130
10 6 8367
10 6 8957
10 6 8627
10 6 8124
10 6 7189
10 6 7055
10 6 6600
10 6 5925
10 6 5873
10 6 7317
10 6 4410
10 6 3861
10 6 3931
10 6 5527
10 6 6079
10 6 5274
10 6 4299
10 6 3338
10 6 4524
10 6 6320
10 6 3893
10 6 3538
10 6 3825
10 6 4388
10 6 3845
10 6 3043
10 6 3247
10 6 3440
10 8 3639
10 8 9167
10 8 7441
10 8 7971
10 8 6979
10 8 6738
10 8 6206
10 8 4768
10 8 2732
10 8 1978
10 8 6738
10 8 8947
10 8 7092
10 8 6682
10 8 7120
10 8 7471
10 8 7562
10 8 7097
10 8 6200
10 8 5451
10 8 5477
10 8 7676
10 8 6390
10 8 6522
10 8 5602
10 8 5373
10 8 4996
10 8 4788
10 8 3806
10 8 3111
10 8 6894
10 8 9899
10 8 5149
10 8 6708
10 8 6267
10 8 7489
10 8 7150
10 8 6573
10 8 4989
10 8 4427
10 10 4641
10 10 7750
10 10 5283
10 10 4939
10 10 5037
10 10 4869
10 10 4186
10 10 3498
10 10 3688
10 10 3017
10 10 5333
10 10 8993
10 10 8603
10 10 8890
10 10 9627
10 10 8367
10 10 6905
10 10 6384
10 10 4777
10 10 3366
10 10 5100
10 10 7211
10 10 5740
10 10 5434
10 10 5580
10 10 4984
10 10 4301
10 10 4219
10 10 4125
10 10 3502
10 10 6634
10 10 7939
10 10 5829
10 10 4861
10 10 6233
10 10 6856
10 10 6806
10 10 5846
10 10 4611
10 10 3250
20 1 10558
20 1 12527
20 1 8266
20 1 5990
20 1 4629
20 1 3976
20 1 2930
20 1 1647
20 1 995
20 1 795
20 1 7429
20 1 7798
20 1 4200
20 1 2511
20 1 4003
20 1 2327
20 1 1066
20 1 1374
20 1 1802
20 1 1324
20 1 6578
20 1 9127
20 1 8169
20 1 5229
20 1 4622
20 1 3002
20 1 2454
20 1 1242
20 1 830
20 1 850
20 1 8145
20 1 7449
20 1 5247
20 1 4520
20 1 3321
20 1 2571
20 1 2248
20 1 1597
20 1 874
20 1 1388
20 2 9321
20 2 9447
20 2 5938
20 2 7339
20 2 8478
20 2 6911
20 2 6291
20 2 5719
20 2 4630
20 2 3384
20 2 10800
20 2 12143
20 2 6672
20 2 6305
20 2 4803
20 2 3909
20 2 2849
20 2 3167
20 2 2807
20 2 2451
20 2 10069
20 2 10834
20 2 5589
20 2 5350
20 2 5731
20 2 6073
20 2 5626
20 2 4796
20 2 3715
20 2 2486
20 2 11655
20 2 13218
20 2 6015
20 2 5630
20 2 4908
20 2 4312
20 2 3232
20 2 2863
20 2 2228
20 2 1569
20 4 6650
20 4 11754
20 4 6017
20 4 5533
20 4 5379
20 4 4465
20 4 5523
20 4 5241
20 4 4155
20 4 2849
20 4 7100
20 4 11380
20 4 9344
20 4 7770
20 4 6755
20 4 6662
20 4 6319
20 4 5633
20 4 4902
20 4 3938
20 4 13022
20 4 14191
20 4 5243
20 4 4833
20 4 5712
20 4 5250
20 4 5124
20 4 5326
20 4 4958
20 4 4550
20 4 11514
20 4 17012
20 4 13168
20 4 10675
20 4 9509
20 4 8498
20 4 7211
20 4 5848
20 4 4723
20 4 3904
20 5 8428
20 5 9179
20 5 4194
20 5 5707
20 5 6168
20 5 6365
20 5 5945
20 5 4547
20 5 3107
20 5 1859
20 5 11990
20 5 12252
20 5 9635
20 5 7614
20 5 7442
20 5 7286
20 5 6344
20 5 5421
20 5 4742
20 5 3626
20 5 8886
20 5 11157
20 5 7911
20 5 6922
20 5 6744
20 5 6183
20 5 5568
20 5 4492
20 5 3419
20 5 2713
20 5 10036
20 5 12072
20 5 10118
20 5 7076
20 5 6588
20 5 5581
20 5 5144
20 5 4511
20 5 3688
20 5 2948
20 6 13010
20 6 14395
20 6 8118
20 6 6163
20 6 4469
20 6 4660
20 6 4414
20 6 4474
20 6 4074
20 6 3369
20 6 6680
20 6 11463
20 6 5304
20 6 5518
20 6 6127
20 6 6308
20 6 5676
20 6 5769
20 6 4987
20 6 4067
20 6 11786
20 6 15168
20 6 4270
20 6 3814
20 6 4778
20 6 5065
20 6 4758
20 6 5190
20 6 5254
20 6 5424
20 6 11120
20 6 13866
20 6 9477
20 6 7650
20 6 7245
20 6 5783
20 6 5286
20 6 5713
20 6 5963
20 6 5957
20 8 9301
20 8 8916
20 8 6180
20 8 7598
20 8 8226
20 8 7548
20 8 6032
20 8 5798
20 8 4910
20 8 4070
20 8 12771
20 8 15323
20 8 5209
20 8 5586
20 8 5600
20 8 5293
20 8 5251
20 8 4613
20 8 4262
20 8 3619
20 8 8545
20 8 8019
20 8 6791
20 8 7171
20 8 7823
20 8 7797
20 8 7319
20 8 6124
20 8 5651
20 8 4598
20 8 10000
20 8 9288
20 8 4568
20 8 6966
20 8 6439
20 8 6007
20 8 4773
20 8 3480
20 8 2429
20 8 1844
20 10 11992
20 10 16655
20 10 11130
20 10 9870
20 10 7965
20 10 6062
20 10 5447
20 10 4709
20 10 4024
20 10 4064
20 10 8133
20 10 11082
20 10 6858
20 10 6905
20 10 6823
20 10 6157
20 10 4856
20 10 4183
20 10 3808
20 10 3255
20 10 11626
20 10 12180
20 10 4665
20 10 4939
20 10 5209
20 10 5469
20 10 4260
20 10 3803
20 10 3234
20 10 2550
20 10 10031
20 10 12189
20 10 6661
20 10 6686
20 10 7846
20 10 7329
20 10 6453
20 10 5347
20 10 4429
20 10 3406
30 1 17604
30 1 18937
30 1 8656
30 1 8494
30 1 8134
30 1 7985
30 1 8134
30 1 7643
30 1 6762
30 1 6263
30 1 15031
30 1 15162
30 1 8670
30 1 6967
30 1 4148
30 1 2953
30 1 1288
30 1 1145
30 1 1051
30 1 936
30 1 14100
30 1 16128
30 1 6968
30 1 5258
30 1 4865
30 1 3830
30 1 4382
30 1 4481
30 1 3678
30 1 3022
30 1 15406
30 1 17676
30 1 10960
30 1 10206
30 1 8819
30 1 6381
30 1 5626
30 1 3895
30 1 3191
30 1 1298
30 2 18756
30 2 23857
30 2 16196
30 2 14598
30 2 13460
30 2 11525
30 2 10341
30 2 9718
30 2 8867
30 2 8378
30 2 21569
30 2 22803
30 2 9908
30 2 8958
30 2 7699
30 2 6475
30 2 6382
30 2 6027
30 2 6092
30 2 5711
30 2 16267
30 2 17600
30 2 10561
30 2 6855
30 2 5446
30 2 5063
30 2 6425
30 2 6130
30 2 5400
30 2 4973
30 2 14303
30 2 14466
30 2 6692
30 2 6286
30 2 5859
30 2 4954
30 2 4885
30 2 3616
30 2 2747
30 2 1954
30 4 16697
30 4 19421
30 4 9819
30 4 10317
30 4 7709
30 4 6711
30 4 6781
30 4 6081
30 4 5569
30 4 4663
30 4 16561
30 4 17853
30 4 10603
30 4 7582
30 4 6838
30 4 6799
30 4 6615
30 4 6624
30 4 6488
30 4 6509
30 4 14842
30 4 15687
30 4 3399
30 4 4681
30 4 5610
30 4 5723
30 4 6266
30 4 6006
30 4 4468
30 4 3492
30 4 19142
30 4 18470
30 4 9540
30 4 8252
30 4 7318
30 4 6565
30 4 6320
30 4 5979
30 4 5455
30 4 4655
30 5 18129
30 5 19981
30 5 8772
30 5 6339
30 5 6003
30 5 6091
30 5 6582
30 5 6312
30 5 6323
30 5 5628
30 5 15712
30 5 18947
30 5 9061
30 5 4612
30 5 5981
30 5 6432
30 5 5566
30 5 5416
30 5 5052
30 5 4751
30 5 15348
30 5 17588
30 5 10968
30 5 8289
30 5 7568
30 5 6566
30 5 6577
30 5 6203
30 5 5424
30 5 4561
30 5 16644
30 5 15242
30 5 4402
30 5 5300
30 5 5570
30 5 5524
30 5 5268
30 5 4585
30 5 3919
30 5 3008
30 6 18937
30 6 17673
30 6 12952
30 6 9920
30 6 6906
30 6 7138
30 6 7180
30 6 6734
30 6 6241
30 6 5938
30 6 21462
30 6 24732
30 6 11846
30 6 9723
30 6 8744
30 6 7881
30 6 7429
30 6 6549
30 6 5696
30 6 5146
30 6 18916
30 6 18778
30 6 11992
30 6 11312
30 6 10420
30 6 8951
30 6 7226
30 6 6495
30 6 5711
30 6 4919
30 6 15315
30 6 18826
30 6 8413
30 6 6743
30 6 6445
30 6 6604
30 6 6495
30 6 6217
30 6 5721
30 6 5301
30 8 18411
30 8 18145
30 8 8164
30 8 7715
30 8 7303
30 8 7217
30 8 6795
30 8 6055
30 8 5995
30 8 5451
30 8 17804
30 8 19515
30 8 11077
30 8 5780
30 8 4261
30 8 4320
30 8 4536
30 8 4866
30 8 5001
30 8 5439
30 8 19588
30 8 20688
30 8 8713
30 8 7479
30 8 6952
30 8 6020
30 8 5917
30 8 5837
30 8 6208
30 8 5875
30 8 15655
30 8 16120
30 8 7717
30 8 5629
30 8 5270
30 8 5280
30 8 5101
30 8 5549
30 8 6128
30 8 6108
30 10 12041
30 10 19474
30 10 9371
30 10 6624
30 10 5656
30 10 5405
30 10 5528
30 10 5748
30 10 5640
30 10 5952
30 10 24133
30 10 24892
30 10 22120
30 10 18668
30 10 15321
30 10 14732
30 10 14221
30 10 13922
30 10 13405
30 10 12918
30 10 20995
30 10 21952
30 10 13030
30 10 12409
30 10 11870
30 10 10967
30 10 10615
30 10 10236
30 10 9249
30 10 8613
30 10 17956
30 10 20095
30 10 12452
30 10 12251
30 10 12798
30 10 10662
30 10 9954
30 10 8792
30 10 8060
30 10 7208
40 1 19786
40 1 18840
40 1 15725
40 1 11256
40 1 5650
40 1 5052
40 1 4343
40 1 4439
40 1 3774
40 1 3230
40 1 19789
40 1 19145
40 1 6419
40 1 7555
40 1 6063
40 1 4475
40 1 2400
40 1 1291
40 1 1546
40 1 1369
40 1 16060
40 1 16935
40 1 5814
40 1 4329
40 1 2970
40 1 1716
40 1 2265
40 1 2127
40 1 1716
40 1 1594
40 1 19414
40 1 20233
40 1 7262
40 1 5754
40 1 4078
40 1 3464
40 1 3682
40 1 2660
40 1 1981
40 1 1877
40 2 21175
40 2 23711
40 2 6167
40 2 5057
40 2 6262
40 2 6730
40 2 6131
40 2 5678
40 2 4543
40 2 4396
40 2 18741
40 2 23132
40 2 11520
40 2 8741
40 2 5690
40 2 6508
40 2 7242
40 2 6627
40 2 6697
40 2 6225
40 2 17915
40 2 20899
40 2 18664
40 2 11371
40 2 11043
40 2 10924
40 2 11370
40 2 10593
40 2 9088
40 2 7274
40 2 22014
40 2 23471
40 2 11621
40 2 11207
40 2 10702
40 2 9817
40 2 9543
40 2 8506
40 2 7340
40 2 6323
40 4 14588
40 4 24893
40 4 16038
40 4 13464
40 4 11827
40 4 9466
40 4 7391
40 4 6729
40 4 6198
40 4 5706
40 4 16080
40 4 18810
40 4 6187
40 4 4991
40 4 5562
40 4 6265
40 4 7079
40 4 6937
40 4 6948
40 4 6779
40 4 19231
40 4 24244
40 4 8618
40 4 7856
40 4 6806
40 4 5990
40 4 5807
40 4 5925
40 4 5558
40 4 5477
40 4 23339
40 4 26766
40 4 12613
40 4 12511
40 4 12980
40 4 12978
40 4 12734
40 4 12068
40 4 11436
40 4 9893
40 5 23435
40 5 27907
40 5 13250
40 5 13179
40 5 12306
40 5 11604
40 5 10949
40 5 10230
40 5 9147
40 5 8068
40 5 22304
40 5 23065
40 5 6136
40 5 6395
40 5 6770
40 5 6750
40 5 7017
40 5 7024
40 5 7250
40 5 6281
40 5 23429
40 5 24080
40 5 9562
40 5 6704
40 5 7457
40 5 8095
40 5 7806
40 5 7284
40 5 6922
40 5 6654
40 5 22708
40 5 19070
40 5 13698
40 5 12394
40 5 8018
40 5 6945
40 5 6136
40 5 6137
40 5 6356
40 5 6632
40 6 19442
40 6 19127
40 6 7806
40 6 5551
40 6 5790
40 6 5152
40 6 5839
40 6 5697
40 6 5943
40 6 5442
40 6 21310
40 6 26795
40 6 17420
40 6 17563
40 6 16377
40 6 15603
40 6 13403
40 6 12899
40 6 11964
40 6 10655
40 6 33856
40 6 27710
40 6 10622
40 6 9780
40 6 9048
40 6 8316
40 6 9210
40 6 9184
40 6 9649
40 6 10178
40 6 25989
40 6 25632
40 6 11744
40 6 11888
40 6 11736
40 6 11218
40 6 10962
40 6 10354
40 6 9916
40 6 9473
40 8 32009
40 8 18419
40 8 14988
40 8 13727
40 8 13104
40 8 12278
40 8 11612
40 8 10733
40 8 9997
40 8 9121
40 8 24166
40 8 18300
40 8 14700
40 8 11182
40 8 9348
40 8 7290
40 8 7886
40 8 8354
40 8 7927
40 8 7091
40 8 24556
40 8 26030
40 8 7685
40 8 7130
40 8 6966
40 8 8204
40 8 9124
40 8 9278
40 8 9897
40 8 8735
40 8 19461
40 8 18005
40 8 10600
40 8 9053
40 8 8052
40 8 7941
40 8 8035
40 8 6777
40 8 6990
40 8 6452
50 1 36811
50 1 39766
50 1 26367
50 1 23747
50 1 22233
50 1 21601
50 1 16479
50 1 14855
50 1 13363
50 1 11750
50 1 30147
50 1 33710
50 1 16903
50 1 15406
50 1 13930
50 1 12434
50 1 11116
50 1 10616
50 1 9576
50 1 8315
50 1 30613
50 1 33745
50 1 11932
50 1 10416
50 1 10411
50 1 8126
50 1 7027
50 1 5635
50 1 4980
50 1 3428
50 1 23458
50 1 40103
50 1 23027
50 1 19019
50 1 17434
50 1 15894
50 1 15385
50 1 14344
50 1 12658
50 1 11052
