R 1 1 1 001 1417515410326
R 1 1 1 002 1417515411320
R 1 1 1 003 1417515412337
R 1 1 1 004 1417515413598
R 1 1 1 005 1417515414605
---
W 1 1 1 000 1417515407901
W 1 1 1 001 1417515409247
W 1 1 1 002 1417515410268
W 1 1 1 003 1417515411292
W 1 1 1 004 1417515412312
W 1 1 1 005 1417515413335
W 1 1 1 006 1417515414358
W 1 1 1 007 0
W 1 1 1 008 0
W 1 1 1 009 0
***
R 1 1 2 001 1417515476823
R 1 1 2 002 1417515477838
R 1 1 2 003 1417515478856
R 1 1 2 004 1417515479854
R 1 1 2 005 1417515481117
---
W 1 1 2 000 1417515474660
W 1 1 2 001 1417515475744
W 1 1 2 002 1417515476767
W 1 1 2 003 1417515477786
W 1 1 2 004 1417515478808
W 1 1 2 005 1417515479827
W 1 1 2 006 1417515480844
W 1 1 2 007 0
W 1 1 2 008 0
W 1 1 2 009 0
***
R 1 1 3 001 1417515543117
R 1 1 3 002 1417515544118
R 1 1 3 003 1417515545137
R 1 1 3 004 1417515546395
R 1 1 3 005 1417515547397
---
W 1 1 3 000 1417515540719
W 1 1 3 001 1417515542040
W 1 1 3 002 1417515543062
W 1 1 3 003 1417515544085
W 1 1 3 004 1417515545103
W 1 1 3 005 1417515546126
W 1 1 3 006 1417515547150
W 1 1 3 007 0
W 1 1 3 008 0
W 1 1 3 009 0
***
R 1 2 1 001 1417515608377
R 1 2 1 002 1417515609384
R 1 2 1 003 1417515609384
R 1 2 1 004 1417515610653
R 1 2 1 005 1417515610653
---
W 1 2 1 000 1417515607244
W 1 2 1 001 1417515607829
W 1 2 1 002 1417515608351
W 1 2 1 003 1417515608875
W 1 2 1 004 1417515609396
W 1 2 1 005 1417515609921
W 1 2 1 006 1417515610442
W 1 2 1 007 1417515610964
W 1 2 1 008 0
W 1 2 1 009 0
***
R 1 2 2 001 1417515671836
R 1 2 2 002 1417515672867
R 1 2 2 003 1417515672867
R 1 2 2 004 1417515673866
R 1 2 2 005 1417515673866
---
W 1 2 2 000 1417515670663
W 1 2 2 001 1417515671253
W 1 2 2 002 1417515671775
W 1 2 2 003 1417515672299
W 1 2 2 004 1417515672820
W 1 2 2 005 1417515673343
W 1 2 2 006 1417515673865
W 1 2 2 007 1417515674401
W 1 2 2 008 0
W 1 2 2 009 0
***
R 1 2 3 000 1417515735054
R 1 2 3 001 1417515735054
R 1 2 3 002 1417515736324
R 1 2 3 003 1417515736324
R 1 2 3 004 1417515737326
R 1 2 3 005 1417515737326
---
W 1 2 3 000 1417515733882
W 1 2 3 001 1417515734489
W 1 2 3 002 1417515735029
W 1 2 3 003 1417515735558
W 1 2 3 004 1417515736088
W 1 2 3 005 1417515736617
W 1 2 3 006 1417515737143
W 1 2 3 007 1417515737667
W 1 2 3 008 0
W 1 2 3 009 0
***
R 1 4 1 001 1417515798557
R 1 4 1 002 1417515798557
R 1 4 1 003 1417515798557
R 1 4 1 004 1417515799821
R 1 4 1 005 1417515799821
R 1 4 1 006 1417515799821
R 1 4 1 007 1417515799821
---
W 1 4 1 000 1417515797419
W 1 4 1 001 1417515797750
W 1 4 1 002 1417515798027
W 1 4 1 003 1417515798305
W 1 4 1 004 1417515798576
W 1 4 1 005 1417515798855
W 1 4 1 006 1417515799131
W 1 4 1 007 1417515799406
W 1 4 1 008 1417515799683
W 1 4 1 009 1417515799959
***
R 1 4 2 001 1417515860656
R 1 4 2 002 1417515860656
R 1 4 2 003 1417515860656
R 1 4 2 004 1417515861920
R 1 4 2 005 1417515861920
R 1 4 2 006 1417515861920
R 1 4 2 007 1417515861920
---
W 1 4 2 000 1417515859520
W 1 4 2 001 1417515859866
W 1 4 2 002 1417515860144
W 1 4 2 003 1417515860419
W 1 4 2 004 1417515860696
W 1 4 2 005 1417515860968
W 1 4 2 006 1417515861244
W 1 4 2 007 1417515861518
W 1 4 2 008 1417515861801
W 1 4 2 009 1417515862081
***
R 1 4 3 001 1417515923259
R 1 4 3 002 1417515923259
R 1 4 3 003 1417515923259
R 1 4 3 004 1417515923259
R 1 4 3 005 1417515924521
R 1 4 3 006 1417515924521
R 1 4 3 007 1417515924521
R 1 4 3 008 1417515924521
---
W 1 4 3 000 1417515921569
W 1 4 3 001 1417515922156
W 1 4 3 002 1417515922434
W 1 4 3 003 1417515922711
W 1 4 3 004 1417515922986
W 1 4 3 005 1417515923259
W 1 4 3 006 1417515923538
W 1 4 3 007 1417515923812
W 1 4 3 008 1417515924088
W 1 4 3 009 1417515924359
***
R 1 6 1 000 1417515985298
R 1 6 1 001 1417515985298
R 1 6 1 002 1417515985298
R 1 6 1 003 1417515985298
R 1 6 1 004 1417515985298
R 1 6 1 005 1417515985298
---
W 1 6 1 000 1417515984078
W 1 6 1 001 1417515984323
W 1 6 1 002 1417515984517
W 1 6 1 003 1417515984706
W 1 6 1 004 1417515984889
W 1 6 1 005 1417515985085
W 1 6 1 006 1417515985278
W 1 6 1 007 1417515985469
W 1 6 1 008 1417515985658
W 1 6 1 009 1417515985850
***
R 1 6 2 000 1417516046254
R 1 6 2 001 1417516046254
R 1 6 2 002 1417516046254
R 1 6 2 003 1417516046254
R 1 6 2 004 1417516046254
---
W 1 6 2 000 1417516045107
W 1 6 2 001 1417516045390
W 1 6 2 002 1417516045593
W 1 6 2 003 1417516045787
W 1 6 2 004 1417516045980
W 1 6 2 005 1417516046174
W 1 6 2 006 1417516046374
W 1 6 2 007 1417516046570
W 1 6 2 008 1417516046763
W 1 6 2 009 0
***
R 1 6 3 001 1417516107745
R 1 6 3 002 1417516107745
R 1 6 3 003 1417516107745
R 1 6 3 004 1417516107745
R 1 6 3 005 1417516107745
R 1 6 3 006 1417516107745
---
W 1 6 3 000 1417516106058
W 1 6 3 001 1417516106540
W 1 6 3 002 1417516106731
W 1 6 3 003 1417516106916
W 1 6 3 004 1417516107102
W 1 6 3 005 1417516107291
W 1 6 3 006 1417516107480
W 1 6 3 007 1417516107668
W 1 6 3 008 1417516107860
W 1 6 3 009 1417516108053
***
R 1 8 1 001 1417516146970
R 1 8 1 002 1417516146970
R 1 8 1 003 1417516146970
R 1 8 1 004 1417516146970
R 1 8 1 005 1417516146970
R 1 8 1 006 1417516146970
---
W 1 8 1 000 1417516145787
W 1 8 1 001 1417516145997
W 1 8 1 002 1417516146143
W 1 8 1 003 1417516146288
W 1 8 1 004 1417516146432
W 1 8 1 005 1417516146581
W 1 8 1 006 1417516146728
W 1 8 1 007 1417516146872
W 1 8 1 008 1417516147022
W 1 8 1 009 1417516147175
***
R 1 8 2 001 1417516207983
R 1 8 2 002 1417516207983
R 1 8 2 003 1417516207983
R 1 8 2 004 1417516207983
R 1 8 2 005 1417516207983
R 1 8 2 006 1417516207983
---
W 1 8 2 000 1417516206793
W 1 8 2 001 1417516207014
W 1 8 2 002 1417516207163
W 1 8 2 003 1417516207312
W 1 8 2 004 1417516207455
W 1 8 2 005 1417516207603
W 1 8 2 006 1417516207750
W 1 8 2 007 1417516207898
W 1 8 2 008 1417516208042
W 1 8 2 009 1417516208192
***
R 1 8 3 001 1417516268744
R 1 8 3 002 1417516268744
R 1 8 3 003 1417516268744
R 1 8 3 004 1417516268744
R 1 8 3 005 1417516268744
R 1 8 3 006 1417516268744
---
W 1 8 3 000 1417516267584
W 1 8 3 001 1417516267802
W 1 8 3 002 1417516267952
W 1 8 3 003 1417516268096
W 1 8 3 004 1417516268242
W 1 8 3 005 1417516268388
W 1 8 3 006 1417516268539
W 1 8 3 007 1417516268687
W 1 8 3 008 1417516268833
W 1 8 3 009 1417516268983
***
R 1 10 1 001 1417516329509
R 1 10 1 002 1417516329509
R 1 10 1 003 1417516329509
R 1 10 1 004 1417516329509
R 1 10 1 005 1417516329509
R 1 10 1 006 1417516329509
R 1 10 1 007 1417516329509
R 1 10 1 008 1417516329509
---
W 1 10 1 000 1417516328341
W 1 10 1 001 1417516328527
W 1 10 1 002 1417516328663
W 1 10 1 003 1417516328782
W 1 10 1 004 1417516328899
W 1 10 1 005 1417516329019
W 1 10 1 006 1417516329146
W 1 10 1 007 1417516329265
W 1 10 1 008 1417516329382
W 1 10 1 009 1417516329507
***
R 1 10 2 001 1417516390058
R 1 10 2 002 1417516390058
R 1 10 2 003 1417516390058
R 1 10 2 004 1417516390058
R 1 10 2 005 1417516390058
R 1 10 2 006 1417516390058
R 1 10 2 007 1417516390058
R 1 10 2 008 1417516390058
---
W 1 10 2 000 1417516388883
W 1 10 2 001 1417516389071
W 1 10 2 002 1417516389204
W 1 10 2 003 1417516389321
W 1 10 2 004 1417516389439
W 1 10 2 005 1417516389559
W 1 10 2 006 1417516389680
W 1 10 2 007 1417516389808
W 1 10 2 008 1417516389926
W 1 10 2 009 1417516390053
***
R 1 10 3 000 1417516450816
R 1 10 3 001 1417516450816
R 1 10 3 002 1417516450816
R 1 10 3 003 1417516450816
R 1 10 3 004 1417516450816
R 1 10 3 005 1417516450816
R 1 10 3 006 1417516450816
R 1 10 3 007 1417516450816
---
W 1 10 3 000 1417516449653
W 1 10 3 001 1417516449848
W 1 10 3 002 1417516449995
W 1 10 3 003 1417516450112
W 1 10 3 004 1417516450230
W 1 10 3 005 1417516450350
W 1 10 3 006 1417516450480
W 1 10 3 007 1417516450604
W 1 10 3 008 1417516450729
W 1 10 3 009 1417516450846
***
R 2 1 1 000 1417516513364
R 2 1 1 001 1417516514377
R 2 1 1 002 1417516515376
R 2 1 1 003 1417516516391
R 2 1 1 004 1417516517416
---
W 2 1 1 000 1417516512103
W 2 1 1 001 1417516513168
W 2 1 1 002 1417516514193
W 2 1 1 003 1417516515223
W 2 1 1 004 1417516516244
W 2 1 1 005 1417516517273
W 2 1 1 006 1417516518295
W 2 1 1 007 0
W 2 1 1 008 0
W 2 1 1 009 0
***
R 2 1 2 000 1417516581246
R 2 1 2 001 1417516582251
R 2 1 2 002 1417516583297
R 2 1 2 003 1417516584284
R 2 1 2 004 1417516585290
---
W 2 1 2 000 1417516580056
W 2 1 2 001 1417516581113
W 2 1 2 002 1417516582137
W 2 1 2 003 1417516583167
W 2 1 2 004 1417516584200
W 2 1 2 005 1417516585231
W 2 1 2 006 1417516586265
W 2 1 2 007 0
W 2 1 2 008 0
W 2 1 2 009 0
***
R 2 1 3 000 1417516649119
R 2 1 3 001 1417516650118
R 2 1 3 002 1417516651385
R 2 1 3 003 1417516652398
R 2 1 3 004 1417516653420
---
W 2 1 3 000 1417516647982
W 2 1 3 001 1417516649061
W 2 1 3 002 1417516650105
W 2 1 3 003 1417516651133
W 2 1 3 004 1417516652156
W 2 1 3 005 1417516653185
W 2 1 3 006 1417516654210
W 2 1 3 007 0
W 2 1 3 008 0
W 2 1 3 009 0
***
R 2 2 1 000 1417516716990
R 2 2 1 001 1417516716990
R 2 2 1 002 1417516717992
R 2 2 1 003 1417516717992
R 2 2 1 004 1417516718999
R 2 2 1 005 1417516718999
---
W 2 2 1 000 1417516715805
W 2 2 1 001 1417516716364
W 2 2 1 002 1417516716891
W 2 2 1 003 1417516717415
W 2 2 1 004 1417516717937
W 2 2 1 005 1417516718458
W 2 2 1 006 1417516718982
W 2 2 1 007 1417516719519
W 2 2 1 008 1417516720048
W 2 2 1 009 0
***
R 2 2 2 000 1417516782549
R 2 2 2 001 1417516782549
R 2 2 2 002 1417516783561
R 2 2 2 003 1417516783561
R 2 2 2 004 1417516784564
R 2 2 2 005 1417516784564
---
W 2 2 2 000 1417516781291
W 2 2 2 001 1417516781848
W 2 2 2 002 1417516782375
W 2 2 2 003 1417516782900
W 2 2 2 004 1417516783424
W 2 2 2 005 1417516783953
W 2 2 2 006 1417516784476
W 2 2 2 007 1417516784993
W 2 2 2 008 1417516785524
W 2 2 2 009 0
***
R 2 2 3 000 1417516848387
R 2 2 3 001 1417516848387
R 2 2 3 002 1417516849397
R 2 2 3 003 1417516849397
R 2 2 3 004 1417516850416
R 2 2 3 005 1417516850416
---
W 2 2 3 000 1417516847115
W 2 2 3 001 1417516847675
W 2 2 3 002 1417516848201
W 2 2 3 003 1417516848732
W 2 2 3 004 1417516849258
W 2 2 3 005 1417516849785
W 2 2 3 006 1417516850306
W 2 2 3 007 1417516850832
W 2 2 3 008 1417516851366
W 2 2 3 009 0
***
R 2 4 1 000 1417516913959
R 2 4 1 001 1417516913959
R 2 4 1 002 1417516913959
R 2 4 1 003 1417516913959
R 2 4 1 004 1417516914964
R 2 4 1 005 1417516914964
R 2 4 1 006 1417516914964
R 2 4 1 007 1417516914964
---
W 2 4 1 000 1417516912722
W 2 4 1 001 1417516913026
W 2 4 1 002 1417516913299
W 2 4 1 003 1417516913577
W 2 4 1 004 1417516913858
W 2 4 1 005 1417516914139
W 2 4 1 006 1417516914418
W 2 4 1 007 1417516914691
W 2 4 1 008 1417516914962
W 2 4 1 009 1417516915241
***
R 2 4 2 000 1417516977970
R 2 4 2 001 1417516977970
R 2 4 2 002 1417516977970
R 2 4 2 003 1417516977970
R 2 4 2 004 1417516978975
R 2 4 2 005 1417516978975
R 2 4 2 006 1417516978975
R 2 4 2 007 1417516978975
---
W 2 4 2 000 1417516976762
W 2 4 2 001 1417516977067
W 2 4 2 002 1417516977351
W 2 4 2 003 1417516977621
W 2 4 2 004 1417516977899
W 2 4 2 005 1417516978178
W 2 4 2 006 1417516978454
W 2 4 2 007 1417516978728
W 2 4 2 008 1417516979000
W 2 4 2 009 1417516979280
***
R 2 4 3 000 1417517041984
R 2 4 3 001 1417517041984
R 2 4 3 002 1417517041984
R 2 4 3 003 1417517041984
R 2 4 3 004 1417517043241
R 2 4 3 005 1417517043241
R 2 4 3 006 1417517043241
R 2 4 3 007 1417517043241
---
W 2 4 3 000 1417517040815
W 2 4 3 001 1417517041151
W 2 4 3 002 1417517041441
W 2 4 3 003 1417517041721
W 2 4 3 004 1417517042003
W 2 4 3 005 1417517042292
W 2 4 3 006 1417517042568
W 2 4 3 007 1417517042847
W 2 4 3 008 1417517043122
W 2 4 3 009 1417517043401
***
R 2 6 1 000 1417517106493
R 2 6 1 001 1417517106493
R 2 6 1 002 1417517106493
R 2 6 1 003 1417517106493
R 2 6 1 004 1417517106493
R 2 6 1 005 1417517106493
---
W 2 6 1 000 1417517105332
W 2 6 1 001 1417517105568
W 2 6 1 002 1417517105755
W 2 6 1 003 1417517105947
W 2 6 1 004 1417517106134
W 2 6 1 005 1417517106329
W 2 6 1 006 1417517106517
W 2 6 1 007 1417517106716
W 2 6 1 008 1417517106918
W 2 6 1 009 1417517107110
***
R 2 6 2 000 1417517169702
R 2 6 2 001 1417517169702
R 2 6 2 002 1417517169702
R 2 6 2 003 1417517169702
R 2 6 2 004 1417517169702
R 2 6 2 005 1417517169702
---
W 2 6 2 000 1417517168432
W 2 6 2 001 1417517168651
W 2 6 2 002 1417517168840
W 2 6 2 003 1417517169031
W 2 6 2 004 1417517169222
W 2 6 2 005 1417517169408
W 2 6 2 006 1417517169597
W 2 6 2 007 1417517169783
W 2 6 2 008 1417517169975
W 2 6 2 009 1417517170168
***
R 2 6 3 000 1417517232998
R 2 6 3 001 1417517232998
R 2 6 3 002 1417517232998
R 2 6 3 003 1417517232998
R 2 6 3 004 1417517232998
R 2 6 3 005 1417517232998
---
W 2 6 3 000 1417517231772
W 2 6 3 001 1417517231993
W 2 6 3 002 1417517232183
W 2 6 3 003 1417517232372
W 2 6 3 004 1417517232560
W 2 6 3 005 1417517232752
W 2 6 3 006 1417517232941
W 2 6 3 007 1417517233130
W 2 6 3 008 1417517233323
W 2 6 3 009 1417517233512
***
R 2 8 1 000 1417517296384
R 2 8 1 001 1417517296384
R 2 8 1 002 1417517296384
R 2 8 1 003 1417517296384
R 2 8 1 004 1417517296384
R 2 8 1 005 1417517296384
R 2 8 1 006 1417517296384
---
W 2 8 1 000 1417517295215
W 2 8 1 001 1417517295397
W 2 8 1 002 1417517295545
W 2 8 1 003 1417517295692
W 2 8 1 004 1417517295842
W 2 8 1 005 1417517295991
W 2 8 1 006 1417517296143
W 2 8 1 007 1417517296293
W 2 8 1 008 1417517296448
W 2 8 1 009 1417517296598
***
R 2 8 2 000 1417517359594
R 2 8 2 001 1417517359594
R 2 8 2 002 1417517359594
R 2 8 2 003 1417517359594
R 2 8 2 004 1417517359594
R 2 8 2 005 1417517359594
R 2 8 2 006 1417517359594
---
W 2 8 2 000 1417517358403
W 2 8 2 001 1417517358583
W 2 8 2 002 1417517358736
W 2 8 2 003 1417517358884
W 2 8 2 004 1417517359033
W 2 8 2 005 1417517359183
W 2 8 2 006 1417517359336
W 2 8 2 007 1417517359485
W 2 8 2 008 1417517359637
W 2 8 2 009 1417517359788
***
R 2 8 3 000 1417517422568
R 2 8 3 001 1417517422568
R 2 8 3 002 1417517422568
R 2 8 3 003 1417517422568
R 2 8 3 004 1417517422568
R 2 8 3 005 1417517422568
R 2 8 3 006 1417517422568
---
W 2 8 3 000 1417517421365
W 2 8 3 001 1417517421547
W 2 8 3 002 1417517421698
W 2 8 3 003 1417517421849
W 2 8 3 004 1417517421995
W 2 8 3 005 1417517422144
W 2 8 3 006 1417517422292
W 2 8 3 007 1417517422442
W 2 8 3 008 1417517422593
W 2 8 3 009 1417517422745
***
R 2 10 1 000 1417517485535
R 2 10 1 001 1417517485535
R 2 10 1 002 1417517485535
R 2 10 1 003 1417517485535
R 2 10 1 004 1417517485535
R 2 10 1 005 1417517485535
R 2 10 1 006 1417517485535
R 2 10 1 007 1417517485535
---
W 2 10 1 000 1417517484321
W 2 10 1 001 1417517484492
W 2 10 1 002 1417517484633
W 2 10 1 003 1417517484768
W 2 10 1 004 1417517484888
W 2 10 1 005 1417517485023
W 2 10 1 006 1417517485150
W 2 10 1 007 1417517485267
W 2 10 1 008 1417517485392
W 2 10 1 009 1417517485518
***
R 2 10 2 000 1417517548518
R 2 10 2 001 1417517548518
R 2 10 2 002 1417517548518
R 2 10 2 003 1417517548518
R 2 10 2 004 1417517548518
R 2 10 2 005 1417517548518
R 2 10 2 006 1417517548518
R 2 10 2 007 1417517548518
---
W 2 10 2 000 1417517547378
W 2 10 2 001 1417517547546
W 2 10 2 002 1417517547675
W 2 10 2 003 1417517547804
W 2 10 2 004 1417517547926
W 2 10 2 005 1417517548050
W 2 10 2 006 1417517548177
W 2 10 2 007 1417517548298
W 2 10 2 008 1417517548417
W 2 10 2 009 1417517548543
***
R 2 10 3 000 1417517611487
R 2 10 3 001 1417517611487
R 2 10 3 002 1417517611487
R 2 10 3 003 1417517611487
R 2 10 3 004 1417517611487
R 2 10 3 005 1417517611487
R 2 10 3 006 1417517611487
R 2 10 3 007 1417517611487
---
W 2 10 3 000 1417517610266
W 2 10 3 001 1417517610425
W 2 10 3 002 1417517610555
W 2 10 3 003 1417517610678
W 2 10 3 004 1417517610801
W 2 10 3 005 1417517610927
W 2 10 3 006 1417517611054
W 2 10 3 007 1417517611176
W 2 10 3 008 1417517611304
W 2 10 3 009 1417517611434
***
R 5 1 1 000 1417517680791
R 5 1 1 001 1417517682033
R 5 1 1 002 1417517683057
R 5 1 1 003 1417517684062
R 5 1 1 004 1417517685080
---
W 5 1 1 000 1417517679651
W 5 1 1 001 1417517680752
W 5 1 1 002 1417517681793
W 5 1 1 003 1417517682834
W 5 1 1 004 1417517683873
W 5 1 1 005 1417517684898
W 5 1 1 006 1417517685944
W 5 1 1 007 1417517686997
W 5 1 1 008 0
W 5 1 1 009 0
***
R 5 1 2 000 1417517756893
R 5 1 2 001 1417517757933
R 5 1 2 002 1417517758922
R 5 1 2 003 1417517759951
R 5 1 2 004 1417517760962
---
W 5 1 2 000 1417517755582
W 5 1 2 001 1417517756705
W 5 1 2 002 1417517757755
W 5 1 2 003 1417517758787
W 5 1 2 004 1417517759871
W 5 1 2 005 1417517760922
W 5 1 2 006 1417517761948
W 5 1 2 007 1417517762971
W 5 1 2 008 0
W 5 1 2 009 0
***
R 5 1 3 000 1417517832034
R 5 1 3 001 1417517833299
R 5 1 3 002 1417517834293
R 5 1 3 003 1417517835306
R 5 1 3 004 1417517836327
---
W 5 1 3 000 1417517830875
W 5 1 3 001 1417517832014
W 5 1 3 002 1417517833047
W 5 1 3 003 1417517834080
W 5 1 3 004 1417517835116
W 5 1 3 005 1417517836172
W 5 1 3 006 1417517837272
W 5 1 3 007 1417517838289
W 5 1 3 008 0
W 5 1 3 009 0
***
R 5 2 1 000 1417517908157
R 5 2 1 001 1417517908157
R 5 2 1 002 1417517909174
R 5 2 1 003 1417517909174
R 5 2 1 004 1417517910197
R 5 2 1 005 1417517910197
---
W 5 2 1 000 1417517906818
W 5 2 1 001 1417517907447
W 5 2 1 002 1417517907983
W 5 2 1 003 1417517908514
W 5 2 1 004 1417517909036
W 5 2 1 005 1417517909574
W 5 2 1 006 1417517910113
W 5 2 1 007 1417517910660
W 5 2 1 008 1417517911183
W 5 2 1 009 1417517911709
***
R 5 2 2 000 1417517980998
R 5 2 2 001 1417517980998
R 5 2 2 002 1417517981995
R 5 2 2 003 1417517981995
R 5 2 2 004 1417517983016
R 5 2 2 005 1417517983016
---
W 5 2 2 000 1417517979729
W 5 2 2 001 1417517980322
W 5 2 2 002 1417517980851
W 5 2 2 003 1417517981383
W 5 2 2 004 1417517981910
W 5 2 2 005 1417517982464
W 5 2 2 006 1417517982986
W 5 2 2 007 1417517983519
W 5 2 2 008 1417517984045
W 5 2 2 009 1417517984582
***
R 5 2 3 000 1417518053505
R 5 2 3 001 1417518053505
R 5 2 3 002 1417518054545
R 5 2 3 003 1417518054545
R 5 2 3 004 1417518055804
R 5 2 3 005 1417518055804
---
W 5 2 3 000 1417518052353
W 5 2 3 001 1417518052947
W 5 2 3 002 1417518053467
W 5 2 3 003 1417518053998
W 5 2 3 004 1417518054521
W 5 2 3 005 1417518055059
W 5 2 3 006 1417518055578
W 5 2 3 007 1417518056108
W 5 2 3 008 1417518056637
W 5 2 3 009 1417518057175
***
R 5 4 1 000 1417518126551
R 5 4 1 001 1417518126551
R 5 4 1 002 1417518126551
R 5 4 1 003 1417518126551
R 5 4 1 004 1417518127788
R 5 4 1 005 1417518127788
R 5 4 1 006 1417518127788
R 5 4 1 007 1417518127788
---
W 5 4 1 000 1417518125309
W 5 4 1 001 1417518125655
W 5 4 1 002 1417518125937
W 5 4 1 003 1417518126219
W 5 4 1 004 1417518126498
W 5 4 1 005 1417518126803
W 5 4 1 006 1417518127075
W 5 4 1 007 1417518127352
W 5 4 1 008 1417518127631
W 5 4 1 009 1417518127911
***
R 5 4 2 000 1417518198339
R 5 4 2 001 1417518198339
R 5 4 2 002 1417518198339
R 5 4 2 003 1417518198339
R 5 4 2 004 1417518199573
R 5 4 2 005 1417518199573
R 5 4 2 006 1417518199573
R 5 4 2 007 1417518199573
---
W 5 4 2 000 1417518197133
W 5 4 2 001 1417518197513
W 5 4 2 002 1417518197784
W 5 4 2 003 1417518198062
W 5 4 2 004 1417518198338
W 5 4 2 005 1417518198629
W 5 4 2 006 1417518198909
W 5 4 2 007 1417518199189
W 5 4 2 008 1417518199481
W 5 4 2 009 1417518199769
***
R 5 4 3 000 1417518270618
R 5 4 3 001 1417518270618
R 5 4 3 002 1417518270618
R 5 4 3 003 1417518270618
R 5 4 3 004 1417518271626
R 5 4 3 005 1417518271626
R 5 4 3 006 1417518271626
R 5 4 3 007 1417518271626
---
W 5 4 3 000 1417518269265
W 5 4 3 001 1417518269626
W 5 4 3 002 1417518269908
W 5 4 3 003 1417518270189
W 5 4 3 004 1417518270461
W 5 4 3 005 1417518270774
W 5 4 3 006 1417518271055
W 5 4 3 007 1417518271330
W 5 4 3 008 1417518271607
W 5 4 3 009 1417518271886
***
R 5 6 1 000 1417518342388
R 5 6 1 001 1417518342388
R 5 6 1 002 1417518342388
R 5 6 1 003 1417518342388
R 5 6 1 004 1417518342388
---
W 5 6 1 000 1417518341103
W 5 6 1 001 1417518341392
W 5 6 1 002 1417518341582
W 5 6 1 003 1417518341771
W 5 6 1 004 1417518341961
W 5 6 1 005 1417518342150
W 5 6 1 006 1417518342370
W 5 6 1 007 1417518342571
W 5 6 1 008 1417518342765
W 5 6 1 009 1417518342959
***
R 5 6 2 000 1417518413070
R 5 6 2 001 1417518413070
R 5 6 2 002 1417518413070
R 5 6 2 003 1417518413070
R 5 6 2 004 1417518413070
R 5 6 2 005 1417518413070
---
W 5 6 2 000 1417518411840
W 5 6 2 001 1417518412093
W 5 6 2 002 1417518412286
W 5 6 2 003 1417518412479
W 5 6 2 004 1417518412670
W 5 6 2 005 1417518412868
W 5 6 2 006 1417518413059
W 5 6 2 007 1417518413263
W 5 6 2 008 1417518413458
W 5 6 2 009 1417518413649
***
R 5 6 3 000 1417518483777
R 5 6 3 001 1417518483777
R 5 6 3 002 1417518483777
R 5 6 3 003 1417518483777
R 5 6 3 004 1417518483777
R 5 6 3 005 1417518483777
---
W 5 6 3 000 1417518482575
W 5 6 3 001 1417518482834
W 5 6 3 002 1417518483026
W 5 6 3 003 1417518483218
W 5 6 3 004 1417518483413
W 5 6 3 005 1417518483610
W 5 6 3 006 1417518483801
W 5 6 3 007 1417518484001
W 5 6 3 008 1417518484190
W 5 6 3 009 1417518484381
***
R 5 8 1 000 1417518554455
R 5 8 1 001 1417518554455
R 5 8 1 002 1417518554455
R 5 8 1 003 1417518554455
R 5 8 1 004 1417518554455
R 5 8 1 005 1417518554455
R 5 8 1 006 1417518554455
---
W 5 8 1 000 1417518553292
W 5 8 1 001 1417518553527
W 5 8 1 002 1417518553683
W 5 8 1 003 1417518553829
W 5 8 1 004 1417518553979
W 5 8 1 005 1417518554127
W 5 8 1 006 1417518554277
W 5 8 1 007 1417518554427
W 5 8 1 008 1417518554583
W 5 8 1 009 1417518554733
***
R 5 8 2 000 1417518625200
R 5 8 2 001 1417518625200
R 5 8 2 002 1417518625200
R 5 8 2 003 1417518625200
R 5 8 2 004 1417518625200
R 5 8 2 005 1417518625200
R 5 8 2 006 1417518625200
---
W 5 8 2 000 1417518623945
W 5 8 2 001 1417518624190
W 5 8 2 002 1417518624343
W 5 8 2 003 1417518624491
W 5 8 2 004 1417518624645
W 5 8 2 005 1417518624789
W 5 8 2 006 1417518624938
W 5 8 2 007 1417518625087
W 5 8 2 008 1417518625237
W 5 8 2 009 1417518625390
***
R 5 8 3 000 1417518695926
R 5 8 3 001 1417518695926
R 5 8 3 002 1417518695926
R 5 8 3 003 1417518695926
R 5 8 3 004 1417518695926
R 5 8 3 005 1417518695926
R 5 8 3 006 1417518695926
---
W 5 8 3 000 1417518694687
W 5 8 3 001 1417518694899
W 5 8 3 002 1417518695053
W 5 8 3 003 1417518695213
W 5 8 3 004 1417518695363
W 5 8 3 005 1417518695520
W 5 8 3 006 1417518695674
W 5 8 3 007 1417518695827
W 5 8 3 008 1417518695979
W 5 8 3 009 1417518696132
***
R 5 10 1 000 1417518766630
R 5 10 1 001 1417518766630
R 5 10 1 002 1417518766630
R 5 10 1 003 1417518766630
R 5 10 1 004 1417518766630
R 5 10 1 005 1417518766630
R 5 10 1 006 1417518766630
R 5 10 1 007 1417518766630
---
W 5 10 1 000 1417518765370
W 5 10 1 001 1417518765560
W 5 10 1 002 1417518765705
W 5 10 1 003 1417518765844
W 5 10 1 004 1417518765972
W 5 10 1 005 1417518766107
W 5 10 1 006 1417518766242
W 5 10 1 007 1417518766373
W 5 10 1 008 1417518766489
W 5 10 1 009 1417518766625
***
R 5 10 2 000 1417518837367
R 5 10 2 001 1417518837367
R 5 10 2 002 1417518837367
R 5 10 2 003 1417518837367
R 5 10 2 004 1417518837367
R 5 10 2 005 1417518837367
R 5 10 2 006 1417518837367
R 5 10 2 007 1417518837367
---
W 5 10 2 000 1417518836201
W 5 10 2 001 1417518836415
W 5 10 2 002 1417518836569
W 5 10 2 003 1417518836689
W 5 10 2 004 1417518836819
W 5 10 2 005 1417518836939
W 5 10 2 006 1417518837070
W 5 10 2 007 1417518837193
W 5 10 2 008 1417518837315
W 5 10 2 009 1417518837448
***
R 5 10 3 000 1417518908322
R 5 10 3 001 1417518908322
R 5 10 3 002 1417518908322
R 5 10 3 003 1417518908322
R 5 10 3 004 1417518908322
R 5 10 3 005 1417518908322
R 5 10 3 006 1417518908322
R 5 10 3 007 1417518908322
---
W 5 10 3 000 1417518906987
W 5 10 3 001 1417518907181
W 5 10 3 002 1417518907314
W 5 10 3 003 1417518907441
W 5 10 3 004 1417518907581
W 5 10 3 005 1417518907715
W 5 10 3 006 1417518907842
W 5 10 3 007 1417518907963
W 5 10 3 008 1417518908082
W 5 10 3 009 1417518908226
***
R 10 1 1 000 1417518989389
R 10 1 1 001 1417518990666
R 10 1 1 002 1417518991736
R 10 1 1 003 1417518992845
R 10 1 1 004 1417518994204
---
W 10 1 1 000 1417518987958
W 10 1 1 001 1417518989159
W 10 1 1 002 1417518990355
W 10 1 1 003 1417518991503
W 10 1 1 004 1417518992657
W 10 1 1 005 1417518993729
W 10 1 1 006 1417518994870
W 10 1 1 007 1417518995904
W 10 1 1 008 1417518996947
W 10 1 1 009 1417518997970
***
R 10 1 2 000 1417519078195
R 10 1 2 001 1417519079383
R 10 1 2 002 1417519080500
R 10 1 2 003 1417519081832
R 10 1 2 004 1417519082904
---
W 10 1 2 000 1417519076908
W 10 1 2 001 1417519078048
W 10 1 2 002 1417519079095
W 10 1 2 003 1417519080233
W 10 1 2 004 1417519081519
W 10 1 2 005 1417519082669
W 10 1 2 006 1417519083793
W 10 1 2 007 1417519084881
W 10 1 2 008 1417519085917
W 10 1 2 009 1417519086937
***
R 10 1 3 000 1417519166606
R 10 1 3 001 1417519167939
R 10 1 3 002 1417519168955
R 10 1 3 003 1417519170187
R 10 1 3 004 1417519171312
---
W 10 1 3 000 1417519165204
W 10 1 3 001 1417519166474
W 10 1 3 002 1417519167668
W 10 1 3 003 1417519168760
W 10 1 3 004 1417519169833
W 10 1 3 005 1417519170877
W 10 1 3 006 1417519172112
W 10 1 3 007 1417519173153
W 10 1 3 008 1417519174277
W 10 1 3 009 1417519175299
***
R 10 2 1 000 1417519255317
R 10 2 1 001 1417519255317
R 10 2 1 002 1417519256372
R 10 2 1 003 1417519256372
R 10 2 1 004 1417519257693
R 10 2 1 005 1417519257693
---
W 10 2 1 000 1417519253872
W 10 2 1 001 1417519254638
W 10 2 1 002 1417519255187
W 10 2 1 003 1417519255761
W 10 2 1 004 1417519256290
W 10 2 1 005 1417519256918
W 10 2 1 006 1417519257446
W 10 2 1 007 1417519258093
W 10 2 1 008 1417519258620
W 10 2 1 009 1417519259158
***
R 10 2 2 000 1417519341902
R 10 2 2 001 1417519341902
R 10 2 2 002 1417519342871
R 10 2 2 003 1417519342871
R 10 2 2 004 1417519344095
R 10 2 2 005 1417519344095
---
W 10 2 2 000 1417519340432
W 10 2 2 001 1417519341085
W 10 2 2 002 1417519341616
W 10 2 2 003 1417519342249
W 10 2 2 004 1417519342783
W 10 2 2 005 1417519343356
W 10 2 2 006 1417519343882
W 10 2 2 007 1417519344489
W 10 2 2 008 1417519345026
W 10 2 2 009 1417519345568
***
R 10 2 3 000 1417519427830
R 10 2 3 001 1417519427830
R 10 2 3 002 1417519429139
R 10 2 3 003 1417519429139
R 10 2 3 004 1417519430331
R 10 2 3 005 1417519430331
---
W 10 2 3 000 1417519426565
W 10 2 3 001 1417519427296
W 10 2 3 002 1417519427835
W 10 2 3 003 1417519428394
W 10 2 3 004 1417519428928
W 10 2 3 005 1417519429490
W 10 2 3 006 1417519430016
W 10 2 3 007 1417519430632
W 10 2 3 008 1417519431161
W 10 2 3 009 1417519431717
***
R 10 4 1 000 1417519514431
R 10 4 1 001 1417519514431
R 10 4 1 002 1417519514431
R 10 4 1 003 1417519514431
R 10 4 1 004 1417519515640
R 10 4 1 005 1417519515640
R 10 4 1 006 1417519515640
R 10 4 1 007 1417519515640
---
W 10 4 1 000 1417519512971
W 10 4 1 001 1417519513376
W 10 4 1 002 1417519513674
W 10 4 1 003 1417519513954
W 10 4 1 004 1417519514230
W 10 4 1 005 1417519514590
W 10 4 1 006 1417519514872
W 10 4 1 007 1417519515155
W 10 4 1 008 1417519515458
W 10 4 1 009 1417519515770
***
R 10 4 2 000 1417519599919
R 10 4 2 001 1417519599919
R 10 4 2 002 1417519599919
R 10 4 2 003 1417519599919
R 10 4 2 004 1417519601040
R 10 4 2 005 1417519601040
R 10 4 2 006 1417519601040
R 10 4 2 007 1417519601040
---
W 10 4 2 000 1417519598314
W 10 4 2 001 1417519598850
W 10 4 2 002 1417519599134
W 10 4 2 003 1417519599416
W 10 4 2 004 1417519599691
W 10 4 2 005 1417519599999
W 10 4 2 006 1417519600283
W 10 4 2 007 1417519600567
W 10 4 2 008 1417519600925
W 10 4 2 009 1417519601238
***
R 10 4 3 000 1417519684926
R 10 4 3 001 1417519684926
R 10 4 3 002 1417519684926
R 10 4 3 003 1417519684926
R 10 4 3 004 1417519686216
R 10 4 3 005 1417519686216
R 10 4 3 006 1417519686216
R 10 4 3 007 1417519686216
---
W 10 4 3 000 1417519683722
W 10 4 3 001 1417519684105
W 10 4 3 002 1417519684417
W 10 4 3 003 1417519684710
W 10 4 3 004 1417519684994
W 10 4 3 005 1417519685311
W 10 4 3 006 1417519685592
W 10 4 3 007 1417519685879
W 10 4 3 008 1417519686163
W 10 4 3 009 1417519686538
***
R 10 6 1 000 1417519770121
R 10 6 1 001 1417519770121
R 10 6 1 002 1417519770121
R 10 6 1 003 1417519770121
R 10 6 1 004 1417519770121
---
W 10 6 1 000 1417519768746
W 10 6 1 001 1417519769164
W 10 6 1 002 1417519769408
W 10 6 1 003 1417519769622
W 10 6 1 004 1417519769832
W 10 6 1 005 1417519770055
W 10 6 1 006 1417519770268
W 10 6 1 007 1417519770461
W 10 6 1 008 1417519770656
W 10 6 1 009 1417519770856
***
R 10 6 2 000 1417519854123
R 10 6 2 001 1417519854123
R 10 6 2 002 1417519854123
R 10 6 2 003 1417519854123
R 10 6 2 004 1417519854123
---
W 10 6 2 000 1417519852727
W 10 6 2 001 1417519853047
W 10 6 2 002 1417519853237
W 10 6 2 003 1417519853447
W 10 6 2 004 1417519853655
W 10 6 2 005 1417519853853
W 10 6 2 006 1417519854093
W 10 6 2 007 1417519854317
W 10 6 2 008 1417519854548
W 10 6 2 009 1417519854750
***
W 10 6 3 000 1417519936679
W 10 6 3 001 1417519937212
W 10 6 3 002 1417519937421
W 10 6 3 003 1417519937611
W 10 6 3 004 1417519937801
W 10 6 3 005 1417519938028
W 10 6 3 006 1417519938261
W 10 6 3 007 1417519938465
W 10 6 3 008 1417519938663
W 10 6 3 009 1417519938867
***
R 10 6 3 000 1417519938285
R 10 6 3 001 1417519938285
R 10 6 3 002 1417519938285
R 10 6 3 003 1417519938285
R 10 6 3 004 1417519939466
R 10 6 3 005 1417519939466
R 10 6 3 006 1417519939466
R 10 6 3 007 1417519939466
R 10 6 3 008 1417519939466
---
R 10 8 1 000 1417520023769
R 10 8 1 001 1417520023769
R 10 8 1 002 1417520023769
R 10 8 1 003 1417520023769
R 10 8 1 004 1417520023769
R 10 8 1 005 1417520023769
---
W 10 8 1 000 1417520022163
W 10 8 1 001 1417520022598
W 10 8 1 002 1417520022774
W 10 8 1 003 1417520022944
W 10 8 1 004 1417520023112
W 10 8 1 005 1417520023289
W 10 8 1 006 1417520023489
W 10 8 1 007 1417520023645
W 10 8 1 008 1417520023812
W 10 8 1 009 1417520023979
***
R 10 8 2 000 1417520107701
R 10 8 2 001 1417520107701
R 10 8 2 002 1417520107701
R 10 8 2 003 1417520107701
R 10 8 2 004 1417520107701
R 10 8 2 005 1417520107701
---
W 10 8 2 000 1417520106038
W 10 8 2 001 1417520106374
W 10 8 2 002 1417520106534
W 10 8 2 003 1417520106703
W 10 8 2 004 1417520106867
W 10 8 2 005 1417520107038
W 10 8 2 006 1417520107202
W 10 8 2 007 1417520107433
W 10 8 2 008 1417520107600
W 10 8 2 009 1417520107775
***
R 10 8 3 000 1417520191689
R 10 8 3 001 1417520191689
R 10 8 3 002 1417520191689
R 10 8 3 003 1417520191689
R 10 8 3 004 1417520191689
R 10 8 3 005 1417520191689
---
W 10 8 3 000 1417520189998
W 10 8 3 001 1417520190346
W 10 8 3 002 1417520190518
W 10 8 3 003 1417520190686
W 10 8 3 004 1417520190861
W 10 8 3 005 1417520191028
W 10 8 3 006 1417520191243
W 10 8 3 007 1417520191478
W 10 8 3 008 1417520191647
W 10 8 3 009 1417520191818
***
W 10 10 1 000 1417520274673
W 10 10 1 001 1417520274905
W 10 10 1 002 1417520275057
W 10 10 1 003 1417520275188
W 10 10 1 004 1417520275329
W 10 10 1 005 1417520275475
W 10 10 1 006 1417520275615
W 10 10 1 007 1417520275755
W 10 10 1 008 1417520275914
W 10 10 1 009 1417520276097
***
R 10 10 1 000 1417520276426
R 10 10 1 001 1417520276426
R 10 10 1 002 1417520276426
R 10 10 1 003 1417520276426
R 10 10 1 004 1417520276426
R 10 10 1 005 1417520276426
R 10 10 1 006 1417520276426
---
R 10 10 2 000 1417520361554
R 10 10 2 001 1417520361554
R 10 10 2 002 1417520361554
R 10 10 2 003 1417520361554
R 10 10 2 004 1417520361554
R 10 10 2 005 1417520361554
R 10 10 2 006 1417520361554
---
W 10 10 2 000 1417520359782
W 10 10 2 001 1417520360149
W 10 10 2 002 1417520360276
W 10 10 2 003 1417520360420
W 10 10 2 004 1417520360548
W 10 10 2 005 1417520360678
W 10 10 2 006 1417520360818
W 10 10 2 007 1417520360960
W 10 10 2 008 1417520361174
W 10 10 2 009 1417520361443
***
R 10 10 3 000 1417520445965
R 10 10 3 001 1417520445965
R 10 10 3 002 1417520445965
R 10 10 3 003 1417520445965
R 10 10 3 004 1417520445965
R 10 10 3 005 1417520445965
R 10 10 3 006 1417520445965
---
W 10 10 3 000 1417520444273
W 10 10 3 001 1417520444614
W 10 10 3 002 1417520444837
W 10 10 3 003 1417520444988
W 10 10 3 004 1417520445114
W 10 10 3 005 1417520445255
W 10 10 3 006 1417520445395
W 10 10 3 007 1417520445544
W 10 10 3 008 1417520445706
W 10 10 3 009 1417520445864
***
R 20 1 1 000 1417520554839
R 20 1 1 001 1417520556291
R 20 1 1 002 1417520557546
R 20 1 1 003 1417520560010
R 20 1 1 004 1417520561324
---
W 20 1 1 000 1417520552161
W 20 1 1 001 1417520554271
W 20 1 1 002 1417520555791
W 20 1 1 003 1417520557209
W 20 1 1 004 1417520558508
W 20 1 1 005 1417520559709
W 20 1 1 006 1417520561085
W 20 1 1 007 1417520562727
W 20 1 1 008 1417520563774
W 20 1 1 009 1417520565158
***
R 20 1 2 000 1417520677829
R 20 1 2 001 1417520679200
R 20 1 2 002 1417520680768
R 20 1 2 003 1417520682894
R 20 1 2 004 1417520684702
---
W 20 1 2 000 1417520675567
W 20 1 2 001 1417520677140
W 20 1 2 002 1417520678379
W 20 1 2 003 1417520679749
W 20 1 2 004 1417520681287
W 20 1 2 005 1417520682770
W 20 1 2 006 1417520684086
W 20 1 2 007 1417520685421
W 20 1 2 008 1417520686854
W 20 1 2 009 1417520688038
***
R 20 1 3 000 1417520803196
R 20 1 3 001 1417520804413
R 20 1 3 002 1417520805382
R 20 1 3 003 1417520806843
R 20 1 3 004 1417520808968
---
W 20 1 3 000 1417520799817
W 20 1 3 001 1417520801842
W 20 1 3 002 1417520803270
W 20 1 3 003 1417520804326
W 20 1 3 004 1417520805644
W 20 1 3 005 1417520807132
W 20 1 3 006 1417520808377
W 20 1 3 007 1417520809876
W 20 1 3 008 1417520811042
W 20 1 3 009 1417520812176
***
R 20 2 1 000 1417520926326
R 20 2 1 001 1417520926326
R 20 2 1 002 1417520928268
R 20 2 1 003 1417520928268
R 20 2 1 004 1417520929259
R 20 2 1 005 1417520929259
---
W 20 2 1 000 1417520923460
W 20 2 1 001 1417520924668
W 20 2 1 002 1417520925280
W 20 2 1 003 1417520925928
W 20 2 1 004 1417520926673
W 20 2 1 005 1417520927323
W 20 2 1 006 1417520928087
W 20 2 1 007 1417520928760
W 20 2 1 008 1417520929403
W 20 2 1 009 1417520930412
***
R 20 2 2 000 1417521048513
R 20 2 2 001 1417521048513
R 20 2 2 002 1417521050093
R 20 2 2 003 1417521050093
R 20 2 2 004 1417521052520
R 20 2 2 005 1417521052520
---
W 20 2 2 000 1417521045698
W 20 2 2 001 1417521047186
W 20 2 2 002 1417521047760
W 20 2 2 003 1417521048933
W 20 2 2 004 1417521049675
W 20 2 2 005 1417521050399
W 20 2 2 006 1417521050983
W 20 2 2 007 1417521051715
W 20 2 2 008 1417521052514
W 20 2 2 009 1417521053076
***
R 20 2 3 000 1417521170051
R 20 2 3 001 1417521170051
R 20 2 3 002 1417521172701
R 20 2 3 003 1417521172701
R 20 2 3 004 1417521173819
---
W 20 2 3 000 1417521167675
W 20 2 3 001 1417521168998
W 20 2 3 002 1417521169662
W 20 2 3 003 1417521170721
W 20 2 3 004 1417521171444
W 20 2 3 005 1417521172172
W 20 2 3 006 1417521173183
W 20 2 3 007 1417521173870
W 20 2 3 008 1417521174553
W 20 2 3 009 1417521175224
***
R 20 4 1 000 1417521291274
R 20 4 1 001 1417521291274
R 20 4 1 002 1417521291274
R 20 4 1 003 1417521293049
R 20 4 1 004 1417521293049
---
W 20 4 1 000 1417521288981
W 20 4 1 001 1417521289670
W 20 4 1 002 1417521290030
W 20 4 1 003 1417521290460
W 20 4 1 004 1417521291202
W 20 4 1 005 1417521291488
W 20 4 1 006 1417521292356
W 20 4 1 007 1417521292634
W 20 4 1 008 1417521292963
W 20 4 1 009 1417521293825
***
R 20 4 2 000 1417521412112
R 20 4 2 001 1417521412112
R 20 4 2 002 1417521412112
R 20 4 2 003 1417521412616
R 20 4 2 004 1417521412616
R 20 4 2 005 1417521412616
---
W 20 4 2 000 1417521408989
W 20 4 2 001 1417521409890
W 20 4 2 002 1417521410268
W 20 4 2 003 1417521410585
W 20 4 2 004 1417521411135
W 20 4 2 005 1417521411429
W 20 4 2 006 1417521411760
W 20 4 2 007 1417521412163
W 20 4 2 008 1417521412714
W 20 4 2 009 1417521413018
***
R 20 4 3 000 1417521528445
R 20 4 3 001 1417521528445
R 20 4 3 002 1417521528445
R 20 4 3 003 1417521531104
R 20 4 3 004 1417521531104
R 20 4 3 005 1417521531104
---
W 20 4 3 000 1417521526791
W 20 4 3 001 1417521527425
W 20 4 3 002 1417521527882
W 20 4 3 003 1417521528158
W 20 4 3 004 1417521529143
W 20 4 3 005 1417521529425
W 20 4 3 006 1417521529882
W 20 4 3 007 1417521530542
W 20 4 3 008 1417521530891
W 20 4 3 009 1417521531907
***
W 20 6 1 000 1417521646580
W 20 6 1 001 1417521673649
W 20 6 1 002 1417521679304
W 20 6 1 003 1417521684547
W 20 6 1 004 1417521689810
W 20 6 1 005 1417521692796
W 20 6 1 006 1417521697759
W 20 6 1 007 1417521703802
W 20 6 1 008 1417521709004
W 20 6 1 009 1417521712608
***
W 20 6 2 000 1417521886457
W 20 6 2 001 1417521913925
W 20 6 2 002 1417521919820
W 20 6 2 003 1417521926522
W 20 6 2 004 1417521933672
W 20 6 2 005 1417521941227
W 20 6 2 006 1417521946175
W 20 6 2 007 1417521951672
W 20 6 2 008 1417521956125
W 20 6 2 009 1417521963370
***
R 20 6 3 000 1417522142091
R 20 6 3 001 1417522142091
R 20 6 3 002 1417522142091
R 20 6 3 004 1417522142728
R 20 6 3 005 1417522142728
---
W 20 6 3 000 1417522136830
W 20 6 3 001 1417522139333
W 20 6 3 002 1417522139544
W 20 6 3 003 1417522139982
W 20 6 3 004 1417522140632
W 20 6 3 005 1417522140832
W 20 6 3 006 1417522141218
W 20 6 3 007 1417522141823
W 20 6 3 008 1417522142519
W 20 6 3 009 1417522143457
***
W 20 8 1 000 1417522260012
W 20 8 1 001 1417522260768
W 20 8 1 002 1417522261004
W 20 8 1 003 1417522261253
W 20 8 1 004 1417522261511
W 20 8 1 005 1417522262240
W 20 8 1 006 1417522262408
W 20 8 1 007 1417522262564
W 20 8 1 008 1417522262945
W 20 8 1 009 1417522263324
***
R 20 8 1 000 1417522262206
R 20 8 1 001 1417522262206
R 20 8 1 002 1417522262206
R 20 8 1 003 1417522262206
R 20 8 1 004 1417522264238
R 20 8 1 005 1417522264238
R 20 8 1 006 1417522264238
R 20 8 1 007 1417522264238
---
R 20 8 2 000 1417522383888
R 20 8 2 001 1417522383888
R 20 8 2 002 1417522383888
R 20 8 2 003 1417522383888
R 20 8 2 004 1417522383888
---
W 20 8 2 000 1417522381858
W 20 8 2 001 1417522382535
W 20 8 2 002 1417522382698
W 20 8 2 003 1417522382851
W 20 8 2 004 1417522383046
W 20 8 2 005 1417522383653
W 20 8 2 006 1417522384106
W 20 8 2 007 1417522384365
W 20 8 2 008 1417522384674
W 20 8 2 009 1417522385241
***
R 20 8 3 000 1417522502861
R 20 8 3 001 1417522502861
R 20 8 3 002 1417522502861
R 20 8 3 003 1417522502861
R 20 8 3 004 1417522502861
---
W 20 8 3 000 1417522500389
W 20 8 3 001 1417522500910
W 20 8 3 002 1417522501114
W 20 8 3 003 1417522501298
W 20 8 3 004 1417522501490
W 20 8 3 005 1417522501645
W 20 8 3 006 1417522501922
W 20 8 3 007 1417522502330
W 20 8 3 008 1417522502690
W 20 8 3 009 1417522503184
***
W 20 10 1 000 1417522620342
W 20 10 1 001 1417522621015
W 20 10 1 002 1417522621163
W 20 10 1 003 1417522621469
W 20 10 1 004 1417522621767
W 20 10 1 005 1417522622430
W 20 10 1 006 1417522622763
W 20 10 1 007 1417522622907
W 20 10 1 008 1417522623664
W 20 10 1 009 1417522623991
***
R 20 10 1 000 1417522622819
R 20 10 1 001 1417522622819
R 20 10 1 002 1417522622819
R 20 10 1 003 1417522624857
R 20 10 1 004 1417522624857
R 20 10 1 005 1417522624857
R 20 10 1 006 1417522624857
---
R 20 10 2 000 1417522746036
R 20 10 2 001 1417522746036
R 20 10 2 002 1417522746036
R 20 10 2 003 1417522746036
R 20 10 2 004 1417522746036
---
W 20 10 2 000 1417522743389
W 20 10 2 001 1417522744331
W 20 10 2 002 1417522744628
W 20 10 2 003 1417522744864
W 20 10 2 004 1417522745081
W 20 10 2 005 1417522745220
W 20 10 2 006 1417522745855
W 20 10 2 007 1417522746102
W 20 10 2 008 1417522746239
W 20 10 2 009 1417522746650
***
R 20 10 3 000 1417522864453
R 20 10 3 001 1417522864453
R 20 10 3 002 1417522864453
R 20 10 3 003 1417522864453
R 20 10 3 004 1417522864453
---
W 20 10 3 000 1417522862374
W 20 10 3 001 1417522862920
W 20 10 3 002 1417522863052
W 20 10 3 003 1417522863194
W 20 10 3 004 1417522863349
W 20 10 3 005 1417522863552
W 20 10 3 006 1417522863882
W 20 10 3 007 1417522864460
W 20 10 3 008 1417522864683
W 20 10 3 009 1417522865400
***
R 30 1 1 000 1417523037339
R 30 1 1 001 1417523039623
R 30 1 1 002 1417523040748
R 30 1 1 003 1417523044513
R 30 1 1 004 1417523046641
---
W 30 1 1 000 1417523033098
W 30 1 1 001 1417523034853
W 30 1 1 002 1417523035949
W 30 1 1 003 1417523038408
W 30 1 1 004 1417523040203
W 30 1 1 005 1417523042936
W 30 1 1 006 1417523046023
W 30 1 1 007 1417523047692
W 30 1 1 008 1417523049888
W 30 1 1 009 1417523051056
***
R 30 1 2 000 1417523235765
R 30 1 2 001 1417523238635
R 30 1 2 002 1417523239544
R 30 1 2 003 1417523241493
R 30 1 2 004 1417523245190
---
W 30 1 2 000 1417523228458
W 30 1 2 001 1417523232084
W 30 1 2 002 1417523235135
W 30 1 2 003 1417523237067
W 30 1 2 004 1417523238415
W 30 1 2 005 1417523241416
W 30 1 2 006 1417523243334
W 30 1 2 007 1417523245483
W 30 1 2 008 1417523247988
W 30 1 2 009 1417523249035
***
W 30 1 3 000 1417523414960
W 30 1 3 001 1417523418739
W 30 1 3 002 1417523420900
W 30 1 3 003 1417523422922
W 30 1 3 004 1417523424705
W 30 1 3 005 1417523444724
W 30 1 3 006 1417523457468
W 30 1 3 007 1417523470365
W 30 1 3 008 1417523484854
W 30 1 3 009 1417523497164
***
R 30 2 1 000 1417523720554
R 30 2 1 001 1417523720554
R 30 2 1 002 1417523723529
R 30 2 1 003 1417523723529
R 30 2 1 005 1417523731237
R 30 2 1 006 1417523731237
---
W 30 2 1 000 1417523715198
W 30 2 1 001 1417523717783
W 30 2 1 002 1417523718353
W 30 2 1 003 1417523719340
W 30 2 1 004 1417523719971
W 30 2 1 005 1417523724097
W 30 2 1 006 1417523726052
W 30 2 1 007 1417523726841
W 30 2 1 008 1417523730305
W 30 2 1 009 1417523731103
***
R 30 2 2 000 1417523920879
R 30 2 2 001 1417523922016
R 30 2 2 002 1417523922016
R 30 2 2 003 1417523924497
R 30 2 2 004 1417523924497
---
W 30 2 2 000 1417523912880
W 30 2 2 001 1417523915934
W 30 2 2 002 1417523917003
W 30 2 2 003 1417523918428
W 30 2 2 004 1417523920175
W 30 2 2 005 1417523920730
W 30 2 2 006 1417523921944
W 30 2 2 007 1417523922687
W 30 2 2 008 1417523925058
W 30 2 2 009 1417523927206
***
R 30 2 3 000 1417524115380
R 30 2 3 001 1417524115380
R 30 2 3 002 1417524120001
R 30 2 3 003 1417524124511
R 30 2 3 004 1417524124511
R 30 2 3 005 1417524124511
R 30 2 3 006 1417524124511
---
W 30 2 3 000 1417524111550
W 30 2 3 001 1417524113257
W 30 2 3 002 1417524113801
W 30 2 3 003 1417524114727
W 30 2 3 004 1417524117173
W 30 2 3 005 1417524117960
W 30 2 3 006 1417524118710
W 30 2 3 007 1417524120332
W 30 2 3 008 1417524122709
W 30 2 3 009 1417524124106
***
W 30 4 1 000 1417524305900
W 30 4 1 001 1417524307337
W 30 4 1 002 1417524307699
W 30 4 1 003 1417524308054
W 30 4 1 004 1417524309127
W 30 4 1 005 1417524310875
W 30 4 1 006 1417524311177
W 30 4 1 007 1417524311524
W 30 4 1 008 1417524312290
W 30 4 1 009 1417524312775
***
R 30 4 1 000 1417524310187
R 30 4 1 001 1417524310187
R 30 4 1 002 1417524310187
R 30 4 1 003 1417524313075
R 30 4 1 005 1417524315563
R 30 4 1 006 1417524315563
---
W 30 4 2 000 1417524498979
W 30 4 2 001 1417524500598
W 30 4 2 002 1417524500908
W 30 4 2 003 1417524503583
W 30 4 2 004 1417524504124
W 30 4 2 005 1417524505121
W 30 4 2 006 1417524506717
W 30 4 2 007 1417524507100
W 30 4 2 008 1417524507852
W 30 4 2 009 1417524508857
***
R 30 4 2 000 1417524504848
R 30 4 2 001 1417524504848
R 30 4 2 002 1417524509781
R 30 4 2 003 1417524509781
R 30 4 2 004 1417524509781
---
R 30 4 3 000 1417524702754
R 30 4 3 001 1417524702754
R 30 4 3 002 1417524705600
R 30 4 3 003 1417524705600
R 30 4 3 004 1417524706968
R 30 4 3 005 1417524706968
---
W 30 4 3 000 1417524696985
W 30 4 3 001 1417524699126
W 30 4 3 002 1417524699726
W 30 4 3 003 1417524700679
W 30 4 3 004 1417524700966
W 30 4 3 005 1417524701787
W 30 4 3 006 1417524702410
W 30 4 3 007 1417524703527
W 30 4 3 008 1417524707145
W 30 4 3 009 1417524709768
***
R 30 6 1 000 1417524897332
R 30 6 1 001 1417524898927
R 30 6 1 002 1417524900192
R 30 6 1 003 1417524904683
R 30 6 1 004 1417524904683
---
W 30 6 1 000 1417524888077
W 30 6 1 001 1417524891993
W 30 6 1 002 1417524894244
W 30 6 1 003 1417524894986
W 30 6 1 004 1417524898122
W 30 6 1 005 1417524899175
W 30 6 1 006 1417524901974
W 30 6 1 007 1417524905357
W 30 6 1 008 1417524907888
W 30 6 1 009 1417524910371
***
R 30 6 2 000 1417525106113
R 30 6 2 001 1417525106113
R 30 6 2 002 1417525106113
R 30 6 2 003 1417525109263
R 30 6 2 004 1417525109263
---
W 30 6 2 000 1417525099046
W 30 6 2 001 1417525102032
W 30 6 2 002 1417525102337
W 30 6 2 003 1417525102753
W 30 6 2 004 1417525104154
W 30 6 2 005 1417525104849
W 30 6 2 006 1417525106449
W 30 6 2 007 1417525107714
W 30 6 2 008 1417525108210
W 30 6 2 009 1417525108735
***
R 30 6 3 000 1417525302114
R 30 6 3 001 1417525302114
R 30 6 3 002 1417525303362
R 30 6 3 003 1417525303362
R 30 6 3 004 1417525307083
R 30 6 3 005 1417525307083
R 30 6 3 006 1417525307083
---
W 30 6 3 000 1417525291684
W 30 6 3 001 1417525295911
W 30 6 3 002 1417525297195
W 30 6 3 003 1417525297818
W 30 6 3 004 1417525298524
W 30 6 3 005 1417525301011
W 30 6 3 006 1417525302874
W 30 6 3 007 1417525303437
W 30 6 3 008 1417525304289
W 30 6 3 009 1417525306524
***
R 30 8 1 000 1417525494564
R 30 8 1 001 1417525494564
R 30 8 1 002 1417525498082
R 30 8 1 003 1417525499100
R 30 8 1 004 1417525500500
---
W 30 8 1 000 1417525488542
W 30 8 1 001 1417525490838
W 30 8 1 002 1417525491270
W 30 8 1 003 1417525492776
W 30 8 1 004 1417525493888
W 30 8 1 005 1417525496102
W 30 8 1 006 1417525498267
W 30 8 1 007 1417525500859
W 30 8 1 008 1417525501524
W 30 8 1 009 1417525503925
***
R 30 8 2 000 1417525689644
R 30 8 2 001 1417525689644
R 30 8 2 002 1417525689644
R 30 8 2 003 1417525689644
R 30 8 2 004 1417525692587
---
W 30 8 2 000 1417525684267
W 30 8 2 001 1417525686134
W 30 8 2 002 1417525686294
W 30 8 2 003 1417525686484
W 30 8 2 004 1417525687084
W 30 8 2 005 1417525689146
W 30 8 2 006 1417525690660
W 30 8 2 007 1417525691139
W 30 8 2 008 1417525691567
W 30 8 2 009 1417525692514
***
R 30 8 3 000 1417525881532
R 30 8 3 001 1417525881532
R 30 8 3 002 1417525881532
R 30 8 3 003 1417525886536
R 30 8 3 004 1417525887996
R 30 8 3 005 1417525887996
R 30 8 3 006 1417525887996
---
W 30 8 3 000 1417525877867
W 30 8 3 001 1417525878814
W 30 8 3 002 1417525879052
W 30 8 3 003 1417525879220
W 30 8 3 004 1417525881260
W 30 8 3 005 1417525882617
W 30 8 3 006 1417525883117
W 30 8 3 007 1417525883957
W 30 8 3 008 1417525884704
W 30 8 3 009 1417525885516
***
R 30 10 1 000 1417526079744
R 30 10 1 001 1417526079744
R 30 10 1 002 1417526079744
R 30 10 1 003 1417526084736
R 30 10 1 004 1417526084736
---
W 30 10 1 000 1417526074717
W 30 10 1 001 1417526076231
W 30 10 1 002 1417526076662
W 30 10 1 003 1417526076831
W 30 10 1 004 1417526079129
W 30 10 1 005 1417526080579
W 30 10 1 006 1417526080818
W 30 10 1 007 1417526081518
W 30 10 1 008 1417526084052
W 30 10 1 009 1417526086064
***
R 30 10 2 000 1417526277207
R 30 10 2 001 1417526277207
R 30 10 2 002 1417526284426
R 30 10 2 003 1417526285831
R 30 10 2 004 1417526285831
---
W 30 10 2 000 1417526272395
W 30 10 2 001 1417526274263
W 30 10 2 002 1417526274625
W 30 10 2 003 1417526276982
W 30 10 2 004 1417526279114
W 30 10 2 005 1417526280962
W 30 10 2 006 1417526284150
W 30 10 2 007 1417526286995
W 30 10 2 008 1417526291068
W 30 10 2 009 1417526292392
***
W 30 10 3 000 1417526459057
W 30 10 3 001 1417526527119
W 30 10 3 002 1417526589760
W 30 10 3 003 1417526621063
W 30 10 3 004 1417526621469
W 30 10 3 005 1417526621842
W 30 10 3 006 1417526622334
W 30 10 3 007 1417526622583
W 30 10 3 008 1417526622986
W 30 10 3 009 1417526623539
***
