W 20 4 1 000 1417454425064
W 20 4 1 001 1417454425640
W 20 4 1 002 1417454425916
W 20 4 1 003 1417454426200
W 20 4 1 004 1417454426497
W 20 4 1 005 1417454426885
W 20 4 1 006 1417454427271
W 20 4 1 007 1417454427547
W 20 4 1 008 1417454427895
W 20 4 1 009 1417454428418
***
R 20 4 1 000 1417454426761
R 20 4 1 001 1417454426761
R 20 4 1 002 1417454426761
R 20 4 1 003 1417454426761
R 20 4 1 004 1417454428812
R 20 4 1 005 1417454428812
R 20 4 1 006 1417454428812
---
R 20 4 2 000 1417454545253
R 20 4 2 001 1417454545253
R 20 4 2 002 1417454545253
R 20 4 2 003 1417454546729
R 20 4 2 004 1417454546729
R 20 4 2 005 1417454546729
R 20 4 2 006 1417454546729
---
W 20 4 2 000 1417454543199
W 20 4 2 001 1417454543982
W 20 4 2 002 1417454544336
W 20 4 2 003 1417454544668
W 20 4 2 004 1417454545090
W 20 4 2 005 1417454545419
W 20 4 2 006 1417454545728
W 20 4 2 007 1417454546065
W 20 4 2 008 1417454546618
W 20 4 2 009 1417454546890
***
R 20 4 3 000 1417454663546
R 20 4 3 001 1417454663546
R 20 4 3 002 1417454663546
R 20 4 3 003 1417454663546
R 20 4 3 004 1417454665777
R 20 4 3 005 1417454665777
---
W 20 4 3 000 1417454661431
W 20 4 3 001 1417454662109
W 20 4 3 002 1417454662493
W 20 4 3 003 1417454662772
W 20 4 3 004 1417454663064
W 20 4 3 005 1417454663538
W 20 4 3 006 1417454663826
W 20 4 3 007 1417454664603
W 20 4 3 008 1417454665051
W 20 4 3 009 1417454665842
***
R 20 6 1 000 1417454783364
R 20 6 1 001 1417454783364
R 20 6 1 002 1417454783364
R 20 6 1 003 1417454783364
R 20 6 1 004 1417454784874
R 20 6 1 005 1417454784874
R 20 6 1 006 1417454784874
R 20 6 1 007 1417454784874
---
W 20 6 1 000 1417454780614
W 20 6 1 001 1417454781735
W 20 6 1 002 1417454782169
W 20 6 1 003 1417454782368
W 20 6 1 004 1417454782604
W 20 6 1 005 1417454783005
W 20 6 1 006 1417454783452
W 20 6 1 007 1417454783719
W 20 6 1 008 1417454783930
W 20 6 1 009 1417454784758
***
W 20 6 2 000 1417454901685
W 20 6 2 001 1417454902084
W 20 6 2 002 1417454902419
W 20 6 2 003 1417454902649
W 20 6 2 004 1417454902860
W 20 6 2 005 1417454903245
W 20 6 2 006 1417454903814
W 20 6 2 007 1417454904334
W 20 6 2 008 1417454904546
W 20 6 2 009 1417454904959
***
R 20 6 2 000 1417454904095
R 20 6 2 001 1417454904095
R 20 6 2 002 1417454904095
R 20 6 2 003 1417454904095
R 20 6 2 004 1417454905590
R 20 6 2 005 1417454905590
---
W 20 6 3 000 1417455021785
W 20 6 3 001 1417455023153
W 20 6 3 002 1417455023460
W 20 6 3 003 1417455023739
W 20 6 3 004 1417455023926
W 20 6 3 005 1417455024269
W 20 6 3 006 1417455024669
W 20 6 3 007 1417455025023
W 20 6 3 008 1417455025517
W 20 6 3 009 1417455025776
***
R 20 6 3 000 1417455025478
R 20 6 3 001 1417455025478
R 20 6 3 002 1417455025478
R 20 6 3 003 1417455025478
R 20 6 3 004 1417455026557
R 20 6 3 005 1417455026557
R 20 6 3 006 1417455026557
---
R 20 8 1 000 1417455145200
R 20 8 1 001 1417455145200
R 20 8 1 002 1417455145200
R 20 8 1 003 1417455145200
R 20 8 1 004 1417455145200
R 20 8 1 005 1417455145200
---
W 20 8 1 000 1417455142513
W 20 8 1 001 1417455143130
W 20 8 1 002 1417455143301
W 20 8 1 003 1417455143484
W 20 8 1 004 1417455143656
W 20 8 1 005 1417455143837
W 20 8 1 006 1417455144040
W 20 8 1 007 1417455144531
W 20 8 1 008 1417455144886
W 20 8 1 009 1417455145089
***
R 20 8 2 000 1417455265213
R 20 8 2 001 1417455265213
R 20 8 2 002 1417455265213
R 20 8 2 003 1417455265213
R 20 8 2 004 1417455265213
---
W 20 8 2 000 1417455262456
W 20 8 2 001 1417455263099
W 20 8 2 002 1417455263282
W 20 8 2 003 1417455263458
W 20 8 2 004 1417455263707
W 20 8 2 005 1417455263874
W 20 8 2 006 1417455264281
W 20 8 2 007 1417455264587
W 20 8 2 008 1417455264815
W 20 8 2 009 1417455264969
***
R 20 8 3 000 1417455385302
R 20 8 3 001 1417455385302
R 20 8 3 002 1417455385302
R 20 8 3 003 1417455385302
R 20 8 3 004 1417455385302
---
W 20 8 3 000 1417455382063
W 20 8 3 001 1417455383051
W 20 8 3 002 1417455383212
W 20 8 3 003 1417455383510
W 20 8 3 004 1417455383736
W 20 8 3 005 1417455383898
W 20 8 3 006 1417455384360
W 20 8 3 007 1417455384537
W 20 8 3 008 1417455384699
W 20 8 3 009 1417455385085
***
R 20 10 1 000 1417455504566
R 20 10 1 001 1417455504566
R 20 10 1 002 1417455504566
R 20 10 1 003 1417455504566
R 20 10 1 004 1417455504566
---
W 20 10 1 000 1417455502463
W 20 10 1 001 1417455503143
W 20 10 1 002 1417455503465
W 20 10 1 003 1417455503606
W 20 10 1 004 1417455503848
W 20 10 1 005 1417455503988
W 20 10 1 006 1417455504581
W 20 10 1 007 1417455504819
W 20 10 1 008 1417455505110
W 20 10 1 009 1417455505401
***
R 20 10 2 000 1417455623487
R 20 10 2 001 1417455623487
R 20 10 2 002 1417455623487
R 20 10 2 003 1417455623487
R 20 10 2 004 1417455623487
---
W 20 10 2 000 1417455621332
W 20 10 2 001 1417455621964
W 20 10 2 002 1417455622122
W 20 10 2 003 1417455622299
W 20 10 2 004 1417455622703
W 20 10 2 005 1417455622863
W 20 10 2 006 1417455623163
W 20 10 2 007 1417455623452
W 20 10 2 008 1417455623728
W 20 10 2 009 1417455623998
***
R 20 10 3 000 1417455741592
R 20 10 3 001 1417455741592
R 20 10 3 002 1417455741592
R 20 10 3 003 1417455741592
R 20 10 3 004 1417455741592
---
W 20 10 3 000 1417455739431
W 20 10 3 001 1417455740073
W 20 10 3 002 1417455740279
W 20 10 3 003 1417455740484
W 20 10 3 004 1417455740712
W 20 10 3 005 1417455740966
W 20 10 3 006 1417455741636
W 20 10 3 007 1417455741819
W 20 10 3 008 1417455741964
W 20 10 3 009 1417455742126
***
R 30 1 1 000 1417455906782
R 30 1 1 001 1417455910506
R 30 1 1 002 1417455913416
R 30 1 1 003 1417455914330
R 30 1 1 004 1417455916275
---
W 30 1 1 000 1417455901410
W 30 1 1 001 1417455905594
W 30 1 1 002 1417455907351
W 30 1 1 003 1417455908963
W 30 1 1 004 1417455910585
W 30 1 1 005 1417455912193
W 30 1 1 006 1417455913986
W 30 1 1 007 1417455915903
W 30 1 1 008 1417455917631
W 30 1 1 009 1417455919453
***
R 30 1 2 000 1417456097650
R 30 1 2 001 1417456097650
R 30 1 2 002 1417456098773
R 30 1 2 003 1417456101782
R 30 1 2 004 1417456104206
---
W 30 1 2 000 1417456090519
W 30 1 2 001 1417456092695
W 30 1 2 002 1417456094225
W 30 1 2 003 1417456096743
W 30 1 2 004 1417456098236
W 30 1 2 005 1417456100902
W 30 1 2 006 1417456102433
W 30 1 2 007 1417456103845
W 30 1 2 008 1417456104988
W 30 1 2 009 1417456106735
***
R 30 1 3 000 1417456285540
R 30 1 3 001 1417456285540
R 30 1 3 002 1417456287189
R 30 1 3 003 1417456289300
R 30 1 3 004 1417456290776
---
W 30 1 3 000 1417456279107
W 30 1 3 001 1417456281386
W 30 1 3 002 1417456282518
W 30 1 3 003 1417456283599
W 30 1 3 004 1417456285668
W 30 1 3 005 1417456287457
W 30 1 3 006 1417456289152
W 30 1 3 007 1417456290882
W 30 1 3 008 1417456292839
W 30 1 3 009 1417456294664
***
R 30 2 1 000 1417456478117
R 30 2 1 001 1417456478117
R 30 2 1 002 1417456481629
R 30 2 1 003 1417456481629
R 30 2 1 004 1417456484992
R 30 2 1 005 1417456484992
---
W 30 2 1 000 1417456468868
W 30 2 1 001 1417456476310
W 30 2 1 002 1417456476927
W 30 2 1 003 1417456478021
W 30 2 1 004 1417456479313
W 30 2 1 005 1417456480811
W 30 2 1 006 1417456481828
W 30 2 1 007 1417456483178
W 30 2 1 008 1417456484448
W 30 2 1 009 1417456486689
***
R 30 2 2 000 1417456668046
R 30 2 2 001 1417456668046
R 30 2 2 002 1417456670815
R 30 2 2 003 1417456670815
R 30 2 2 004 1417456672597
R 30 2 2 005 1417456672597
---
W 30 2 2 000 1417456663657
W 30 2 2 001 1417456666230
W 30 2 2 002 1417456666828
W 30 2 2 003 1417456667737
W 30 2 2 004 1417456668338
W 30 2 2 005 1417456669353
W 30 2 2 006 1417456670323
W 30 2 2 007 1417456670905
W 30 2 2 008 1417456671876
W 30 2 2 009 1417456673737
***
R 30 2 3 000 1417456854034
R 30 2 3 001 1417456854034
R 30 2 3 002 1417456858742
R 30 2 3 003 1417456858742
R 30 2 3 004 1417456859625
---
W 30 2 3 000 1417456851107
W 30 2 3 001 1417456852694
W 30 2 3 002 1417456853309
W 30 2 3 003 1417456853845
W 30 2 3 004 1417456854868
W 30 2 3 005 1417456855413
W 30 2 3 006 1417456857775
W 30 2 3 007 1417456859329
W 30 2 3 008 1417456860083
W 30 2 3 009 1417456862240
***
R 30 4 1 000 1417457046457
R 30 4 1 001 1417457046457
R 30 4 1 002 1417457046457
R 30 4 1 003 1417457049282
R 30 4 1 004 1417457049282
---
W 30 4 1 000 1417457042147
W 30 4 1 001 1417457043697
W 30 4 1 002 1417457044117
W 30 4 1 003 1417457044529
W 30 4 1 004 1417457045137
W 30 4 1 005 1417457045790
W 30 4 1 006 1417457047344
W 30 4 1 007 1417457047727
W 30 4 1 008 1417457048970
W 30 4 1 009 1417457049726
***
R 30 4 2 000 1417457236970
R 30 4 2 001 1417457237780
R 30 4 2 002 1417457237780
R 30 4 2 003 1417457239728
R 30 4 2 004 1417457239728
---
W 30 4 2 000 1417457231119
W 30 4 2 001 1417457233418
W 30 4 2 002 1417457234939
W 30 4 2 003 1417457235305
W 30 4 2 004 1417457236529
W 30 4 2 005 1417457237500
W 30 4 2 006 1417457239137
W 30 4 2 007 1417457240687
W 30 4 2 008 1417457241125
W 30 4 2 009 1417457242380
***
W 30 4 3 000 1417457416516
W 30 4 3 001 1417457418535
W 30 4 3 002 1417457418862
W 30 4 3 003 1417457419240
W 30 4 3 004 1417457421513
W 30 4 3 005 1417457422237
W 30 4 3 006 1417457422582
W 30 4 3 007 1417457423483
W 30 4 3 008 1417457424689
W 30 4 3 009 1417457425101
***
R 30 4 3 000 1417457422259
R 30 4 3 001 1417457422259
R 30 4 3 002 1417457422259
R 30 4 3 003 1417457425249
R 30 4 3 004 1417457426127
---
R 30 6 1 000 1417457613387
R 30 6 1 001 1417457613387
R 30 6 1 002 1417457615471
R 30 6 1 003 1417457615471
R 30 6 1 004 1417457616601
R 30 6 1 005 1417457616601
---
W 30 6 1 000 1417457606140
W 30 6 1 001 1417457609318
W 30 6 1 002 1417457609576
W 30 6 1 003 1417457610530
W 30 6 1 004 1417457611216
W 30 6 1 005 1417457612196
W 30 6 1 006 1417457612801
W 30 6 1 007 1417457613234
W 30 6 1 008 1417457613938
W 30 6 1 009 1417457615787
***
W 30 6 2 000 1417457799636
W 30 6 2 001 1417457802091
W 30 6 2 002 1417457802328
W 30 6 2 003 1417457803547
W 30 6 2 004 1417457804272
W 30 6 2 005 1417457805059
W 30 6 2 006 1417457806196
W 30 6 2 007 1417457806912
W 30 6 2 008 1417457807841
W 30 6 2 009 1417457808781
***
R 30 6 2 000 1417457806297
R 30 6 2 001 1417457806297
R 30 6 2 002 1417457807785
R 30 6 2 003 1417457807785
R 30 6 2 004 1417457809977
R 30 6 2 005 1417457809977
R 30 6 2 006 1417457809977
---
W 30 6 3 000 1417457995643
W 30 6 3 001 1417457997366
W 30 6 3 002 1417457997601
W 30 6 3 003 1417457998811
W 30 6 3 004 1417457999364
W 30 6 3 005 1417458000135
W 30 6 3 006 1417458001082
W 30 6 3 007 1417458002702
W 30 6 3 008 1417458003581
W 30 6 3 009 1417458004053
***
R 30 6 3 000 1417458000360
R 30 6 3 001 1417458000360
R 30 6 3 002 1417458000360
R 30 6 3 003 1417458004511
R 30 6 3 004 1417458005269
R 30 6 3 005 1417458005269
---
W 30 8 1 000 1417458183482
W 30 8 1 001 1417458186616
W 30 8 1 002 1417458187655
W 30 8 1 003 1417458188117
W 30 8 1 004 1417458188740
W 30 8 1 005 1417458189460
W 30 8 1 006 1417458191342
W 30 8 1 007 1417458191757
W 30 8 1 008 1417458192974
W 30 8 1 009 1417458193141
***
R 30 8 1 000 1417458189568
R 30 8 1 001 1417458192435
R 30 8 1 002 1417458192435
R 30 8 1 004 1417458194600
R 30 8 1 005 1417458195805
R 30 8 1 006 1417458195805
R 30 8 1 007 1417458195805
R 30 8 1 008 1417458195805
---
W 30 8 2 000 1417458378383
W 30 8 2 001 1417458380800
W 30 8 2 002 1417458381272
W 30 8 2 003 1417458382203
W 30 8 2 004 1417458382840
W 30 8 2 005 1417458383820
W 30 8 2 006 1417458384399
W 30 8 2 007 1417458385568
W 30 8 2 008 1417458385991
W 30 8 2 009 1417458387083
***
R 30 8 2 000 1417458383937
R 30 8 2 001 1417458383937
R 30 8 2 002 1417458387159
R 30 8 2 003 1417458387159
R 30 8 2 005 1417458388199
---
W 30 8 3 000 1417458571670
W 30 8 3 001 1417458573565
W 30 8 3 002 1417458573886
W 30 8 3 003 1417458575275
W 30 8 3 004 1417458575651
W 30 8 3 005 1417458578032
W 30 8 3 006 1417458578518
W 30 8 3 007 1417458579803
W 30 8 3 008 1417458580509
W 30 8 3 009 1417458581039
***
R 30 8 3 000 1417458576207
R 30 8 3 001 1417458576207
R 30 8 3 003 1417458579589
R 30 8 3 004 1417458584661
R 30 8 3 005 1417458584661
R 30 8 3 006 1417458584661
---
W 30 10 1 000 1417458771499
W 30 10 1 001 1417458772319
W 30 10 1 002 1417458772455
W 30 10 1 003 1417458772901
W 30 10 1 004 1417458774421
W 30 10 1 005 1417458774561
W 30 10 1 006 1417458775761
W 30 10 1 007 1417458776260
W 30 10 1 008 1417458777905
W 30 10 1 009 1417458778336
***
R 30 10 1 000 1417458774809
R 30 10 1 001 1417458774809
R 30 10 1 002 1417458774809
R 30 10 1 003 1417458780891
R 30 10 1 004 1417458780891
R 30 10 1 005 1417458780891
---
R 30 10 2 000 1417458972545
R 30 10 2 001 1417458972545
R 30 10 2 002 1417458974544
R 30 10 2 003 1417458974544
R 30 10 2 004 1417458974544
---
W 30 10 2 000 1417458962758
W 30 10 2 001 1417458968743
W 30 10 2 002 1417458969505
W 30 10 2 003 1417458970334
W 30 10 2 004 1417458970751
W 30 10 2 005 1417458971095
W 30 10 2 006 1417458972428
W 30 10 2 007 1417458973238
W 30 10 2 008 1417458974689
W 30 10 2 009 1417458975563
***
W 30 10 3 000 1417459152040
W 30 10 3 001 1417459153152
W 30 10 3 002 1417459153466
W 30 10 3 003 1417459153635
W 30 10 3 004 1417459154494
W 30 10 3 005 1417459154736
W 30 10 3 006 1417459155115
W 30 10 3 007 1417459156473
W 30 10 3 008 1417459157842
W 30 10 3 009 1417459158404
***
R 30 10 3 000 1417459156703
R 30 10 3 001 1417459156703
R 30 10 3 002 1417459156703
R 30 10 3 003 1417459156703
R 30 10 3 004 1417459158891
R 30 10 3 005 1417459158891
---
