user speed delay
1 1 260
1 1 96
1 1 183
1 1 34
1 1 83
1 1 354
1 1 124
1 1 103
1 1 188
1 1 106
1 1 383
1 1 75
1 1 101
1 1 82
1 1 208
1 1 372
1 1 120
1 1 85
1 1 84
1 1 94
1 1 189
1 1 44
1 1 118
1 1 109
1 1 64
1 2 341
1 2 171
1 2 47
1 2 110
1 2 60
1 2 162
1 2 158
1 2 103
1 2 140
1 2 61
1 2 399
1 2 58
1 2 36
1 2 127
1 2 171
1 2 326
1 2 104
1 2 30
1 2 107
1 2 42
1 2 295
1 2 145
1 2 108
1 2 38
1 2 141
1 3 225
1 3 72
1 3 56
1 3 84
1 3 84
1 3 243
1 3 110
1 3 194
1 3 179
1 3 53
1 3 241
1 3 159
1 3 211
1 3 53
1 3 200
1 3 364
1 3 69
1 3 40
1 3 226
1 3 183
1 3 338
1 3 83
1 3 149
1 3 111
1 3 95
1 4 228
1 4 75
1 4 88
1 4 125
1 4 176
1 4 150
1 4 49
1 4 164
1 4 43
1 4 44
1 4 296
1 4 111
1 4 173
1 4 75
1 4 80
1 4 337
1 4 118
1 4 61
1 4 103
1 4 53
1 4 280
1 4 108
1 4 40
1 4 158
1 4 84
1 5 212
1 5 65
1 5 64
1 5 132
1 5 90
1 5 298
1 5 100
1 5 73
1 5 195
1 5 45
1 5 313
1 5 43
1 5 69
1 5 110
1 5 89
1 5 245
1 5 66
1 5 90
1 5 109
1 5 159
1 5 262
1 5 82
1 5 43
1 5 44
1 5 33
1 6 340
1 6 90
1 6 34
1 6 81
1 6 28
1 6 217
1 6 75
1 6 45
1 6 27
1 6 34
1 6 358
1 6 124
1 6 84
1 6 29
1 6 69
1 6 230
1 6 164
1 6 103
1 6 95
1 6 65
1 6 239
1 6 38
1 6 80
1 6 86
1 6 71
1 7 302
1 7 68
1 7 62
1 7 151
1 7 71
1 7 146
1 7 78
1 7 191
1 7 185
1 7 59
1 7 239
1 7 104
1 7 89
1 7 104
1 7 122
1 7 348
1 7 122
1 7 72
1 7 153
1 7 81
1 7 381
1 7 168
1 7 32
1 7 89
1 7 105
1 8 397
1 8 198
1 8 48
1 8 63
1 8 85
1 8 229
1 8 213
1 8 61
1 8 43
1 8 88
1 8 178
1 8 94
1 8 94
1 8 38
1 8 77
1 8 279
1 8 79
1 8 119
1 8 36
1 8 121
1 8 400
1 8 188
1 8 38
1 8 55
1 8 63
1 9 195
1 9 150
1 9 41
1 9 36
1 9 130
1 9 245
1 9 46
1 9 121
1 9 137
1 9 22
1 9 254
1 9 74
1 9 30
1 9 156
1 9 149
1 9 182
1 9 90
1 9 144
1 9 86
1 9 124
1 9 237
1 9 51
1 9 38
1 9 145
1 9 98
1 10 253
1 10 84
1 10 35
1 10 38
1 10 136
1 10 365
1 10 202
1 10 78
1 10 60
1 10 107
1 10 151
1 10 64
1 10 128
1 10 194
1 10 76
1 10 133
1 10 92
1 10 134
1 10 194
1 10 73
1 10 293
1 10 125
1 10 137
1 10 101
1 10 99
2 1 304
2 1 33
2 1 31
2 1 116
2 1 96
2 1 28
2 1 87
2 1 39
2 1 114
2 1 130
2 1 201
2 1 58
2 1 74
2 1 127
2 1 116
2 1 131
2 1 92
2 1 85
2 1 115
2 1 56
2 1 330
2 1 101
2 1 111
2 1 79
2 1 81
2 2 344
2 2 147
2 2 49
2 2 66
2 2 216
2 2 186
2 2 29
2 2 142
2 2 44
2 2 143
2 2 67
2 2 73
2 2 40
2 2 172
2 2 100
2 2 104
2 2 55
2 2 115
2 2 77
2 2 43
2 2 62
2 2 52
2 2 193
2 2 174
2 2 115
2 3 40
2 3 109
2 3 93
2 3 108
2 3 55
2 3 240
2 3 206
2 3 61
2 3 89
2 3 82
2 3 33
2 3 41
2 3 201
2 3 138
2 3 117
2 3 106
2 3 124
2 3 157
2 3 160
2 3 147
2 3 275
2 3 44
2 3 55
2 3 60
2 3 193
2 4 219
2 4 50
2 4 120
2 4 78
2 4 77
2 4 101
2 4 195
2 4 135
2 4 182
2 4 91
2 4 57
2 4 112
2 4 116
2 4 63
2 4 74
2 4 49
2 4 118
2 4 109
2 4 181
2 4 32
2 4 102
2 4 136
2 4 30
2 4 30
2 4 27
2 5 66
2 5 40
2 5 84
2 5 58
2 5 39
2 5 47
2 5 63
2 5 84
2 5 83
2 5 53
2 5 104
2 5 39
2 5 83
2 5 124
2 5 54
2 5 310
2 5 36
2 5 71
2 5 98
2 5 186
2 5 178
2 5 94
2 5 29
2 5 64
2 5 151
2 6 111
2 6 57
2 6 45
2 6 47
2 6 31
2 6 26
2 6 202
2 6 191
2 6 145
2 6 158
2 6 172
2 6 40
2 6 100
2 6 29
2 6 61
2 6 49
2 6 48
2 6 62
2 6 165
2 6 42
2 7 32
2 7 38
2 7 53
2 7 47
2 7 81
2 7 65
2 7 170
2 7 45
2 7 63
2 7 188
2 7 169
2 7 84
2 7 92
2 7 114
2 7 63
2 7 174
2 7 132
2 7 184
2 7 70
2 7 102
2 8 309
2 8 93
2 8 59
2 8 46
2 8 44
2 8 244
2 8 33
2 8 73
2 8 92
2 8 145
2 8 87
2 8 145
2 8 114
2 8 145
2 8 54
2 8 41
2 8 37
2 8 120
2 8 134
2 8 57
2 8 156
2 8 159
2 8 57
2 8 163
2 8 204
2 9 215
2 9 105
2 9 56
2 9 167
2 9 27
2 9 256
2 9 56
2 9 77
2 9 113
2 9 179
2 9 44
2 9 30
2 9 233
2 9 84
2 9 99
2 9 113
2 9 159
2 9 128
2 9 28
2 9 111
2 9 157
2 9 184
2 9 119
2 9 119
2 9 138
2 9 158
2 10 160
2 10 170
2 10 47
2 10 59
2 10 65
2 10 256
2 10 80
2 10 156
2 10 35
2 10 214
2 10 87
2 10 111
2 10 93
2 10 155
2 10 35
2 10 94
2 10 34
2 10 91
2 10 95
2 10 152
2 10 29
2 10 161
2 10 51
2 10 67
2 10 40
2 10 74
5 1 181
5 1 124
5 1 49
5 1 96
5 1 77
5 1 120
5 1 160
5 1 67
5 1 131
5 1 220
5 1 102
5 1 134
5 1 47
5 1 39
5 1 62
5 1 92
5 1 51
5 1 137
5 1 98
5 1 220
5 1 142
5 1 128
5 1 114
5 1 91
5 1 107
5 2 367
5 2 185
5 2 129
5 2 38
5 2 195
5 2 217
5 2 110
5 2 182
5 2 207
5 2 194
5 2 263
5 2 174
5 2 140
5 2 92
5 2 78
5 2 63
5 2 146
5 2 131
5 2 85
5 2 38
5 2 133
5 2 106
5 2 85
5 2 119
5 2 51
5 3 100
5 3 165
5 3 55
5 3 87
5 3 114
5 3 161
5 3 168
5 3 75
5 3 82
5 3 55
5 3 259
5 3 137
5 3 194
5 3 129
5 3 156
5 3 128
5 3 179
5 3 67
5 3 35
5 3 45
5 3 128
5 3 53
5 3 123
5 3 67
5 3 95
5 4 409
5 4 66
5 4 143
5 4 198
5 4 56
5 4 75
5 4 129
5 4 310
5 4 136
5 4 127
5 4 274
5 4 136
5 4 94
5 4 140
5 4 84
5 4 393
5 4 103
5 4 88
5 4 108
5 4 96
5 4 338
5 4 176
5 4 60
5 4 35
5 4 187
5 5 60
5 5 134
5 5 109
5 5 48
5 5 89
5 5 282
5 5 115
5 5 76
5 5 184
5 5 87
5 5 90
5 5 31
5 5 163
5 5 57
5 5 60
5 5 91
5 5 144
5 5 178
5 5 121
5 5 67
5 5 268
5 5 82
5 5 203
5 5 142
5 5 29
5 6 82
5 6 71
5 6 32
5 6 73
5 6 122
5 6 85
5 6 131
5 6 58
5 6 147
5 6 106
5 6 150
5 6 145
5 6 74
5 6 46
5 6 188
5 6 78
5 6 77
5 6 111
5 6 68
5 6 30
5 6 257
5 6 165
5 6 52
5 6 107
5 6 181
5 7 137
5 7 81
5 7 163
5 7 86
5 7 120
5 7 135
5 7 107
5 7 172
5 7 99
5 7 306
5 7 139
5 7 180
5 7 58
5 7 68
5 7 37
5 7 195
5 7 95
5 7 179
5 7 101
5 7 100
5 7 61
5 7 103
5 7 73
5 7 131
5 7 98
5 7 63
5 8 53
5 8 66
5 8 127
5 8 90
5 8 94
5 8 172
5 8 62
5 8 93
5 8 68
5 8 98
5 8 97
5 8 135
5 8 140
5 8 90
5 8 142
5 8 37
5 8 49
5 8 63
5 8 229
5 8 75
5 8 136
5 8 161
5 8 123
5 8 81
5 8 104
5 9 210
5 9 48
5 9 40
5 9 60
5 9 105
5 9 124
5 9 159
5 9 132
5 9 105
5 9 126
5 9 69
5 9 98
5 9 167
5 9 211
5 9 69
5 9 223
5 9 166
5 9 130
5 9 95
5 9 96
5 9 210
5 9 37
5 9 149
5 9 207
5 9 54
5 10 49
5 10 66
5 10 209
5 10 77
5 10 174
5 10 162
5 10 90
5 10 99
5 10 100
5 10 115
5 10 75
5 10 105
5 10 105
5 10 117
5 10 85
5 10 68
5 10 115
5 10 121
5 10 62
5 10 71
5 10 193
5 10 99
5 10 87
5 10 91
5 10 158
10 1 166
10 1 55
10 1 439
10 1 60
10 1 110
10 1 209
10 1 178
10 1 213
10 1 163
10 1 122
10 1 166
10 1 180
10 1 45
10 1 101
10 1 79
10 1 435
10 1 176
10 1 74
10 1 70
10 1 194
10 1 278
10 1 73
10 1 168
10 1 52
10 1 157
10 2 204
10 2 217
10 2 160
10 2 192
10 2 317
10 2 175
10 2 257
10 2 277
10 2 201
10 2 144
10 2 512
10 2 113
10 2 131
10 2 101
10 2 134
10 2 166
10 2 202
10 2 153
10 2 79
10 2 160
10 2 275
10 2 116
10 2 227
10 2 235
10 2 126
10 3 184
10 3 201
10 3 71
10 3 42
10 3 128
10 3 123
10 3 65
10 3 240
10 3 189
10 3 160
10 3 233
10 3 69
10 3 202
10 3 127
10 3 67
10 3 103
10 3 108
10 3 128
10 3 199
10 3 117
10 3 562
10 3 57
10 3 127
10 3 171
10 3 187
10 4 420
10 4 76
10 4 110
10 4 71
10 4 216
10 4 128
10 4 443
10 4 155
10 4 105
10 4 71
10 4 186
10 4 66
10 4 167
10 4 71
10 4 242
10 4 101
10 4 211
10 4 107
10 4 101
10 4 101
10 4 162
10 4 170
10 4 215
10 4 125
10 4 67
10 5 684
10 5 163
10 5 376
10 5 132
10 5 219
10 5 115
10 5 121
10 5 77
10 5 171
10 5 132
10 5 440
10 5 168
10 5 120
10 5 196
10 5 69
10 5 338
10 5 98
10 5 127
10 5 107
10 5 145
10 5 490
10 5 189
10 5 223
10 5 157
10 5 113
10 6 237
10 6 114
10 6 56
10 6 226
10 6 83
10 6 255
10 6 159
10 6 157
10 6 63
10 6 128
10 6 506
10 6 102
10 6 64
10 6 95
10 6 102
10 6 147
10 6 116
10 6 63
10 6 182
10 6 146
10 6 167
10 6 255
10 6 227
10 6 135
10 6 115
10 7 168
10 7 181
10 7 106
10 7 219
10 7 219
10 7 152
10 7 92
10 7 125
10 7 222
10 7 138
10 7 204
10 7 175
10 7 116
10 7 197
10 7 110
10 7 595
10 7 118
10 7 93
10 7 180
10 7 66
10 7 94
10 7 84
10 7 174
10 7 118
10 7 119
10 8 571
10 8 190
10 8 57
10 8 62
10 8 126
10 8 150
10 8 216
10 8 148
10 8 85
10 8 120
10 8 289
10 8 95
10 8 117
10 8 159
10 8 222
10 8 109
10 8 118
10 8 153
10 8 85
10 8 143
10 9 80
10 9 61
10 9 110
10 9 96
10 9 80
10 9 168
10 9 104
10 9 147
10 9 71
10 9 218
10 9 126
10 9 90
10 9 79
10 9 79
10 9 74
10 9 353
10 9 295
10 9 91
10 9 187
10 9 103
10 9 601
10 9 188
10 9 210
10 9 103
10 9 136
10 10 98
10 10 262
10 10 130
10 10 135
10 10 116
10 10 795
10 10 149
10 10 248
10 10 87
10 10 107
10 10 373
10 10 119
10 10 224
10 10 239
10 10 214
10 10 492
10 10 180
10 10 193
10 10 106
10 10 140
20 1 947
20 1 269
20 1 220
20 1 374
20 1 460
20 1 1759
20 1 1014
20 1 204
20 1 162
20 1 113
20 1 1152
20 1 242
20 1 247
20 1 180
20 1 89
20 1 1565
20 1 423
20 1 661
20 1 204
20 1 205
20 1 182
20 1 203
20 1 200
20 1 109
20 1 319
20 2 2634
20 2 922
20 2 111
20 2 252
20 2 230
20 2 250
20 2 94
20 2 310
20 2 169
20 2 202
20 2 67
20 2 618
20 2 282
20 2 444
20 2 226
20 2 1174
20 2 516
20 2 178
20 2 131
20 2 454
20 2 270
20 2 288
20 2 315
20 2 60
20 2 234
20 3 196
20 3 231
20 3 246
20 3 233
20 3 291
20 3 2220
20 3 76
20 3 296
20 3 344
20 3 195
20 3 332
20 3 218
20 3 267
20 3 259
20 3 474
20 3 2634
20 3 231
20 3 270
20 3 232
20 3 149
20 3 353
20 3 92
20 3 216
20 3 204
20 3 542
20 4 786
20 4 337
20 4 118
20 4 161
20 4 383
20 4 316
20 4 332
20 4 653
20 4 190
20 4 250
20 4 832
20 4 200
20 4 273
20 4 144
20 4 99
20 4 202
20 4 633
20 4 434
20 4 196
20 4 692
20 4 1427
20 4 430
20 4 211
20 4 129
20 4 157
20 6 1821
20 6 234
20 6 425
20 6 125
20 6 240
20 6 423
20 6 37
20 6 398
20 6 162
20 6 497
20 6 584
20 6 138
20 6 533
20 6 346
20 6 444
20 6 153
20 6 221
20 6 249
20 6 104
20 6 249
20 6 502
20 6 582
20 6 386
20 6 327
20 6 586
20 8 1162
20 8 656
20 8 317
20 8 509
20 8 529
20 8 2125
20 8 129
20 8 323
20 8 139
20 8 456
20 8 426
20 8 183
20 8 248
20 8 394
20 8 216
20 8 2205
20 8 151
20 8 483
20 8 555
20 8 229
20 8 311
20 8 355
20 8 244
20 8 519
20 8 353
20 10 2214
20 10 106
20 10 152
20 10 440
20 10 318
20 10 1657
20 10 494
20 10 315
20 10 1099
20 10 736
20 10 425
20 10 312
20 10 231
20 10 529
20 10 176
20 10 604
20 10 276
20 10 370
20 10 475
20 10 189
20 10 280
20 10 335
20 10 2767
20 10 329
20 10 428
20 10 234
20 10 157
30 1 2607
30 1 138
30 1 356
30 1 145
30 1 178
30 1 16931
30 1 305
30 1 357
30 1 1014
30 1 138
30 1 1449
30 1 876
30 1 1019
30 1 213
30 1 110
30 1 136
30 1 340
30 1 400
30 1 2172
30 1 1132
30 1 99
30 1 7389
30 1 238
30 1 227
30 1 191
30 1 156
30 2 25298
30 2 223
30 2 423
30 2 667
30 2 291
30 2 4390
30 2 145
30 2 433
30 2 177
30 2 92
30 2 11932
30 2 541
30 2 310
30 2 1099
30 2 535
30 2 2431
30 2 232
30 2 807
30 2 113
30 2 307
30 2 32062
30 2 75
30 2 777
30 2 421
30 2 142
30 6 16368
30 6 2329
30 6 1557
30 6 576
30 6 1218
30 6 35966
30 6 574
30 6 882
30 6 564
30 6 292
30 6 28116
30 6 913
30 6 619
30 6 906
30 6 440
30 6 1209
30 6 605
30 6 571
30 6 1134
30 6 375
30 6 32569
30 6 114
30 6 143
30 6 604
30 6 961
30 6 145
30 8 331
30 8 356
30 8 361
30 8 470
30 8 559
30 8 675
30 8 1189
30 8 691
30 8 2828
30 8 1837
30 8 1541
30 8 985
30 8 14164
30 8 139
30 8 137
30 8 215
30 8 221
30 8 877
30 8 1436
30 8 1142
30 8 1461
30 8 495
30 8 30529
30 8 186
30 8 249
30 8 241
30 8 1186
30 8 963
30 10 4544
30 10 357
30 10 1050
30 10 588
30 10 512
30 10 16428
30 10 177
30 10 223
30 10 715
30 10 620
30 10 11328
30 10 679
30 10 270
30 10 184
30 10 579
30 10 7697
30 10 772
30 10 646
30 10 264
30 10 517
30 10 4357
30 10 888
30 10 596
30 10 332
30 10 178
40 1 49929
40 1 187
40 1 351
40 1 624
40 1 1854
